    0 0.000000 -26.475845 0.000000 0.000000 0.000000 0.000000 0.000000
    1 1.090340 -12.972896 0.838477 0.552622 0.000000 3.413285 0.501953
    2 1.312833 -9.003123 0.952734 0.948604 0.000000 3.340450 0.528320
    3 1.545867 -28.020508 0.662695 0.799809 0.000000 3.719097 0.449219
    4 1.562050 -11.645285 0.752344 0.912482 0.000000 4.474500 0.419922
    5 1.256444 -16.864144 0.829687 0.906999 0.000000 3.684806 0.480469
    6 1.312457 -21.090487 0.838477 0.486675 0.000000 3.356049 0.507812
    7 1.737593 -37.297888 0.778711 0.765896 0.000000 3.710067 0.460938
    8 1.802776 -41.409598 0.667969 0.882093 0.000000 4.104885 0.414062
    9 2.036257 -54.999616 0.747070 0.698033 0.000000 3.980686 0.462891
   10 1.906344 -35.729117 0.632812 0.829618 0.000000 5.192437 0.385742
   11 1.500000 -43.335178 0.815625 0.833718 0.000000 3.723386 0.472656
   12 1.470217 -35.186154 0.880664 0.846989 0.000000 3.900732 0.461914
   13 1.717701 -18.254410 0.748828 0.548311 0.000000 4.156015 0.406250
   14 2.436896 -36.268717 0.789258 0.919873 0.000000 4.111833 0.433594
   15 2.636878 -40.841595 0.755859 0.463108 0.000000 4.237803 0.442383
   16 3.052868 -63.717263 0.555469 0.770029 0.000000 5.447490 0.370117
   17 3.190611 -49.993229 0.527344 0.760996 0.000000 7.076051 0.276367
   18 4.031129 -78.344371 0.476367 0.742847 0.000000 6.837369 0.310547
   19 4.336537 -59.016194 0.457031 0.530888 0.000000 8.620675 0.233398
   20 4.219663 -68.364151 0.388477 0.631329 0.000000 7.976185 0.225586
   21 3.431546 -56.841595 0.537891 0.920607 0.000000 6.831638 0.289062
   22 3.288818 -57.460508 0.499219 1.281607 0.000000 6.783952 0.266602
   23 2.599249 -38.417592 0.499219 0.682791 0.000000 6.114882 0.347656
   24 3.030458 -53.052896 0.604687 0.711089 0.000000 5.299305 0.368164
   25 3.155817 -33.527228 0.544922 0.874479 0.000000 5.375014 0.357422
   26 2.885849 -39.527780 0.690820 0.820794 0.000000 5.327920 0.350586
   27 2.875000 -31.494515 0.627539 0.642768 0.000000 4.951043 0.406250
   28 2.343891 -33.856445 0.632812 1.174484 0.000000 5.116036 0.361328
   29 1.828887 -11.442370 0.632812 0.774595 0.000000 4.794767 0.375000
   30 2.233306 -54.145052 0.631055 0.698670 0.000000 4.670425 0.410156
   31 1.846574 -32.338092 0.664453 0.783745 0.000000 4.887937 0.397461
   32 2.503123 -40.619491 0.773437 0.700340 0.000000 4.371415 0.406250
   33 2.276604 -31.639616 0.655664 0.700288 0.000000 4.901914 0.424805
   34 2.144192 -30.858618 0.659180 0.682259 0.000000 5.451640 0.394531
   35 2.131004 -20.308604 0.592383 0.895379 0.000000 4.683690 0.377930
   36 1.853455 -18.031909 0.713672 0.945796 0.000000 4.314083 0.412109
   37 1.717701 -28.924007 0.768164 0.588474 0.000000 4.595016 0.402344
   38 2.500000 -25.048673 0.733008 0.569522 0.000000 4.078605 0.479492
   39 2.233306 -55.131361 0.731250 0.799246 0.000000 4.624104 0.433594
   40 2.651560 -23.714768 0.645117 0.875841 0.000000 5.462788 0.339844
   41 2.264820 -20.035000 0.789258 0.652680 0.000000 4.455436 0.444336
   42 2.012308 -44.578672 0.696094 1.020040 0.000000 4.606802 0.386719
   43 2.000000 -43.421648 0.560742 0.597298 0.000000 4.959230 0.358398
   44 1.907662 -15.116105 0.641602 0.686665 0.000000 4.973224 0.379883
   45 1.788854 -49.572942 0.697852 0.845013 0.000000 4.053907 0.412109
   46 2.252370 -29.962896 0.608203 1.309148 0.000000 4.647703 0.369141
   47 2.009975 -34.213184 0.801562 0.541615 0.000000 4.558191 0.410156
   48 1.838523 -17.664394 0.743555 0.536201 0.000000 4.483887 0.411133
   49 3.146102 -34.204469 0.696094 0.746982 0.000000 4.699461 0.408203
   50 4.669642 -75.607278 0.490430 0.701847 0.000000 7.133026 0.295898
   51 4.527693 -75.399616 0.377930 0.589487 0.000000 8.534027 0.233398
   52 4.859127 -81.294461 0.416602 0.762261 0.000000 9.202519 0.233398
   53 4.384315 -59.890952 0.421875 0.703354 0.000000 9.033271 0.218750
   54 3.701351 -63.949042 0.523828 0.477582 0.000000 6.325831 0.302734
   55 4.346135 -61.864748 0.479883 1.031557 0.000000 7.277074 0.261719
   56 4.500000 -81.619806 0.428906 0.931873 0.000000 6.624570 0.305664
   57 4.219663 -74.945099 0.333984 0.771800 0.000000 8.928618 0.223633
   58 4.196559 -66.890413 0.425391 0.782471 0.000000 9.077040 0.241211
   59 4.549115 -61.341635 0.467578 0.720485 0.000000 7.787386 0.251953
   60 3.127499 -15.685693 0.650391 0.649950 0.000000 5.390235 0.380859
   61 3.431546 -46.786426 0.536133 1.029678 0.000000 5.768385 0.298828
   62 3.455253 -41.285123 0.548438 0.705211 0.000000 6.122506 0.333984
   63 2.144192 -42.555072 0.625781 0.660282 0.000000 5.598777 0.357422
   64 2.222222 -45.941951 0.555469 1.058849 0.000000 4.966099 0.326172
   65 1.447719 -32.858950 0.701367 0.577495 0.000000 4.249236 0.415039
   66 1.767767 -27.459321 0.789258 1.109952 0.000000 3.881743 0.458984
   67 1.561557 -12.055719 0.873633 0.798484 0.000000 3.163849 0.518555
   68 1.664101 -6.145980 0.859570 0.778031 0.000000 3.389518 0.513672
   69 1.257410 -32.066283 0.856055 0.749528 0.000000 3.379140 0.505859
   70 1.320972 -23.242324 0.870117 0.818800 0.000000 3.254252 0.518555
   71 1.697885 -20.173562 0.838477 0.610519 0.000000 2.921533 0.562500
   72 1.314462 -16.257200 0.861328 0.637776 0.000000 2.903870 0.569336
   73 1.123782 -14.391951 0.817383 0.724567 0.000000 3.345097 0.507812
   74 1.151751 -14.256063 0.868359 0.962574 0.000000 3.134963 0.505859
   75 1.475287 -29.297888 0.859570 0.752236 0.000000 2.944668 0.548828
   76 1.520303 -21.140711 0.834961 0.764949 0.000000 3.096622 0.532227
   77 1.520691 -24.389553 0.926367 0.703335 0.000000 3.077045 0.537109
   78 1.601990 -8.144394 0.713672 0.901216 0.000000 3.220045 0.487305
   79 1.355213 -23.634927 0.789258 0.626336 0.000000 3.618973 0.473633
   80 1.563750 -30.153894 0.805078 0.691923 0.000000 3.596010 0.478516
   81 1.398853 -18.591417 0.813867 0.703949 0.000000 3.125666 0.528320
   82 1.670928 -21.732950 0.894727 0.618836 0.000000 3.195261 0.531250
   83 2.146332 -12.590255 0.805078 0.646221 0.000000 3.552291 0.497070
   84 1.295319 -25.272344 0.745312 0.969804 0.000000 3.502545 0.465820
   85 1.548126 -8.825428 0.829687 1.000044 0.000000 3.202576 0.487305
   86 1.337955 -22.901181 0.711914 0.828603 0.000000 3.277559 0.476562
   87 1.427153 -25.128086 0.794531 0.675449 0.000000 3.822302 0.455078
   88 1.456579 -9.819737 0.859570 0.727205 0.000000 3.526106 0.516602
   89 1.261886 -13.041506 1.003711 0.859941 0.000000 3.237659 0.546875
   90 1.737593 -28.847566 0.884180 0.880881 0.000000 3.386876 0.519531
   91 2.000000 -15.916774 0.745312 0.848827 0.000000 4.300379 0.449219
   92 1.863928 -14.429117 0.912305 0.698651 0.000000 3.477614 0.487305
   93 1.910497 -38.470115 0.850781 0.712404 0.000000 3.762369 0.500000
   94 2.000000 -16.858172 0.725977 0.831436 0.000000 3.913614 0.440430
   95 2.122775 -27.906584 0.662695 0.870626 0.000000 4.036290 0.437500
   96 2.169635 -51.676967 0.757617 0.605278 0.000000 4.959766 0.384766
   97 1.605192 -30.618972 0.783984 0.794209 0.000000 4.140056 0.469727
   98 1.699056 -11.606212 0.764648 0.754146 0.000000 3.839859 0.463867
   99 1.435552 -25.186222 0.710156 0.771793 0.000000 3.357131 0.509766
  100 1.414214 -19.931672 0.935156 0.792173 0.000000 3.152177 0.528320
  101 1.488624 -15.393611 0.850781 0.569420 0.000000 3.246615 0.527344
  102 1.337038 -19.053755 1.019531 0.663607 0.000000 2.914094 0.576172
  103 1.432581 -7.140711 0.889453 0.715187 0.000000 2.921705 0.531250
  104 1.362047 -18.909259 0.882422 0.879115 0.000000 2.845933 0.556641
  105 1.492072 -13.454162 0.933398 0.587992 0.000000 3.454627 0.508789
  106 1.636734 -14.940002 0.885937 0.713084 0.000000 3.300498 0.522461
  107 1.603122 -24.253894 0.841992 0.650610 0.000000 3.284207 0.531250
  108 1.273303 -10.665748 0.787500 0.540585 0.000000 3.330790 0.489258
  109 1.308625 -6.991060 0.885937 0.613039 0.000000 2.828081 0.558594
  110 1.456022 -17.736108 0.919336 0.557815 0.000000 3.393403 0.513672
  111 1.514456 -15.131361 0.799805 0.722549 0.000000 3.150723 0.486328
  112 1.325236 -25.193444 0.843750 0.775570 0.000000 2.838679 0.578125
  113 1.118034 0.439918 0.775195 0.815033 0.000000 3.077410 0.541016
  114 1.150447 -26.731517 0.813867 0.919107 0.000000 3.400889 0.504883
  115 1.433071 -10.117174 0.803320 0.756384 0.000000 3.365723 0.495117
  116 1.910497 -17.679639 0.849023 0.617650 0.000000 3.253389 0.514648
  117 1.409460 -11.178113 0.924609 0.644709 0.000000 3.079639 0.558594
  118 1.343457 -15.519306 0.850781 0.612636 0.000000 3.113697 0.542969
  119 1.148442 -6.221007 0.775195 0.678180 0.000000 3.005036 0.535156
  120 1.343457 -22.193229 0.968555 0.654188 0.000000 3.121503 0.556641
  121 1.562050 -37.713698 0.715430 0.865256 0.000000 3.716613 0.467773
  122 1.939450 -39.645285 0.810352 0.832753 0.000000 3.553121 0.466797
  123 1.910497 -28.755172 0.573047 0.764952 0.000000 4.711271 0.384766
  124 1.907662 -21.045873 0.699609 0.763156 0.000000 4.027357 0.444336
  125 1.590571 -22.216729 0.736523 0.784278 0.000000 3.752674 0.456055
  126 1.380257 -38.524007 0.841992 0.809528 0.000000 3.587856 0.479492
  127 1.488624 -23.842783 0.697852 0.773795 0.000000 3.570676 0.441406
  128 2.027588 -50.627653 0.687305 0.719788 0.000000 3.913205 0.470703
  129 1.922009 -39.060168 0.594141 0.568575 0.000000 4.605154 0.418945
  130 1.432581 -35.398339 0.755859 0.879381 0.000000 3.734461 0.467773
  131 1.355213 -22.456721 0.863086 0.774068 0.000000 3.193122 0.541016
  132 1.741490 -14.539714 0.785742 0.689332 0.000000 3.644910 0.482422
  133 1.456022 -26.123676 0.861328 0.696956 0.000000 3.719202 0.483398
  134 1.370008 -23.334227 0.900000 0.740262 0.000000 3.562821 0.491211
  135 1.355669 -19.303062 0.889453 0.818699 0.000000 3.330522 0.518555
  136 1.145087 -19.302112 0.808594 0.498867 0.000000 3.146187 0.507812
  137 1.328174 -14.875730 0.866602 0.764089 0.000000 3.218405 0.498047
  138 1.212678 -12.874035 0.775195 0.835833 0.000000 3.292599 0.494141
  139 1.309953 -7.053712 0.961523 0.830109 0.000000 2.895731 0.543945
  140 1.418983 -14.537296 0.994922 0.634373 0.000000 3.357941 0.541992
  141 1.098751 -34.588793 0.841992 0.644061 0.000000 3.265116 0.531250
  142 1.802776 -33.748784 0.791016 0.815820 0.000000 3.670940 0.497070
  143 2.341442 -18.015451 0.736523 0.587496 0.000000 3.856398 0.435547
  144 2.566913 -29.887228 0.616992 0.935147 0.000000 4.869561 0.390625
  145 2.454525 -40.012896 0.662695 0.648620 0.000000 5.002656 0.394531
  146 2.527969 -22.597673 0.557227 0.754594 0.000000 5.568193 0.373047
  147 2.773501 -31.556613 0.641602 1.168305 0.000000 5.426238 0.372070
  148 2.651650 -45.934839 0.667969 1.146570 0.000000 5.444178 0.357422
  149 1.702939 -51.066715 0.611719 0.846619 0.000000 4.740457 0.383789
  150 1.438858 -26.534227 0.631055 0.764506 0.000000 4.189496 0.416016
  151 1.531716 -21.776804 0.787500 0.837995 0.000000 3.770109 0.457031
  152 2.002498 5.029101 0.836719 0.670811 0.000000 3.869632 0.477539
  153 1.459927 -15.420561 0.847266 0.752668 0.000000 3.633471 0.489258
  154 1.470217 -46.715135 0.776953 0.692450 0.000000 3.965700 0.441406
  155 1.240520 -21.965897 0.667969 0.783168 0.000000 4.126641 0.412109
  156 1.237622 -6.820508 0.884180 0.918739 0.000000 3.345201 0.489258
  157 1.562050 -27.815401 0.766406 0.846325 0.000000 3.480069 0.464844
  158 1.815772 -43.750062 0.624023 0.510999 0.000000 4.217721 0.404297
  159 1.918075 -43.789611 0.659180 0.534305 0.000000 4.528576 0.378906
  160 1.932013 -13.974839 0.627539 0.643430 0.000000 3.994894 0.443359
  161 1.901916 -20.212896 0.845508 0.776038 0.000000 4.029988 0.475586
  162 1.827250 -31.165574 0.710156 0.757067 0.000000 4.008112 0.428711
  163 2.447087 -7.226674 0.618750 1.271186 0.000000 4.365784 0.398438
  164 2.529822 -30.727182 0.724219 0.829435 0.000000 4.153641 0.430664
  165 2.264820 -47.208312 0.588867 1.074285 0.000000 4.733439 0.381836
  166 2.110793 -21.753281 0.683789 0.868841 0.000000 4.956225 0.378906
  167 1.907662 -37.618902 0.609961 0.824251 0.000000 4.975762 0.380859
  168 2.003084 -55.642440 0.676758 0.878081 0.000000 4.462945 0.409180
  169 2.527969 -43.466729 0.676758 0.875207 0.000000 4.419629 0.424805
  170 1.902630 -40.528582 0.616992 0.734814 0.000000 4.516162 0.381836
  171 2.404423 -33.667107 0.634570 0.644645 0.000000 4.276991 0.445312
  172 2.122775 -33.901785 0.782227 0.835672 0.000000 4.212073 0.462891
  173 2.266231 -31.813892 0.675000 0.899329 0.000000 4.504523 0.397461
  174 2.651650 -20.673139 0.722461 0.769738 0.000000 4.262489 0.416016
  175 3.023243 -55.056458 0.627539 0.931367 0.000000 5.464158 0.348633
  176 2.899353 -35.412077 0.590625 0.735163 0.000000 5.697285 0.336914
  177 2.899353 -41.003894 0.576563 0.652338 0.000000 5.538589 0.348633
  178 1.849870 -41.704619 0.699609 0.781782 0.000000 4.305492 0.421875
  179 1.502313 -27.918177 0.685547 0.875765 0.000000 4.069853 0.443359
  180 1.151086 -17.388981 0.785742 0.542215 0.000000 3.207393 0.505859
  181 1.210372 -8.535290 0.776953 0.739962 0.000000 3.285238 0.471680
  182 1.562050 -13.725285 0.831445 0.679789 0.000000 2.627373 0.564453
  183 1.703229 -5.791576 0.849023 0.729791 0.000000 2.916599 0.561523
  184 1.104536 -21.259153 0.826172 0.646004 0.000000 3.193191 0.489258
  185 1.421510 -5.084756 0.935156 0.796924 0.000000 2.967270 0.564453
  186 1.596072 9.608834 0.908789 0.738301 0.000000 2.975404 0.548828
  187 1.438858 -11.989355 0.901758 0.580251 0.000000 3.185418 0.522461
  188 1.320972 -13.791576 0.766406 0.929371 0.000000 3.170945 0.490234
  189 1.255055 -10.977394 0.866602 0.892629 0.000000 3.030533 0.522461
  190 1.835756 -6.716729 0.838477 0.789114 0.000000 3.065710 0.500000
  191 1.264911 -20.187605 0.919336 0.621693 0.000000 3.354245 0.539062
  192 1.253896 -18.282118 0.912305 0.838481 0.000000 3.240082 0.514648
  193 1.808101 -16.033841 0.829687 0.837406 0.000000 3.605547 0.475586
  194 1.137737 -23.940673 0.829687 0.661604 0.000000 3.548846 0.478516
  195 1.062795 -23.687228 0.833203 0.817979 0.000000 3.096957 0.538086
  196 1.135292 4.155107 0.805078 0.896676 0.000000 3.033472 0.521484
  197 1.337038 -3.075730 0.785742 0.583300 0.000000 3.388417 0.491211
  198 1.242730 -24.321307 0.845508 1.038858 0.000000 3.496085 0.479492
  199 1.432581 -17.614174 0.898242 1.011037 0.000000 3.398566 0.512695
  200 1.581139 -27.870739 0.991406 0.680755 0.000000 3.429815 0.525391
  201 1.549722 -42.338747 0.838477 0.796432 0.000000 4.548272 0.460938
  202 1.488624 -11.591860 0.757617 0.843677 0.000000 3.882249 0.457031
  203 1.548126 -36.427412 0.676758 0.646715 0.000000 3.662362 0.445312
  204 1.617914 -20.835118 0.738281 0.639819 0.000000 3.768051 0.461914
  205 1.612452 -36.482461 0.815625 0.708951 0.000000 4.173283 0.439453
  206 1.830972 -16.925285 0.845508 0.631920 0.000000 3.930201 0.463867
  207 1.409329 -19.120701 0.845508 0.729768 0.000000 3.362497 0.499023
  208 1.666667 -25.143986 0.882422 0.682024 0.000000 3.364531 0.510742
  209 1.990833 -1.910062 0.766406 0.669277 0.000000 3.107870 0.507812
  210 1.407029 -12.359835 0.933398 0.594031 0.000000 3.055715 0.545898
  211 1.564609 -14.448334 0.815625 0.936587 0.000000 3.302892 0.473633
  212 1.309012 -4.512272 0.921094 0.927335 0.000000 3.088000 0.550781
  213 1.233784 -23.614417 0.798047 0.819038 0.000000 3.419737 0.465820
  214 1.333333 -24.045338 0.822656 1.099379 0.000000 3.278779 0.486328
  215 1.369932 -12.826417 0.787500 0.677706 0.000000 3.495655 0.460938
  216 1.427153 -45.247042 0.741797 0.906488 0.000000 3.791165 0.455078
  217 1.444991 -12.925285 0.931641 0.747917 0.000000 3.508476 0.508789
  218 1.493576 -13.547557 0.928125 0.691371 0.000000 3.073325 0.543945
  219 1.479645 -27.032563 0.699609 0.806880 0.000000 3.308378 0.486328
  220 1.099054 -27.396997 0.717187 0.765232 0.000000 3.586354 0.461914
  221 1.198012 -26.907750 0.754102 0.611347 0.000000 3.622705 0.497070
  222 1.579688 -6.901503 0.729492 0.696019 0.000000 3.680875 0.468750
  223 1.930198 -5.527228 0.892969 0.799142 0.000000 2.873654 0.574219
  224 1.209995 -26.696578 0.796289 0.753149 0.000000 3.398214 0.475586
  225 1.459927 -38.801310 0.778711 0.874688 0.000000 3.484735 0.461914
  226 1.240347 -32.740169 0.750586 0.667244 0.000000 3.436080 0.503906
  227 1.187332 2.089154 0.891211 0.705432 0.000000 3.003308 0.573242
  228 2.173067 -14.493458 0.748828 0.996930 0.000000 3.827359 0.443359
  229 2.109502 -27.479616 0.653906 0.852639 0.000000 4.189199 0.474609
  230 2.122775 -43.633395 0.748828 0.591586 0.000000 4.655427 0.425781
  231 2.114033 -33.233592 0.650391 1.106114 0.000000 4.431121 0.383789
  232 2.469324 -21.789367 0.566016 0.721750 0.000000 4.791069 0.363281
  233 2.617812 -59.237673 0.683789 0.754876 0.000000 5.095682 0.371094
  234 2.512469 -31.900418 0.611719 0.726479 0.000000 5.364474 0.361328
  235 2.388122 -64.032950 0.585352 0.560284 0.000000 5.640438 0.340820
  236 2.672195 -53.099198 0.620508 0.639944 0.000000 5.198529 0.359375
  237 2.247083 -34.732873 0.697852 0.915452 0.000000 4.989133 0.388672
  238 2.404423 -19.793707 0.659180 0.760775 0.000000 4.525347 0.392578
  239 1.913992 -43.558573 0.736523 0.881846 0.000000 4.552010 0.414062
  240 2.012308 -13.838921 0.769922 0.861222 0.000000 4.312030 0.438477
  241 1.711724 -40.715799 0.595898 0.577779 0.000000 4.449386 0.384766
  242 1.937926 -4.062451 0.782227 0.557895 0.000000 3.711705 0.462891
  243 1.885896 -37.210931 0.671484 0.867633 0.000000 3.766061 0.418945
  244 1.351882 -35.707893 0.711914 0.702748 0.000000 3.917648 0.431641
  245 1.161063 -38.414057 0.808594 0.852035 0.000000 3.421750 0.477539
  246 1.380257 -34.454162 0.782227 0.702412 0.000000 3.354749 0.491211
  247 1.475287 -30.454162 0.768164 0.864098 0.000000 3.616391 0.470703
  248 1.355213 -23.667461 0.859570 0.535090 0.000000 3.304841 0.516602
  249 1.492072 -22.306895 0.799805 0.797849 0.000000 3.392982 0.501953
  250 2.124193 -41.632663 0.759375 0.680497 0.000000 4.078191 0.425781
  251 2.052438 -20.482461 0.643359 0.732555 0.000000 4.257160 0.457031
  252 1.893816 -23.817008 0.671484 0.825456 0.000000 3.578344 0.481445
  253 1.400397 -8.581359 0.676758 0.977203 0.000000 3.600487 0.445312
  254 1.368211 -43.120794 0.671484 0.654488 0.000000 3.949282 0.449219
  255 1.159897 -29.376532 0.694336 1.024804 0.000000 3.654643 0.450195
  256 1.166667 -33.499616 0.905273 0.664447 0.000000 3.214265 0.506836
  257 1.295408 -17.304378 0.894727 0.623017 0.000000 3.275970 0.498047
  258 1.649421 -6.858369 0.884180 0.612579 0.000000 3.184155 0.528320
  259 2.169305 -13.093959 0.914062 0.720473 0.000000 2.943026 0.553711
  260 1.734604 -11.595784 0.845508 0.758413 0.000000 3.053466 0.522461
  261 2.124591 -14.901503 0.875391 0.892645 0.000000 2.878546 0.535156
  262 1.534225 -2.986609 0.878906 0.854068 0.000000 2.947478 0.511719
  263 1.252720 -19.993540 0.773437 0.779697 0.000000 3.236828 0.487305
  264 1.280720 -22.634544 0.775195 0.610517 0.000000 3.320674 0.502930
  265 1.894264 -7.305274 0.915820 0.724963 0.000000 2.976518 0.555664
  266 1.797245 0.480694 0.940430 0.671987 0.000000 3.044111 0.567383
  267 1.240520 -10.059945 0.901758 0.693753 0.000000 3.019235 0.530273
  268 1.123782 -19.705072 0.810352 0.721710 0.000000 2.929872 0.541016
  269 1.149464 -15.716729 0.908789 0.847049 0.000000 3.114664 0.513672
  270 1.278275 -8.527276 0.820898 0.846442 0.000000 3.212689 0.503906
  271 1.498717 -27.060168 0.741797 0.863352 0.000000 3.738395 0.443359
  272 1.757886 -3.552005 0.910547 0.729044 0.000000 3.463159 0.512695
  273 2.264820 -42.796229 0.813867 0.821029 0.000000 4.065587 0.472656
  274 2.137265 -42.403546 0.608203 0.940078 0.000000 4.688681 0.364258
  275 2.035791 -29.293233 0.664453 0.835347 0.000000 4.452806 0.406250
  276 2.102380 -7.554162 0.724219 0.892832 0.000000 3.893631 0.447266
  277 1.706984 -35.941951 0.689062 0.824918 0.000000 4.175165 0.419922
  278 1.831876 -29.920175 0.806836 0.495746 0.000000 4.113128 0.437500
  279 1.433587 -25.293988 0.655664 0.985577 0.000000 4.331723 0.412109
  280 1.334474 -20.007886 0.768164 0.699398 0.000000 3.505747 0.487305
  281 1.500000 -7.952821 0.768164 0.761957 0.000000 3.556713 0.464844
  282 1.729494 -19.421648 0.878906 0.696420 0.000000 3.186137 0.532227
  283 1.093216 -19.062451 0.769922 0.676775 0.000000 2.887840 0.547852
  284 1.536902 -29.426087 0.743555 0.528759 0.000000 3.349454 0.500000
  285 1.278985 -23.662451 0.694336 0.840654 0.000000 3.476187 0.455078
  286 1.162476 -23.531880 0.745312 0.624809 0.000000 3.512596 0.493164
  287 1.233171 -13.293233 0.889453 0.608946 0.000000 2.945860 0.558594
  288 1.416931 -15.880632 0.945703 0.740839 0.000000 3.091409 0.534180
  289 1.726746 -16.705410 0.801562 0.877054 0.000000 3.537581 0.464844
  290 1.476891 -20.472456 0.715430 0.556186 0.000000 3.224556 0.498047
  291 1.277204 -25.525198 0.678516 0.776209 0.000000 3.313881 0.500977
  292 1.250000 -19.336541 0.801562 0.528719 0.000000 3.256208 0.509766
  293 1.612452 -17.789723 0.734766 0.514247 0.000000 3.175840 0.491211
  294 1.816306 -36.083424 0.870117 0.915133 0.000000 3.467365 0.514648
  295 1.156294 -32.361483 0.852539 0.973013 0.000000 3.792049 0.469727
  296 1.348921 -22.254410 0.764648 0.604174 0.000000 3.130243 0.530273
  297 1.209995 -10.804340 0.924609 0.737031 0.000000 3.085757 0.522461
  298 1.138129 -11.784821 0.852539 0.765721 0.000000 2.902707 0.584961
  299 1.337038 -20.129849 0.857812 0.807286 0.000000 3.130189 0.527344
  300 1.280720 -15.846411 0.863086 1.005491 0.000000 3.132890 0.518555
  301 1.308625 -35.846616 0.748828 0.857131 0.000000 3.295728 0.506836
  302 1.439851 -24.055719 0.894727 0.767880 0.000000 3.532424 0.498047
  303 1.406930 -23.566143 0.757617 0.695208 0.000000 3.391432 0.484375
  304 1.355669 -23.705410 0.798047 0.847682 0.000000 3.666662 0.444336
  305 1.815772 -14.435118 0.877148 0.564206 0.000000 3.351166 0.544922
  306 1.811077 -18.852387 0.961523 0.655048 0.000000 3.650989 0.516602
  307 1.802776 -36.191506 0.743555 0.732890 0.000000 3.882944 0.472656
  308 2.124193 -27.753894 0.755859 0.709374 0.000000 4.084232 0.456055
  309 1.849870 -28.280840 0.724219 0.634596 0.000000 4.080508 0.428711
  310 1.824829 -37.606004 0.806836 0.844915 0.000000 4.008261 0.436523
  311 2.122775 -39.407243 0.771680 0.797037 0.000000 4.054184 0.423828
  312 1.712511 -43.856063 0.669727 0.796809 0.000000 4.258090 0.424805
  313 1.860521 -37.302112 0.713672 0.788696 0.000000 4.161734 0.445312
  314 1.248529 -21.166676 0.796289 0.688058 0.000000 3.981078 0.470703
  315 1.831876 -40.441468 0.682031 0.705933 0.000000 4.213152 0.446289
  316 1.612452 -15.842783 0.803320 0.892752 0.000000 3.976179 0.466797
  317 1.104536 -16.731672 0.892969 0.551635 0.000000 3.346387 0.496094
  318 1.738526 -8.657727 0.840234 0.734409 0.000000 3.282176 0.512695
  319 1.438482 -31.502055 0.877148 0.585324 0.000000 2.938211 0.568359
  320 1.523859 -20.983128 0.827930 0.759824 0.000000 3.178269 0.485352
  321 2.000000 -21.660929 0.850781 0.788215 0.000000 3.191704 0.496094
  322 1.209995 -15.342397 0.849023 0.713089 0.000000 3.133508 0.514648
  323 1.328281 -8.379563 0.687305 0.867650 0.000000 3.317068 0.471680
  324 1.290339 -7.721274 0.789258 0.764359 0.000000 3.481938 0.466797
  325 1.475287 -15.922780 1.000195 1.013690 0.000000 3.181656 0.541016
  326 1.309001 -18.887673 1.003711 0.723634 0.000000 3.408264 0.498047
  327 1.433587 -18.568833 0.783984 0.988272 0.000000 3.490027 0.486328
  328 1.295319 -43.825154 0.724219 0.748529 0.000000 3.523611 0.466797
  329 1.278985 -13.041506 0.696094 0.505614 0.000000 3.968716 0.459961
  330 1.562050 -26.907239 0.822656 0.771247 0.000000 3.612411 0.471680
  331 1.649242 -27.034399 0.849023 0.693136 0.000000 3.744626 0.479492
  332 2.569619 -14.539714 0.961523 0.586798 0.000000 3.594526 0.489258
  333 2.003084 -47.441506 0.738281 0.561511 0.000000 4.563139 0.416992
  334 1.840894 -25.574839 0.734766 0.771375 0.000000 4.282656 0.406250
  335 1.234909 -20.433783 0.843750 0.761924 0.000000 3.820801 0.501953
  336 1.128349 -12.636396 0.933398 0.713549 0.000000 3.040126 0.533203
  337 1.475287 -35.502481 0.857812 0.674982 0.000000 3.252265 0.514648
  338 1.279681 -35.317463 0.745312 0.708733 0.000000 3.442632 0.485352
  339 1.549722 -28.262451 0.646875 0.819805 0.000000 3.744756 0.463867
  340 1.435552 -30.194714 0.833203 0.988623 0.000000 3.874072 0.501953
  341 1.218227 -19.949214 0.885937 0.716624 0.000000 3.160449 0.542969
  342 2.003084 -16.271146 0.847266 0.474339 0.000000 3.029217 0.525391
  343 1.145087 -14.371007 1.023047 0.761530 0.000000 3.090027 0.562500
  344 1.444991 -16.142676 0.947461 0.842690 0.000000 3.114877 0.540039
  345 1.334474 -26.978137 0.857812 0.871684 0.000000 3.419071 0.469727
  346 1.237656 -15.428978 0.827930 0.556060 0.000000 3.303918 0.517578
  347 1.163014 -28.455517 0.905273 0.876251 0.000000 3.254707 0.510742
  348 1.380670 -7.697001 0.785742 0.710164 0.000000 3.348274 0.484375
  349 1.500000 -28.619829 0.854297 0.698874 0.000000 3.775808 0.492188
  350 1.276484 -5.170561 0.824414 0.843673 0.000000 3.516723 0.491211
  351 1.260572 -22.266283 0.938672 0.613544 0.000000 3.000804 0.571289
  352 1.279681 -24.914374 0.852539 0.888637 0.000000 3.138583 0.525391
  353 1.334474 -27.325285 0.917578 0.852046 0.000000 3.369525 0.513672
  354 1.432581 -20.261796 0.854297 0.837769 0.000000 3.582890 0.507812
  355 1.584929 -43.986511 0.750586 0.616309 0.000000 4.304008 0.446289
  356 1.760942 -34.213758 0.776953 0.792275 0.000000 4.336459 0.435547
  357 1.592081 -19.224106 0.745312 0.688580 0.000000 4.005483 0.446289
  358 1.636364 -29.193444 0.748828 0.811995 0.000000 4.325691 0.410156
  359 1.849870 -35.094241 0.755859 0.520423 0.000000 4.553956 0.444336
  360 2.378287 -35.638951 0.611719 0.813020 0.000000 4.698878 0.381836
  361 2.752839 -31.300062 0.725977 0.753688 0.000000 4.215873 0.423828
  362 3.440456 -43.687228 0.595898 0.944446 0.000000 5.385925 0.344727
  363 2.885849 -43.214055 0.553711 0.635495 0.000000 6.017556 0.334961
  364 3.194383 -34.436378 0.629297 0.428970 0.000000 6.127968 0.353516
  365 3.335034 -64.442370 0.464063 0.936205 0.000000 6.507704 0.257812
  366 3.134984 -52.998458 0.420117 0.848919 0.000000 7.034868 0.286133
  367 3.171215 -49.516421 0.529102 0.967152 0.000000 6.442432 0.318359
  368 2.000000 -30.026658 0.639844 0.965374 0.000000 5.321426 0.368164
  369 1.910497 -22.064635 0.710156 0.612399 0.000000 4.094118 0.421875
  370 1.535613 -14.701666 0.884180 0.664098 0.000000 4.059977 0.475586
  371 2.000000 -35.069046 0.747070 0.843743 0.000000 4.060064 0.416016
  372 1.535613 -28.462896 0.703125 0.646982 0.000000 4.985863 0.388672
  373 1.736663 -15.325730 0.761133 0.855285 0.000000 3.575397 0.481445
  374 1.276484 -10.452190 0.791016 0.995507 0.000000 3.410456 0.476562
  375 1.255055 -23.999616 0.861328 0.671721 0.000000 3.025027 0.535156
  376 1.242730 -21.685793 0.889453 0.750440 0.000000 2.886313 0.567383
  377 1.041367 -28.864055 0.806836 0.688694 0.000000 3.154693 0.480469
  378 1.242730 -15.317899 0.863086 0.785538 0.000000 3.179268 0.526367
  379 1.339068 -10.819284 0.833203 0.533040 0.000000 2.927271 0.550781
  380 1.461763 -9.366283 0.991406 0.596422 0.000000 3.111588 0.546875
  381 1.277204 -21.347507 1.017773 0.780764 0.000000 2.812940 0.599609
  382 1.808101 5.516567 0.961523 0.850886 0.000000 2.988786 0.553711
  383 1.955385 -15.704619 0.912305 0.772818 0.000000 2.967367 0.558594
  384 1.702296 -9.121355 0.761133 0.820844 0.000000 2.659034 0.538086
  385 1.257916 -17.776589 0.871875 0.816025 0.000000 2.899686 0.555664
  386 1.362047 -14.623912 0.806836 0.758130 0.000000 3.013142 0.541992
  387 1.660910 -12.513327 0.805078 0.876959 0.000000 3.299808 0.496094
  388 1.337281 -17.653100 0.724219 0.635854 0.000000 3.523627 0.496094
  389 2.144192 -31.308504 0.850781 0.600770 0.000000 3.767510 0.471680
  390 1.834758 -14.637673 0.768164 0.886834 0.000000 4.417588 0.408203
  391 1.737593 -42.945411 0.595898 0.792892 0.000000 4.280246 0.387695
  392 1.744449 -19.342451 0.704883 0.809698 0.000000 4.241959 0.405273
  393 1.597412 -16.572655 0.704883 0.664684 0.000000 4.431466 0.404297
  394 2.205108 -5.210305 0.871875 0.670962 0.000000 3.729323 0.476562
  395 2.100595 -21.888978 0.847266 0.837560 0.000000 3.758216 0.461914
  396 2.035791 -8.277673 0.792773 0.869757 0.000000 3.964445 0.448242
  397 1.729663 -35.143129 0.838477 0.889019 0.000000 3.691009 0.498047
  398 1.356748 -33.341773 0.815625 0.844009 0.000000 3.474148 0.505859
  399 1.338111 -32.542473 0.921094 0.741122 0.000000 3.379790 0.497070
  400 1.333333 -26.641506 0.841992 0.681699 0.000000 3.352171 0.494141
  401 1.148442 -18.710727 0.808594 0.725834 0.000000 3.190883 0.511719
  402 1.062370 -7.760323 0.912305 0.811205 0.000000 3.072282 0.545898
  403 1.204037 -11.193350 0.861328 0.730890 0.000000 3.169904 0.558594
  404 1.250000 -16.782595 0.838477 0.605129 0.000000 3.203048 0.534180
  405 1.312833 -19.780078 0.826172 0.699680 0.000000 3.509472 0.488281
  406 1.702939 -42.960886 0.847266 1.014143 0.000000 3.419410 0.500000
  407 1.605192 -28.487228 0.810352 0.790061 0.000000 3.764767 0.458008
  408 1.605609 -20.445454 0.713672 0.992635 0.000000 3.754644 0.431641
  409 1.554151 -4.204786 0.900000 0.758813 0.000000 3.277748 0.518555
  410 1.564609 -30.808158 0.820898 1.009070 0.000000 3.161661 0.502930
  411 1.325236 3.740950 0.745312 0.717711 0.000000 3.622673 0.496094
  412 1.414214 -22.751372 0.836719 0.929849 0.000000 3.250844 0.516602
  413 1.520691 -21.950062 0.892969 0.659788 0.000000 3.285217 0.501953
  414 1.375000 -26.661173 0.847266 0.848848 0.000000 3.085513 0.533203
  415 1.212678 -29.313700 0.789258 0.964746 0.000000 3.326548 0.452148
  416 1.862532 -6.962307 0.798047 0.661003 0.000000 3.258276 0.524414
  417 1.678484 -0.462451 0.847266 0.947220 0.000000 3.080714 0.524414
  418 1.343710 -25.762451 0.931641 0.643653 0.000000 3.042190 0.535156
  419 1.584929 -20.350349 0.819141 0.649210 0.000000 3.340086 0.522461
  420 1.637196 -12.529117 0.819141 0.594631 0.000000 3.277278 0.522461
  421 1.086736 -13.131361 0.980859 0.805423 0.000000 3.153838 0.549805
  422 1.363474 -18.472511 0.833203 0.586863 0.000000 3.246755 0.501953
  423 1.457738 -22.457459 0.759375 0.748451 0.000000 3.299607 0.493164
  424 1.955385 -23.426002 0.861328 0.576296 0.000000 3.256422 0.514648
  425 1.510589 -11.992069 0.863086 0.641342 0.000000 3.701957 0.478516
  426 2.169635 -30.242397 0.729492 0.782568 0.000000 3.882317 0.455078
  427 2.122775 -44.847566 0.660937 0.825366 0.000000 4.449984 0.380859
  428 2.527969 -51.503494 0.608203 0.721027 0.000000 4.976007 0.377930
  429 2.512469 -44.845784 0.727734 0.740531 0.000000 5.229339 0.369141
  430 2.761340 -43.524839 0.683789 0.966561 0.000000 5.425359 0.356445
  431 2.209072 -24.202836 0.706641 0.971296 0.000000 4.538669 0.404297
  432 2.527969 -42.621922 0.606445 0.645314 0.000000 6.094434 0.342773
  433 1.913992 -30.191951 0.697852 0.927716 0.000000 4.610472 0.403320
  434 2.503123 -56.598961 0.624023 0.892023 0.000000 4.368801 0.389648
  435 2.383889 -47.713964 0.588867 0.658092 0.000000 6.002662 0.325195
  436 1.849870 -18.458081 0.708398 0.772998 0.000000 4.716189 0.416992
  437 1.335935 -18.699616 0.896484 0.599901 0.000000 3.655475 0.512695
  438 1.469225 -30.305499 0.731250 0.748366 0.000000 3.576181 0.458984
  439 1.277204 -17.558758 0.725977 0.606944 0.000000 3.606095 0.488281
  440 1.554151 -12.472456 0.907031 0.835481 0.000000 2.875229 0.536133
  441 1.540215 -22.863105 0.852539 0.930686 0.000000 3.059625 0.510742
  442 1.442221 -25.965354 0.805078 0.665604 0.000000 2.956857 0.536133
  443 1.320972 -24.685950 0.885937 0.612164 0.000000 2.966095 0.549805
  444 1.096323 -27.978672 0.857812 0.764892 0.000000 2.945636 0.553711
  445 1.191945 -31.153192 0.880664 0.563981 0.000000 2.975664 0.506836
  446 1.074968 -5.130395 0.845508 0.814096 0.000000 2.921753 0.531250
  447 1.089870 -23.599578 0.943945 0.776311 0.000000 2.897384 0.534180
  448 1.316711 10.307972 0.903516 0.872911 0.000000 2.833428 0.553711
  449 1.493576 -1.729396 0.922852 0.705363 0.000000 3.352373 0.528320
  450 1.350926 -17.421059 0.905273 0.886049 0.000000 3.379186 0.511719
  451 1.382666 -20.498898 0.683789 0.679305 0.000000 3.825918 0.451172
  452 2.076322 -24.363253 0.747070 0.734440 0.000000 3.733549 0.458008
  453 1.937926 -36.485263 0.780469 0.689682 0.000000 4.331461 0.421875
  454 2.247083 -39.679117 0.768164 0.654210 0.000000 3.969517 0.471680
  455 2.035791 -27.274839 0.697852 0.769152 0.000000 4.351406 0.430664
  456 1.818182 -38.622789 0.636328 0.587239 0.000000 4.525194 0.402344
  457 2.111111 -46.627653 0.671484 0.777796 0.000000 4.592309 0.413086
  458 2.012308 -10.310709 0.664453 0.531734 0.000000 4.603771 0.407227
  459 1.432581 -11.606212 0.849023 0.823574 0.000000 3.869525 0.453125
  460 1.706984 -31.631407 0.849023 0.790161 0.000000 3.768666 0.492188
  461 1.219756 -32.075769 0.812109 0.887575 0.000000 3.829919 0.456055
  462 1.286876 -30.641506 0.857812 0.789529 0.000000 3.520114 0.489258
  463 1.432581 -29.255065 0.671484 0.686264 0.000000 3.598295 0.473633
  464 1.492072 -23.235923 0.741797 0.807255 0.000000 3.543853 0.481445
  465 1.162476 -9.880721 0.863086 0.646593 0.000000 3.265428 0.523438
  466 1.233171 -20.817547 1.017773 0.686753 0.000000 3.280504 0.510742
  467 1.307692 -19.938475 0.885937 0.716624 0.000000 3.273906 0.528320
  468 1.237656 -7.358618 0.945703 0.702760 0.000000 3.003616 0.552734
  469 1.699056 -30.193229 0.952734 0.703729 0.000000 3.086632 0.551758
  470 1.767767 -23.930536 0.750586 0.775558 0.000000 4.112658 0.449219
  471 1.277204 -24.548203 0.849023 0.834063 0.000000 3.618419 0.450195
  472 1.180281 -26.355474 0.822656 0.824116 0.000000 3.459174 0.485352
  473 1.473815 -17.208312 0.891211 0.831927 0.000000 2.997303 0.538086
  474 1.621515 -22.087228 0.873633 0.718065 0.000000 3.771187 0.479492
  475 2.022375 -43.235118 0.673242 0.550442 0.000000 4.211665 0.429688
  476 2.144192 -21.095923 0.715430 0.791521 0.000000 4.559022 0.404297
  477 1.908455 -33.802876 0.727734 0.570706 0.000000 4.063127 0.445312
  478 2.026298 -40.952617 0.590625 0.559138 0.000000 4.846391 0.411133
  479 1.757886 -24.656204 0.631055 0.671893 0.000000 4.145529 0.428711
  480 2.264820 -28.090735 0.782227 0.748392 0.000000 3.930669 0.458984
  481 1.636364 -25.005381 0.819141 0.900144 0.000000 4.127437 0.448242
  482 1.741490 -28.238119 0.789258 0.790932 0.000000 3.735121 0.444336
  483 2.012338 -35.614417 0.697852 0.757494 0.000000 4.116284 0.437500
  484 1.838523 -9.786222 0.759375 1.023375 0.000000 4.068943 0.446289
  485 1.600000 -21.133395 0.812109 0.773226 0.000000 3.370075 0.500000
  486 1.256444 -24.052557 0.931641 1.035461 0.000000 3.372021 0.525391
  487 1.636734 -34.573318 0.829687 0.699816 0.000000 3.257185 0.515625
  488 1.612452 -17.383395 0.827930 0.706768 0.000000 4.018374 0.480469
  489 1.923538 -48.952617 0.611719 0.658655 0.000000 4.361091 0.414062
  490 2.500000 3.818433 0.799805 0.795665 0.000000 4.066912 0.475586
  491 1.636364 -27.558758 0.887695 0.638084 0.000000 3.467781 0.536133
  492 1.319536 -37.971541 0.794531 0.879423 0.000000 4.074938 0.438477
  493 1.741490 -22.490502 0.722461 0.888274 0.000000 4.046944 0.430664
  494 1.570717 -37.100508 0.836719 0.761053 0.000000 3.757613 0.464844
  495 1.843909 -30.315982 0.824414 0.963868 0.000000 3.773633 0.455078
  496 1.734604 -33.827013 0.813867 0.772822 0.000000 3.207471 0.539062
  497 1.343710 -22.997061 0.841992 0.646940 0.000000 3.498830 0.517578
  498 1.291884 -38.455430 0.868359 0.893480 0.000000 3.182040 0.529297
  499 1.355669 -29.146171 0.782227 0.688753 0.000000 3.700488 0.481445
  500 1.480466 -21.448689 0.752344 0.812695 0.000000 3.746946 0.452148
  501 1.382666 -46.236396 0.692578 0.586698 0.000000 3.798282 0.443359
  502 1.295319 -45.641506 0.604687 0.801797 0.000000 4.177936 0.367188
  503 1.570717 -23.436426 0.780469 1.006903 0.000000 3.717797 0.450195
  504 1.198012 -32.074037 0.769922 0.804232 0.000000 3.710358 0.468750
  505 1.800000 -15.752567 0.817383 0.862394 0.000000 3.590138 0.486328
  506 1.711724 -34.901181 0.773437 0.689797 0.000000 3.568727 0.464844
  507 1.726268 -29.336021 0.759375 0.567002 0.000000 3.645354 0.469727
  508 1.660910 -30.967174 0.713672 0.682345 0.000000 3.578902 0.455078
  509 1.776130 -15.932286 0.884180 0.865419 0.000000 3.482750 0.500000
  510 1.586582 -23.676967 0.776953 0.746553 0.000000 3.411034 0.476562
  511 1.638887 -38.516996 0.755859 0.761668 0.000000 3.660941 0.444336
  512 2.335977 -22.932700 0.747070 0.613576 0.000000 4.491719 0.419922
  513 2.124193 -37.255065 0.602930 1.024552 0.000000 4.300342 0.423828
  514 2.378287 -37.817008 0.727734 0.778667 0.000000 4.077413 0.436523
  515 2.057983 -48.010277 0.569531 0.632332 0.000000 4.643396 0.393555
  516 2.270585 -37.165285 0.713672 0.918950 0.000000 4.202781 0.411133
  517 2.651650 -51.503894 0.548438 0.649322 0.000000 5.251566 0.362305
  518 3.171943 -44.665005 0.520313 0.602029 0.000000 6.125555 0.333984
  519 3.288818 -43.682571 0.532617 0.637475 0.000000 5.749691 0.339844
  520 2.761340 -45.047228 0.599414 0.655902 0.000000 5.903323 0.341797
  521 3.574285 -46.674037 0.499219 0.684575 0.000000 6.775809 0.285156
  522 3.440456 -68.897916 0.604687 1.147868 0.000000 6.060656 0.288086
  523 3.313547 -65.603627 0.471094 0.737284 0.000000 6.954565 0.258789
  524 2.252370 -39.616297 0.550195 0.872823 0.000000 5.351042 0.349609
  525 2.252370 -48.032950 0.599414 1.023826 0.000000 5.323113 0.336914
  526 2.369903 -48.572655 0.632812 0.604457 0.000000 4.643182 0.405273
  527 2.385856 -51.588601 0.455273 0.542645 0.000000 5.940612 0.324219
  528 2.116783 -29.275285 0.608203 0.911696 0.000000 4.897522 0.407227
  529 1.811077 -14.652430 0.810352 0.813937 0.000000 4.324926 0.444336
  530 1.581139 -25.418006 0.778711 0.695084 0.000000 4.036199 0.449219
  531 1.381484 -14.691506 0.747070 0.739453 0.000000 3.491000 0.499023
  532 1.569334 -6.991060 0.880664 0.740631 0.000000 3.624530 0.498047
  533 1.426437 -23.817798 0.919336 0.691655 0.000000 3.472387 0.496094
  534 1.680697 -33.397061 0.901758 0.526329 0.000000 3.559222 0.537109
  535 1.480466 -23.488537 0.703125 0.561978 0.000000 3.639541 0.471680
  536 1.816306 -31.966729 0.759375 0.764012 0.000000 3.786154 0.465820
  537 1.492072 -19.950717 0.715430 0.662003 0.000000 3.690865 0.481445
  538 1.638887 -28.971541 1.008984 0.710548 0.000000 3.525008 0.541016
  539 1.286876 -23.471753 0.824414 0.736495 0.000000 3.244684 0.509766
  540 1.236159 -20.211203 0.868359 0.628507 0.000000 3.083659 0.545898
  541 1.516293 -24.912005 0.905273 0.965678 0.000000 3.206661 0.516602
  542 1.312457 -11.837228 0.966797 0.431034 0.000000 3.343303 0.535156
  543 1.913992 -25.752617 0.945703 0.915070 0.000000 3.318164 0.512695
  544 1.548126 -22.212896 0.891211 0.826278 0.000000 3.411966 0.497070
  545 1.955385 -28.991951 0.843750 0.579405 0.000000 3.338457 0.514648
  546 1.670928 -20.944394 0.775195 0.996281 0.000000 3.550813 0.462891
  547 1.500000 -22.403411 0.803320 0.563303 0.000000 3.385753 0.500000
  548 1.548126 -26.647197 0.929883 0.943036 0.000000 3.200924 0.538086
  549 1.252025 -26.472456 0.755859 0.631279 0.000000 3.531110 0.484375
  550 1.094541 -27.950717 0.813867 0.786554 0.000000 3.192276 0.517578
  551 1.692745 -8.468119 0.697852 0.696167 0.000000 3.352239 0.470703
  552 1.309953 -15.589396 0.822656 0.869180 0.000000 2.887561 0.522461
  553 1.279681 -28.282543 0.970312 0.750615 0.000000 3.174833 0.531250
  554 1.377411 -29.218317 0.847266 0.568684 0.000000 3.255887 0.503906
  555 1.954938 -30.996116 0.689062 0.844019 0.000000 4.369363 0.417969
  556 1.801234 -31.878532 0.775195 0.816824 0.000000 4.260558 0.409180
  557 1.343640 -31.263728 0.817383 0.979517 0.000000 3.480398 0.502930
  558 1.276079 -33.875807 0.827930 0.767329 0.000000 3.458604 0.513672
  559 1.903943 -40.239424 0.824414 0.650966 0.000000 3.619234 0.494141
  560 1.846574 -9.454696 0.762891 0.689662 0.000000 4.145188 0.439453
  561 1.902630 -25.468710 0.834961 1.034139 0.000000 4.105967 0.442383
  562 1.350926 -10.484673 0.891211 0.773150 0.000000 3.385694 0.496094
  563 1.583333 -20.466729 0.841992 0.780401 0.000000 3.675508 0.473633
  564 1.581139 -18.725285 0.901758 0.589952 0.000000 3.468310 0.529297
  565 1.390000 -40.793531 0.794531 0.842304 0.000000 3.930181 0.441406
  566 1.265784 -25.363253 0.741797 0.623518 0.000000 3.576989 0.498047
  567 1.185114 -29.096752 0.806836 0.809333 0.000000 3.490635 0.506836
  568 1.257916 -17.166842 0.856055 0.751375 0.000000 3.206155 0.503906
  569 1.438772 -7.866380 0.875391 0.661359 0.000000 3.184951 0.488281
  570 1.328281 -21.694816 0.889453 0.792531 0.000000 3.248341 0.490234
  571 1.508948 -2.947877 0.943945 0.665650 0.000000 2.904085 0.587891
  572 1.248529 -11.554340 0.958008 0.589632 0.000000 3.076643 0.556641
  573 1.347230 -4.222451 0.891211 1.013654 0.000000 3.464981 0.472656
  574 2.114033 -23.334227 0.868359 0.887045 0.000000 3.480322 0.500000
  575 2.009975 -22.866245 0.806836 0.809715 0.000000 3.535399 0.515625
  576 2.913725 -14.707309 0.718945 0.855311 0.000000 4.147294 0.411133
  577 2.627975 -4.901824 0.826172 0.816549 0.000000 3.880528 0.458008
  578 2.503123 -30.398621 0.859570 0.634437 0.000000 3.790895 0.501953
  579 1.939450 -18.400864 0.810352 0.890699 0.000000 3.816528 0.489258
  580 1.830972 -4.838708 0.752344 0.806018 0.000000 4.140005 0.457031
  581 1.288602 -30.929117 0.963281 0.857095 0.000000 3.238657 0.499023
  582 1.456579 -6.710062 0.922852 0.797054 0.000000 3.195259 0.545898
  583 1.145087 -34.698814 0.796289 0.616107 0.000000 3.547765 0.495117
  584 1.236694 -15.227668 0.817383 0.517244 0.000000 3.510007 0.509766
  585 1.337038 -6.669738 0.840234 0.629253 0.000000 3.507953 0.465820
  586 1.343640 -14.737537 0.901758 0.817602 0.000000 3.100347 0.569336
  587 1.343640 -25.595784 0.706641 1.083832 0.000000 3.334256 0.478516
  588 1.395102 -12.449171 0.766406 0.827202 0.000000 3.663009 0.459961
  589 1.092090 -16.174839 0.919336 0.888497 0.000000 3.084730 0.533203
  590 1.229538 5.662356 0.940430 0.541848 0.000000 2.955248 0.584961
  591 1.488417 -27.012451 0.819141 0.741929 0.000000 3.425609 0.482422
  592 1.444991 -18.156995 0.836719 0.685773 0.000000 3.207654 0.513672
  593 1.136962 -22.498649 0.885937 0.718421 0.000000 2.788193 0.567383
  594 1.720465 -40.229633 0.780469 0.818492 0.000000 3.576540 0.482422
  595 1.907662 -27.614500 0.569531 0.812330 0.000000 4.274204 0.405273
  596 1.703229 -36.247893 0.769922 0.591045 0.000000 4.208269 0.443359
  597 1.380257 -22.069046 0.775195 0.703800 0.000000 3.657722 0.474609
  598 1.419116 -8.581359 0.866602 0.848290 0.000000 2.962312 0.565430
  599 1.664305 -25.003117 0.852539 0.612706 0.000000 3.335549 0.529297
  600 1.664101 -17.691483 0.850781 0.616992 0.000000 3.477157 0.495117
  601 1.427153 -31.973485 0.806836 1.026259 0.000000 3.475622 0.482422
  602 1.554930 -31.993540 0.680273 0.859556 0.000000 3.705643 0.450195
  603 1.151751 -6.385564 0.885937 0.896921 0.000000 3.532560 0.516602
  604 1.584929 -27.373562 0.908789 0.993115 0.000000 3.140146 0.535156
  605 1.643753 -27.244061 0.901758 0.745372 0.000000 3.405556 0.528320
  606 1.438482 -10.046229 0.718945 0.651718 0.000000 3.954099 0.448242
  607 1.350858 -8.743796 0.949219 0.677955 0.000000 3.093549 0.552734
  608 1.295408 -29.482118 0.949219 0.661848 0.000000 3.064339 0.542969
  609 1.697273 -9.216729 0.849023 0.995403 0.000000 3.002765 0.516602
  610 1.196843 -26.726562 0.940430 0.776650 0.000000 3.005858 0.567383
  611 1.151086 -17.272344 0.782227 0.650504 0.000000 2.994631 0.520508
  612 1.475127 -0.580008 0.826172 0.630966 0.000000 3.081334 0.509766
  613 1.726746 -17.937630 1.021289 0.724507 0.000000 3.061628 0.572266
  614 1.828887 -14.237386 0.942187 1.018430 0.000000 3.150800 0.500977
  615 2.077813 -12.495338 0.849023 1.033396 0.000000 3.378124 0.475586
  616 1.815772 -12.431695 0.824414 1.096043 0.000000 3.423234 0.480469
  617 1.515438 -28.705617 0.875391 0.866520 0.000000 3.294763 0.542969
  618 2.036257 -41.716656 0.725977 0.739961 0.000000 4.540276 0.415039
  619 3.194383 -55.927228 0.506250 0.865064 0.000000 5.758981 0.328125
  620 3.224903 -40.337922 0.537891 1.101501 0.000000 6.835139 0.291016
  621 3.597051 -59.720432 0.515039 1.071568 0.000000 6.553529 0.291992
  622 2.750000 -38.683827 0.472852 1.017598 0.000000 6.715428 0.284180
  623 2.357023 -21.639188 0.696094 1.101275 0.000000 4.552313 0.381836
  624 3.146102 -28.580530 0.653906 0.827978 0.000000 4.786970 0.407227
  625 2.022375 -42.907727 0.634570 0.724980 0.000000 4.649619 0.381836
  626 2.444444 -30.472798 0.629297 0.602539 0.000000 4.630321 0.406250
  627 3.190611 -40.133382 0.604687 0.628698 0.000000 6.022836 0.329102
  628 2.555556 -28.385527 0.525586 0.575807 0.000000 5.995235 0.298828
  629 3.013575 -61.190062 0.543164 0.920322 0.000000 5.890228 0.336914
  630 3.288818 -47.789436 0.543164 0.801626 0.000000 5.795532 0.361328
  631 2.915476 -50.641559 0.471094 0.714069 0.000000 6.478953 0.305664
  632 2.868173 -49.845784 0.506250 0.839665 0.000000 5.588007 0.335938
  633 3.053937 -67.532896 0.485156 0.729758 0.000000 6.799861 0.296875
  634 3.194383 -56.206345 0.462305 0.635277 0.000000 6.937975 0.281250
  635 3.052868 -44.394816 0.562500 0.709286 0.000000 5.972592 0.343750
  636 2.877716 -45.822451 0.573047 0.534286 0.000000 6.132473 0.339844
  637 2.899353 -38.807228 0.566016 0.590438 0.000000 5.744947 0.373047
  638 1.937926 -36.109450 0.703125 0.956322 0.000000 5.219629 0.392578
  639 1.564609 -41.290728 0.657422 0.700378 0.000000 4.309180 0.390625
  640 1.860521 -31.391951 0.646875 1.035766 0.000000 4.275738 0.397461
  641 1.442221 -23.984104 0.806836 0.962605 0.000000 3.374264 0.494141
  642 1.267105 -15.729396 0.873633 0.998827 0.000000 3.257970 0.526367
  643 1.376042 -16.229633 0.775195 0.932041 0.000000 3.268671 0.500977
  644 1.351882 -13.182880 0.850781 0.823931 0.000000 3.179558 0.502930
  645 1.234662 -26.351997 0.813867 0.648539 0.000000 3.182906 0.504883
  646 1.438858 -26.335178 0.761133 0.550326 0.000000 3.081140 0.510742
  647 1.204159 -23.388360 0.720703 0.871923 0.000000 3.003234 0.506836
  648 1.551674 -21.083771 0.815625 0.921551 0.000000 3.271458 0.508789
  649 1.562889 -31.356793 0.840234 0.810437 0.000000 3.156936 0.517578
  650 1.333333 -27.500508 0.685547 0.552290 0.000000 3.733950 0.424805
  651 1.456579 -29.013657 0.856055 0.966261 0.000000 3.280079 0.521484
  652 1.475127 -26.727567 0.771680 0.827527 0.000000 3.616561 0.489258
  653 1.617914 -34.534227 0.731250 0.767253 0.000000 3.678349 0.453125
  654 1.860108 -2.277915 0.740039 0.743784 0.000000 3.544675 0.474609
  655 1.267105 -12.807228 0.919336 0.834345 0.000000 3.063507 0.554688
  656 1.412120 2.101186 0.929883 0.765312 0.000000 3.465025 0.496094
  657 1.280720 -26.015451 0.771680 0.669111 0.000000 3.575943 0.478516
  658 1.242730 -4.837228 0.931641 1.073900 0.000000 2.905961 0.539062
  659 1.096323 -25.052557 0.778711 0.855506 0.000000 3.052311 0.524414
  660 1.295408 -9.622789 0.887695 0.804747 0.000000 2.943463 0.523438
  661 1.435552 -11.988119 0.817383 0.727950 0.000000 3.187601 0.510742
  662 1.442221 -45.691879 0.697852 0.608602 0.000000 3.956581 0.445312
  663 1.256706 -31.437673 0.778711 0.776104 0.000000 4.031781 0.462891
  664 1.712511 -15.742788 0.877148 0.771456 0.000000 3.209286 0.512695
  665 1.459927 -20.363253 0.759375 0.686437 0.000000 3.400129 0.472656
  666 1.301400 -7.941951 0.884180 0.768623 0.000000 3.048589 0.537109
  667 1.098751 -26.531880 0.963281 0.689352 0.000000 3.060810 0.550781
  668 1.500000 -35.302112 0.799805 0.928382 0.000000 3.277474 0.509766
  669 1.528398 -9.037018 0.757617 0.815004 0.000000 3.217538 0.525391
  670 1.238418 -31.218147 0.775195 0.602836 0.000000 3.175226 0.515625
  671 1.319536 -15.721007 0.787500 0.798957 0.000000 3.260551 0.475586
  672 1.910497 7.415981 0.917578 0.821639 0.000000 3.096223 0.558594
  673 1.444991 -19.530706 0.861328 0.694524 0.000000 2.918341 0.554688
  674 1.872400 -8.519616 0.884180 0.646030 0.000000 3.083519 0.553711
  675 1.273303 -15.239955 0.815625 0.996812 0.000000 3.186781 0.488281
  676 1.369932 -9.672223 0.808594 0.703945 0.000000 3.115260 0.505859
  677 1.660910 -29.721007 0.722461 0.837212 0.000000 3.717783 0.456055
  678 1.282359 -10.574839 0.782227 0.857077 0.000000 3.319000 0.485352
  679 1.095032 -14.251135 0.803320 1.046095 0.000000 3.123953 0.448242
  680 1.219756 -30.889783 0.841992 0.406137 0.000000 3.315421 0.527344
  681 1.656773 -14.129117 0.877148 0.735206 0.000000 2.967143 0.556641
  682 1.564609 -17.643085 1.019531 0.652202 0.000000 3.218785 0.538086
  683 1.380670 -22.732950 0.963281 0.855487 0.000000 3.030950 0.552734
  684 1.584929 -28.666283 0.877148 0.790892 0.000000 3.291334 0.496094
  685 1.396082 -18.308796 0.759375 0.690854 0.000000 3.248403 0.504883
  686 1.255055 -23.348784 0.838477 0.902297 0.000000 3.102719 0.507812
  687 1.362047 -22.483930 0.736523 0.874889 0.000000 3.256443 0.485352
  688 1.516293 -10.647228 0.827930 0.647943 0.000000 3.326792 0.483398
  689 1.656773 -17.381570 0.866602 0.827115 0.000000 3.162782 0.505859
  690 1.475287 -15.165285 0.852539 0.766869 0.000000 3.148760 0.522461
  691 1.201850 -20.864055 0.805078 0.687695 0.000000 3.464566 0.491211
  692 1.341641 5.107781 0.884180 0.611432 0.000000 2.993196 0.544922
  693 1.513926 -17.491719 0.882422 0.616330 0.000000 2.943371 0.572266
  694 1.703229 -8.579849 0.896484 0.681002 0.000000 2.845683 0.543945
  695 1.325236 -7.065710 0.926367 0.710588 0.000000 2.833333 0.566406
  696 1.531013 -11.360038 0.924609 0.530748 0.000000 2.971159 0.561523
  697 1.632156 -7.077962 1.007227 0.747518 0.000000 2.836207 0.583984
  698 1.983102 0.952066 0.984375 0.696441 0.000000 2.950283 0.563477
  699 1.574148 -13.136782 0.859570 0.874263 0.000000 2.894451 0.528320
  700 1.223641 -11.278672 0.922852 0.741544 0.000000 2.986126 0.539062
  701 1.166667 -20.971007 0.887695 0.735501 0.000000 3.132444 0.554688
  702 1.350858 -22.963380 0.778711 0.849685 0.000000 3.341303 0.520508
  703 1.531383 -18.311350 0.903516 0.863849 0.000000 2.932617 0.562500
  704 1.219756 -19.980530 0.866602 0.679580 0.000000 2.770066 0.559570
  705 1.664305 -13.736782 0.829687 0.768371 0.000000 3.334750 0.525391
  706 1.480540 -8.574394 0.884180 0.877691 0.000000 3.507559 0.471680
  707 1.485345 -3.694277 0.896484 0.564971 0.000000 3.310077 0.508789
  708 1.767767 -21.438983 0.743555 0.741632 0.000000 3.818906 0.478516
  709 2.233306 -45.470614 0.748828 0.717892 0.000000 3.993011 0.449219
  710 2.131004 -41.295268 0.696094 0.751742 0.000000 4.418232 0.452148
  711 1.800000 -38.063972 0.696094 0.827563 0.000000 4.176424 0.409180
  712 1.913992 -13.462451 0.768164 0.572941 0.000000 3.747715 0.484375
  713 1.737593 -17.949487 0.631055 0.802431 0.000000 4.302831 0.424805
  714 2.342070 -52.313315 0.634570 0.590462 0.000000 4.103767 0.426758
  715 2.233306 -46.512005 0.673242 0.729258 0.000000 4.626500 0.414062
  716 2.775450 -53.595784 0.720703 0.767273 0.000000 5.207570 0.394531
  717 2.527969 -46.568833 0.650391 0.769052 0.000000 5.283741 0.373047
  718 2.416244 -33.828671 0.564258 0.847535 0.000000 5.214333 0.350586
  719 2.877716 -56.417592 0.534375 0.763409 0.000000 5.708887 0.333984
  720 2.877716 -36.472952 0.546680 0.908614 0.000000 5.948671 0.330078
  721 3.298113 -53.742451 0.590625 0.678605 0.000000 5.630678 0.342773
  722 3.597051 -31.474037 0.465820 0.891057 0.000000 6.643378 0.291016
  723 3.335034 -51.571439 0.631055 0.661357 0.000000 5.196251 0.362305
  724 3.574285 -34.813154 0.437695 0.726263 0.000000 6.368242 0.280273
  725 4.384315 -60.044977 0.550195 0.672491 0.000000 7.248010 0.299805
  726 4.196559 -44.925285 0.421875 0.674045 0.000000 8.088366 0.238281
  727 3.023347 -48.509693 0.566016 0.581001 0.000000 7.231410 0.291016
  728 3.616854 -54.366152 0.467578 0.989757 0.000000 6.788819 0.257812
  729 2.798351 -68.487228 0.567773 0.470720 0.000000 6.568649 0.333008
  730 2.529822 -37.181853 0.583594 0.643113 0.000000 5.463028 0.346680
  731 2.222222 -31.819143 0.653906 0.669531 0.000000 4.359443 0.405273
  732 2.077699 -22.224572 0.704883 0.698634 0.000000 4.709616 0.420898
  733 2.236068 -45.037018 0.724219 0.794605 0.000000 4.235416 0.437500
  734 1.562050 -35.620937 0.645117 0.697281 0.000000 4.624097 0.384766
  735 2.335977 -0.846039 0.776953 0.802618 0.000000 3.624193 0.490234
  736 2.252370 -27.037018 0.690820 0.724515 0.000000 3.941098 0.445312
  737 1.907662 -20.630062 0.750586 0.548743 0.000000 3.780801 0.478516
  738 1.834758 -44.613137 0.722461 0.864660 0.000000 3.793126 0.427734
  739 2.134375 -33.836351 0.743555 0.499625 0.000000 4.704774 0.376953
  740 2.000000 -26.399616 0.736523 0.711538 0.000000 4.331795 0.435547
  741 2.026298 -34.242783 0.724219 0.634257 0.000000 3.770391 0.481445
  742 2.161154 -43.398339 0.655664 0.678128 0.000000 4.788866 0.361328
  743 1.849870 -39.950062 0.678516 0.627456 0.000000 4.974513 0.418945
  744 2.342606 -19.949042 0.632812 0.934822 0.000000 5.913084 0.329102
  745 1.834758 -36.211203 0.616992 0.536191 0.000000 4.720781 0.420898
  746 1.312833 -8.925526 0.908789 0.775399 0.000000 3.109948 0.565430
  747 1.473815 -7.029510 0.956250 0.608279 0.000000 3.151190 0.535156
  748 1.099054 -27.993540 0.952734 0.565614 0.000000 3.070555 0.543945
  749 1.702939 -43.285706 0.609961 0.680066 0.000000 4.006166 0.420898
  750 1.863928 -21.566143 0.722461 0.996086 0.000000 3.668091 0.452148
  751 1.581139 -21.479187 0.783984 0.867887 0.000000 3.523169 0.458984
  752 1.426437 -21.614500 0.947461 0.877538 0.000000 3.262007 0.510742
  753 1.427153 -32.346764 0.745312 0.743874 0.000000 3.648655 0.458984
  754 1.704457 -20.415451 0.778711 0.878211 0.000000 3.538288 0.468750
  755 1.737758 -19.816353 0.769922 0.645068 0.000000 3.398093 0.513672
  756 1.074480 5.070123 0.868359 0.725407 0.000000 3.131226 0.537109
  757 1.444444 -14.488654 0.935156 0.643229 0.000000 3.213196 0.529297
  758 1.295408 -22.196870 0.812109 0.784957 0.000000 3.130626 0.518555
  759 1.640122 -21.168244 0.947461 0.804861 0.000000 3.108066 0.564453
  760 1.433071 -26.776117 0.857812 0.871036 0.000000 3.125350 0.540039
  761 1.096323 -24.689192 0.900000 0.779934 0.000000 3.039357 0.559570
  762 1.159818 -10.037635 0.870117 0.619405 0.000000 3.160819 0.542969
  763 1.351882 -24.531880 0.875391 0.662996 0.000000 3.120550 0.552734
  764 1.240347 -31.259153 0.766406 0.477582 0.000000 3.169413 0.496094
  765 1.726746 -27.630008 0.659180 0.781092 0.000000 3.537339 0.450195
  766 2.144192 -47.000912 0.787500 0.898273 0.000000 4.024232 0.441406
  767 2.137265 -27.285237 0.662695 0.875248 0.000000 4.724126 0.361328
  768 2.652873 -21.847228 0.694336 0.594278 0.000000 4.391286 0.419922
  769 1.860521 -32.039570 0.664453 0.893628 0.000000 4.579169 0.401367
  770 1.808101 -42.715135 0.733008 0.696705 0.000000 3.920707 0.463867
  771 1.727273 -43.885950 0.769922 0.533756 0.000000 4.583156 0.426758
  772 1.470217 -10.847446 0.776953 0.564567 0.000000 3.987496 0.462891
  773 1.800000 -40.755561 0.653906 0.775736 0.000000 3.736283 0.458008
  774 1.811077 -7.454839 0.634570 0.670513 0.000000 4.310950 0.434570
  775 1.726268 -30.993229 0.794531 0.680268 0.000000 3.724239 0.491211
  776 1.747526 -7.813892 0.783984 0.884789 0.000000 3.557352 0.493164
  777 1.953057 -10.825903 0.878906 0.819112 0.000000 3.200792 0.519531
  778 2.047513 -24.608172 0.831445 0.860567 0.000000 3.366240 0.500000
  779 1.849870 -35.845429 0.892969 0.643226 0.000000 3.760445 0.473633
  780 1.868523 -27.468142 0.715430 0.636451 0.000000 3.997651 0.454102
  781 2.022375 -41.130395 0.718945 0.496505 0.000000 4.434919 0.429688
  782 2.264820 -43.916774 0.659180 0.736538 0.000000 4.197743 0.414062
  783 2.532146 -39.772896 0.660937 1.234606 0.000000 4.630862 0.395508
  784 1.932013 -30.962828 0.643359 1.024714 0.000000 4.962210 0.383789
  785 2.752839 -48.542451 0.606445 0.913134 0.000000 5.226084 0.344727
  786 3.171943 -37.142912 0.692578 0.468617 0.000000 5.470437 0.372070
  787 2.527969 -53.022451 0.571289 0.526256 0.000000 5.318399 0.360352
  788 2.798351 -35.609123 0.609961 1.043542 0.000000 5.942804 0.345703
  789 2.233306 -39.965285 0.574805 1.148110 0.000000 5.638102 0.336914
  790 1.600000 -32.225285 0.690820 0.674232 0.000000 4.132713 0.455078
  791 1.456022 -33.978672 0.806836 0.817536 0.000000 3.650314 0.444336
  792 1.729663 -31.251435 0.699609 0.657039 0.000000 3.890515 0.459961
  793 2.015186 -28.870905 0.673242 0.603551 0.000000 3.919428 0.460938
  794 1.801234 -36.250864 0.782227 0.918322 0.000000 3.760186 0.467773
  795 1.932013 -16.417840 0.783984 0.740016 0.000000 3.556913 0.500000
  796 2.051322 -34.068443 0.718945 0.835275 0.000000 4.685929 0.408203
  797 1.955385 -44.715303 0.646875 0.875060 0.000000 5.131848 0.366211
  798 2.127147 -23.533841 0.745312 0.945262 0.000000 3.948773 0.423828
  799 1.811077 -33.296229 0.701367 1.023731 0.000000 4.136009 0.438477
  800 1.660910 -29.164946 0.718945 0.891425 0.000000 4.237903 0.400391
  801 1.406930 -28.012896 0.678516 0.863262 0.000000 3.760271 0.433594
  802 1.166190 -17.180845 0.968555 0.568349 0.000000 3.177576 0.552734
  803 1.955385 -5.567635 0.905273 0.829772 0.000000 3.311320 0.515625
  804 1.480466 -22.696578 0.935156 0.722621 0.000000 3.281066 0.557617
  805 1.509231 -1.239616 0.857812 0.623356 0.000000 3.255817 0.517578
  806 1.255055 -13.272344 0.901758 0.733441 0.000000 3.269067 0.554688
  807 1.456022 -19.324007 0.806836 0.988885 0.000000 3.558866 0.471680
  808 1.619803 -40.971541 0.850781 0.600293 0.000000 3.573404 0.503906
  809 1.711724 -19.373562 0.652148 0.653075 0.000000 4.307013 0.410156
  810 1.351882 -33.533484 0.856055 0.619178 0.000000 3.279769 0.514648
  811 1.192928 -13.501503 0.877148 0.719384 0.000000 3.389345 0.509766
  812 1.335935 -11.827013 0.887695 0.556227 0.000000 3.324554 0.503906
  813 1.548126 -23.531880 0.887695 0.536832 0.000000 3.713892 0.478516
  814 1.277204 -32.361483 0.799805 0.838037 0.000000 3.254131 0.491211
  815 1.212678 -17.207657 0.675000 0.777820 0.000000 3.457486 0.460938
  816 1.480466 -29.488537 0.783984 0.796909 0.000000 3.426830 0.468750
  817 1.793186 -20.492397 0.755859 0.942356 0.000000 3.537082 0.467773
  818 1.433587 -22.584989 0.785742 0.732504 0.000000 4.000824 0.467773
  819 1.802776 -13.581524 0.859570 0.983958 0.000000 3.381260 0.482422
  820 1.162476 -16.649260 0.880664 0.915360 0.000000 3.391476 0.494141
  821 1.343640 -27.591328 0.861328 0.921812 0.000000 3.156344 0.519531
  822 1.586582 -18.993229 0.787500 0.672339 0.000000 3.070332 0.492188
  823 1.923761 -15.274408 0.736523 0.849071 0.000000 3.257677 0.480469
  824 1.744449 -21.937630 0.778711 0.661796 0.000000 3.299908 0.500977
  825 1.400893 -2.407228 0.827930 0.960557 0.000000 3.202855 0.504883
  826 1.411901 -10.321452 0.921094 0.805161 0.000000 3.064769 0.550781
  827 1.727426 -7.712896 1.000195 0.898841 0.000000 2.932286 0.556641
  828 1.922009 -8.030781 0.942187 0.761803 0.000000 2.820849 0.580078
  829 1.574148 -5.422451 0.813867 0.646591 0.000000 2.863226 0.539062
  830 1.900292 -26.792885 0.905273 0.900354 0.000000 2.823674 0.529297
  831 1.651186 -20.726889 0.868359 0.765277 0.000000 3.265103 0.516602
  832 1.205842 -5.552246 0.975586 0.611724 0.000000 2.982638 0.592773
  833 1.717701 -5.345784 0.882422 1.090866 0.000000 3.200362 0.503906
  834 1.433587 -27.743674 0.898242 0.660615 0.000000 3.079982 0.572266
  835 1.433587 -11.615368 0.910547 0.823636 0.000000 3.536205 0.497070
  836 1.435552 -33.755907 0.956250 0.864262 0.000000 3.420879 0.502930
  837 2.264820 -47.608172 0.740039 0.924329 0.000000 4.366329 0.411133
  838 2.627975 -42.986609 0.553711 0.705911 0.000000 5.242221 0.342773
  839 2.529822 -43.014333 0.671484 0.631943 0.000000 5.168462 0.388672
  840 2.677542 -38.808975 0.555469 0.831780 0.000000 5.249866 0.349609
  841 2.919431 -36.968244 0.625781 0.815178 0.000000 5.493882 0.354492
  842 2.021519 -15.037673 0.748828 0.716660 0.000000 5.146438 0.383789
  843 2.677542 -51.789556 0.675000 0.624068 0.000000 4.696884 0.398438
  844 2.775450 -22.765285 0.587109 0.592521 0.000000 5.548163 0.333008
  845 2.233306 -30.429117 0.611719 0.822369 0.000000 4.769521 0.377930
  846 2.169635 -26.701666 0.729492 0.880150 0.000000 4.134940 0.419922
  847 2.131004 -24.445285 0.601172 0.698181 0.000000 5.003406 0.358398
  848 2.512469 -47.044227 0.639844 0.632219 0.000000 5.160266 0.357422
  849 3.757985 -53.518699 0.551953 0.667291 0.000000 5.630392 0.355469
  850 3.298113 -64.835168 0.497461 0.859915 0.000000 6.864809 0.283203
  851 2.942151 -58.279616 0.444727 1.003586 0.000000 6.905223 0.275391
  852 3.616854 -51.350062 0.529102 0.680337 0.000000 6.172872 0.294922
  853 3.023347 -36.034273 0.539648 1.227734 0.000000 6.533157 0.305664
  854 3.534091 -45.576975 0.606445 0.882102 0.000000 5.304062 0.358398
  855 3.362458 -59.594920 0.613477 0.609765 0.000000 6.143822 0.315430
  856 1.903943 -37.274839 0.520313 0.986041 0.000000 5.456990 0.331055
  857 2.000000 -35.087317 0.664453 0.625017 0.000000 4.796677 0.400391
  858 1.831876 -36.390054 0.796289 0.928871 0.000000 4.147293 0.448242
  859 1.780449 -26.278672 0.667969 0.788203 0.000000 4.549855 0.402344
  860 1.596270 -45.355791 0.794531 0.700299 0.000000 3.760423 0.487305
  861 1.234662 -30.309723 0.715430 0.667287 0.000000 4.085144 0.437500
  862 1.600000 -9.072471 0.910547 0.842695 0.000000 3.188478 0.524414
  863 1.605609 -20.358172 0.834961 0.830456 0.000000 3.400985 0.508789
  864 1.480540 -26.707509 0.861328 0.815948 0.000000 3.332178 0.482422
  865 1.386750 -7.819143 0.752344 0.663895 0.000000 3.360515 0.502930
  866 1.237656 -4.009171 0.933398 0.691594 0.000000 3.088939 0.551758
  867 1.414214 -10.753894 0.843750 0.650968 0.000000 3.099986 0.532227
  868 1.233171 -20.150449 0.826172 0.791221 0.000000 3.251058 0.541992
  869 1.380257 -20.870491 0.884180 0.580812 0.000000 3.010818 0.539062
  870 1.597412 -8.840145 0.919336 0.595179 0.000000 3.125623 0.539062
  871 1.808101 -32.814174 0.722461 0.786438 0.000000 3.992267 0.431641
  872 2.122775 -45.077008 0.794531 0.812216 0.000000 4.181432 0.420898
  873 2.009975 -33.968286 0.727734 0.880008 0.000000 4.812632 0.376953
  874 1.939450 -15.379563 0.849023 0.624886 0.000000 3.709761 0.496094
  875 2.437453 -7.777484 0.931641 1.223502 0.000000 3.604599 0.471680
  876 2.251331 -27.085950 0.769922 0.860289 0.000000 3.532296 0.486328
  877 1.953793 -44.804340 0.648633 0.978831 0.000000 4.191140 0.393555
  878 1.646434 -30.440971 0.722461 0.841681 0.000000 4.181432 0.428711
  879 1.515438 -19.428978 0.798047 1.034419 0.000000 3.464295 0.471680
  880 1.937926 -29.010632 0.892969 0.849922 0.000000 3.515364 0.496094
  881 2.467067 -39.615655 0.604687 0.684941 0.000000 4.809204 0.377930
  882 2.577203 -41.133039 0.680273 0.985596 0.000000 4.914747 0.375977
  883 2.651650 -42.309246 0.606445 0.714511 0.000000 5.957126 0.350586
  884 2.512469 -50.116283 0.543164 0.542215 0.000000 6.185117 0.326172
  885 1.831876 -28.716729 0.724219 0.878263 0.000000 4.161318 0.439453
  886 1.902630 -18.789396 0.725977 0.681225 0.000000 4.009070 0.464844
  887 1.520526 -33.903964 0.805078 1.028322 0.000000 3.569055 0.468750
  888 1.475287 -9.006890 0.815625 0.750318 0.000000 3.442060 0.515625
  889 1.227262 -29.494854 0.806836 0.722633 0.000000 3.410963 0.478516
  890 1.426437 -13.988119 0.852539 0.727564 0.000000 3.188810 0.522461
  891 1.584929 -19.556138 0.841992 0.552033 0.000000 3.319423 0.495117
  892 1.084255 -26.699616 1.016016 0.793874 0.000000 2.997951 0.589844
  893 1.257410 -24.222872 0.979102 0.600866 0.000000 3.041228 0.578125
  894 1.449677 -21.530610 0.819141 1.215764 0.000000 3.242628 0.477539
  895 1.562050 -3.876305 0.993164 0.681778 0.000000 2.885111 0.569336
  896 1.843909 -20.181434 0.852539 0.718976 0.000000 2.973267 0.542969
  897 1.670928 -11.053712 0.868359 0.867574 0.000000 3.375872 0.508789
  898 2.100265 -27.734036 0.863086 0.868914 0.000000 3.652718 0.462891
  899 1.672772 -50.591162 0.699609 0.614683 0.000000 4.112208 0.416016
  900 1.562050 -17.284482 0.696094 0.816672 0.000000 3.818006 0.451172
  901 1.252720 -31.184618 0.675000 0.881142 0.000000 3.848420 0.437500
  902 2.052438 -21.939287 0.778711 0.734943 0.000000 3.470179 0.485352
  903 1.717701 -30.414174 0.629297 0.632520 0.000000 4.330181 0.392578
  904 1.767767 -41.999616 0.699609 0.623971 0.000000 4.323910 0.398438
  905 1.937926 -35.566143 0.759375 0.726536 0.000000 3.856875 0.466797
  906 1.800000 -32.153569 0.648633 0.879445 0.000000 4.082566 0.441406
  907 1.670928 -18.646184 0.752344 0.656879 0.000000 4.237344 0.434570
  908 1.831876 -22.118897 0.766406 0.829711 0.000000 3.698047 0.488281
  909 2.220360 -8.285285 0.710156 0.769315 0.000000 4.161406 0.413086
  910 2.298337 -51.576117 0.662695 0.588417 0.000000 4.488757 0.403320
  911 1.671063 -39.171007 0.715430 0.629400 0.000000 4.532749 0.396484
  912 1.198038 -35.974839 0.834961 0.821913 0.000000 3.420366 0.491211
  913 1.234662 -26.430085 0.798047 0.583794 0.000000 3.336929 0.518555
  914 1.278985 -3.432252 0.868359 0.887396 0.000000 2.914387 0.563477
  915 1.386750 -5.606377 0.798047 0.730480 0.000000 2.945111 0.530273
  916 1.480540 -21.140711 0.729492 0.613049 0.000000 3.151941 0.542969
  917 1.389033 -5.375017 0.768164 0.497784 0.000000 3.062695 0.540039
  918 1.236694 -20.792885 0.856055 0.843074 0.000000 2.872193 0.543945
  919 1.253896 -25.442783 0.921094 0.531599 0.000000 3.373033 0.523438
  920 1.927588 -26.721007 0.682031 0.550798 0.000000 3.719702 0.478516
  921 1.492072 -30.079563 0.692578 0.888771 0.000000 4.456466 0.402344
  922 1.459927 -23.819627 0.878906 0.767482 0.000000 3.564647 0.493164
  923 1.910497 -7.505766 0.919336 0.575418 0.000000 3.512972 0.508789
  924 1.902630 -21.825730 0.863086 0.966795 0.000000 3.627395 0.483398
  925 2.899353 -39.321710 0.733008 0.494697 0.000000 5.079186 0.389648
  926 2.636878 -45.030062 0.631055 0.883861 0.000000 6.187179 0.336914
  927 2.615245 -28.945209 0.655664 0.643017 0.000000 4.853103 0.400391
  928 2.436896 -37.388981 0.704883 0.967664 0.000000 4.816874 0.407227
  929 2.828427 -54.733970 0.587109 0.710752 0.000000 5.434510 0.343750
  930 2.651560 -42.702979 0.595898 0.787544 0.000000 5.270067 0.365234
  931 2.798351 -36.345784 0.673242 0.592524 0.000000 4.754329 0.410156
  932 3.162278 -28.294635 0.697852 0.868250 0.000000 4.586855 0.419922
  933 2.599249 -32.824394 0.587109 0.845583 0.000000 5.670256 0.336914
  934 2.512469 -47.373562 0.546680 0.560056 0.000000 5.460757 0.356445
  935 2.899353 -16.874435 0.594141 0.899856 0.000000 5.254112 0.351562
  936 2.529822 -34.954076 0.585352 0.892301 0.000000 4.631150 0.355469
  937 2.000000 -30.895497 0.787500 0.721171 0.000000 3.983207 0.459961
  938 2.341442 -28.000912 0.704883 0.716316 0.000000 4.898440 0.375977
  939 2.063031 -36.084673 0.736523 0.980783 0.000000 4.709414 0.400391
  940 2.747912 -40.214621 0.590625 0.415518 0.000000 5.171931 0.386719
  941 3.431546 -35.232005 0.639844 0.502542 0.000000 5.380718 0.367188
  942 2.512469 -30.357650 0.685547 1.129073 0.000000 4.490767 0.399414
  943 2.335977 -51.504129 0.646875 0.804782 0.000000 4.798316 0.370117
  944 3.171943 -47.665124 0.553711 0.648337 0.000000 6.363138 0.310547
  945 2.636878 -36.587228 0.558984 0.849145 0.000000 5.187460 0.371094
  946 2.460649 -45.879616 0.645117 0.647654 0.000000 4.319185 0.444336
  947 1.711724 -41.858656 0.551953 0.713699 0.000000 4.806546 0.368164
  948 1.531716 -12.108618 0.833203 0.660374 0.000000 3.592789 0.473633
  949 1.584929 -27.129563 0.933398 0.600442 0.000000 3.422081 0.545898
  950 1.237656 -17.249094 0.914062 0.588927 0.000000 3.436642 0.524414
  951 2.027588 -10.453181 0.901758 1.007810 0.000000 3.302187 0.522461
  952 1.669397 -16.266283 0.799805 0.845742 0.000000 3.914039 0.450195
  953 2.026298 -21.583109 0.857812 0.671086 0.000000 3.743348 0.487305
  954 1.764086 -10.472798 0.861328 0.673954 0.000000 3.081585 0.545898
  955 1.104536 -28.242664 0.787500 0.943834 0.000000 3.022094 0.514648
  956 1.350926 4.447995 0.754102 0.926550 0.000000 3.256093 0.486328
  957 1.355669 -13.550062 0.929883 0.886843 0.000000 3.347161 0.530273
  958 1.702939 -45.124394 0.826172 0.882784 0.000000 3.569978 0.480469
  959 1.717701 -30.202121 0.676758 0.581153 0.000000 4.346875 0.399414
  960 2.002498 -32.867701 0.771680 0.764453 0.000000 4.140177 0.479492
  961 1.562050 -26.483727 0.791016 0.827839 0.000000 3.733393 0.475586
  962 1.426437 -26.221592 0.778711 0.931318 0.000000 3.371579 0.490234
  963 1.502313 -27.123975 0.845508 1.082831 0.000000 3.300925 0.534180
  964 1.597412 -26.713698 0.847266 0.832772 0.000000 3.403806 0.494141
  965 1.427153 -12.947442 0.863086 0.835159 0.000000 3.239117 0.515625
  966 1.362047 -16.002914 0.801562 0.646451 0.000000 3.299008 0.495117
  967 1.257410 -25.494854 0.928125 0.705895 0.000000 3.063848 0.559570
  968 1.295319 -14.273225 0.798047 0.906471 0.000000 3.199717 0.504883
  969 1.325178 -27.208312 0.803320 0.801431 0.000000 3.129077 0.520508
  970 1.380257 -32.120294 0.680273 0.842092 0.000000 3.744406 0.447266
  971 1.351882 -32.867102 0.785742 0.702825 0.000000 3.616869 0.467773
  972 1.433587 -1.108119 0.826172 0.809376 0.000000 3.419620 0.501953
  973 1.811077 -26.275641 0.827930 0.823612 0.000000 3.851406 0.476562
  974 1.457384 -42.906275 0.743555 0.793191 0.000000 4.026111 0.435547
  975 1.737593 -39.052557 0.646875 0.621251 0.000000 3.905637 0.456055
  976 2.357023 -51.079472 0.601172 1.111932 0.000000 4.856122 0.377930
  977 2.877716 -41.885285 0.601172 0.750065 0.000000 5.662127 0.340820
  978 2.264820 -43.761738 0.571289 0.597528 0.000000 5.269859 0.340820
  979 2.521143 -16.687228 0.613477 0.564439 0.000000 4.912626 0.406250
  980 2.677542 -16.180508 0.650391 1.025501 0.000000 4.624927 0.387695
  981 2.512469 -42.646551 0.648633 0.734655 0.000000 5.142189 0.371094
  982 3.498571 -63.332086 0.595898 0.589973 0.000000 5.759610 0.359375
  983 2.775450 -49.534839 0.497461 0.631984 0.000000 6.965826 0.287109
  984 4.169999 -52.797061 0.511523 0.476474 0.000000 6.553340 0.314453
  985 4.219663 -39.343260 0.581836 0.536068 0.000000 6.113737 0.341797
  986 3.431546 -40.740882 0.462305 1.221195 0.000000 7.056993 0.260742
  987 2.677542 -37.694839 0.636328 0.669424 0.000000 5.531173 0.350586
  988 2.454525 -39.978850 0.689062 0.845175 0.000000 4.713707 0.358398
  989 2.877716 -52.087228 0.551953 0.648774 0.000000 4.706335 0.373047
  990 2.252370 -42.457440 0.625781 0.708432 0.000000 5.183644 0.369141
  991 1.711724 -25.430913 0.720703 1.020407 0.000000 4.434826 0.422852
  992 1.562050 -39.595822 0.799805 0.819316 0.000000 3.685686 0.482422
  993 1.546135 -9.019162 0.841992 0.522300 0.000000 3.478022 0.505859
  994 1.381484 -20.310727 0.861328 0.968283 0.000000 3.755228 0.437500
  995 1.432581 -10.475730 0.757617 0.982335 0.000000 3.195169 0.501953
  996 1.531716 -8.609622 0.827930 0.706052 0.000000 2.753908 0.564453
  997 1.276484 -22.792615 0.856055 0.599263 0.000000 3.071233 0.542969
  998 1.323987 -7.775285 0.838477 0.752132 0.000000 3.603341 0.505859
  999 1.252025 -7.645714 0.877148 0.599490 0.000000 3.262627 0.515625
 1000 1.201850 -28.011375 0.636328 0.710702 0.000000 4.190201 0.415039
