    0   39.630    0.000  317.000    0.000   56.000    0.000    1.000    0.000 
    1   28.788    0.203  314.000    0.000   58.000    0.000    1.043    0.000 
    2   27.981    0.250  314.000    0.000   58.000    0.000    1.023    0.000 
    3   34.739    0.250  314.000    0.000   62.000    0.000    1.103    0.000 
    4   29.983    0.188  314.000    0.000   60.000    0.000    1.103    0.000 
    5   37.451    0.188  314.000    0.000   61.000    0.000    1.102    0.000 
    6   30.119    0.250  314.000    0.000   60.000    0.000    1.147    0.000 
    7   30.525    0.219  314.000    0.000   60.000    0.000    1.147    0.000 
    8   25.740    0.188  314.000    0.000   59.000    0.000    1.147    0.000 
    9   29.271    0.156  314.000    0.000   60.000    0.000    1.147    0.000 
   10   30.251    0.125  314.000    0.000   61.000    0.000    1.147    0.000 
   11   29.016    0.156  314.000    0.000   59.000    0.000    1.134    0.000 
   12   33.407    0.156  314.000    0.000   60.000    0.000    1.149    0.000 
   13   36.496    0.172  315.000    0.000   62.000    0.000    1.200    0.000 
   14   31.441    0.172  314.000    0.000   60.000    0.000    1.200    0.000 
   15   35.449    0.172  315.000    0.000   58.000    0.000    1.200    0.000 
   16   33.063    0.156  315.000    0.000   58.000    0.000    1.200    0.000 
   17   35.407    0.172  314.000    0.000   60.000    0.000    1.143    0.000 
   18   31.983    0.219  314.000    0.000   60.000    0.000    1.172    0.000 
   19   39.865    0.359  315.000    0.000   63.000    0.000    1.115    0.000 
   20   38.212    0.297  314.000    0.000   63.000    0.000    1.114    0.000 
   21   40.051    0.094  314.000    0.000   64.000    0.000    1.114    0.000 
   22   36.083    0.250  314.000    0.000   63.000    0.000    1.068    0.000 
   23   36.215    0.281  314.000    0.000   62.000    0.000    1.114    0.000 
   24   32.864    0.250  314.000    0.000   60.000    0.000    1.136    0.000 
   25   36.517    0.312  314.000    0.000   61.000    0.000    1.232    0.000 
   26   31.237    0.281  314.000    0.000   60.000    0.000    1.236    0.000 
   27   27.147    0.234  315.000    0.000   61.000    0.000    1.223    0.000 
   28   29.451    0.203  314.000    0.000   61.000    0.000    1.114    0.000 
   29   24.292    0.156  314.000    0.000   59.000    0.000    1.114    0.000 
   30   25.982    0.188  314.000    0.000   59.000    0.000    1.151    0.000 
   31   26.568    0.125  314.000    0.000   59.000    0.000    1.161    0.000 
   32   32.477    0.250  314.000    0.000   62.000    0.000    1.161    0.000 
   33   41.414    0.297  315.000    0.000   63.000    0.000    1.111    0.000 
   34   34.217    0.172  314.000    0.000   61.000    0.000    1.135    0.000 
   35   31.881    0.219  314.000    0.000   60.000    0.000    1.135    0.000 
   36   31.068    0.188  314.000    0.000   60.000    0.000    1.222    0.000 
   37   30.069    0.109  315.000    0.000   59.000    0.000    1.222    0.000 
   38   33.951    0.141  314.000    0.000   61.000    0.000    1.222    0.000 
   39   32.444    0.250  314.000    0.000   62.000    0.000    1.222    0.000 
   40   31.847    0.203  315.000    0.000   61.000    0.000    1.089    0.000 
   41   28.830    0.234  314.000    0.000   60.000    0.000    1.163    0.000 
   42   31.414    0.078  315.000    0.000   61.000    0.000    1.163    0.000 
   43   31.951    0.297  314.000    0.000   61.000    0.000    1.025    0.000 
   44   35.784    0.188  314.000    0.000   61.000    0.000    1.043    0.000 
   45   33.102    0.156  314.000    0.000   60.000    0.000    1.043    0.000 
   46   28.402    0.219  314.000    0.000   58.000    0.000    1.135    0.000 
   47   29.931    0.141  315.000    0.000   59.000    0.000    1.135    0.000 
   48   29.203    0.141  314.000    0.000   60.000    0.000    1.115    0.000 
   49   36.309    0.250  314.000    0.000   63.000    0.000    1.172    0.000 
   50   32.220    0.281  314.000    0.000   60.000    0.000    1.172    0.000 
   51   30.119    0.125  314.000    0.000   60.000    0.000    1.172    0.000 
   52   30.932    0.062  314.000    0.000   60.000    0.000    1.172    0.000 
   53   34.580    0.234  315.000    0.000   61.000    0.000    1.237    0.000 
   54   44.270    0.234  314.000    0.000   65.000    0.000    1.237    0.000 
   55   46.652    0.203  315.000    0.000   64.000    0.000    1.222    0.000 
   56   43.638    0.328  314.000    0.000   64.000    0.000    1.315    0.000 
   57   39.406    0.156  314.000    0.000   63.000    0.000    1.304    0.000 
   58   37.889    0.188  314.000    0.000   63.000    0.000    1.232    0.000 
   59   35.247    0.203  315.000    0.000   61.000    0.000    1.232    0.000 
   60   37.484    0.234  314.000    0.000   61.000    0.000    1.232    0.000 
   61   40.786    0.234  313.000    0.000   62.000    0.000    1.287    0.000 
   62   37.341    0.359  314.000    0.000   63.000    0.000    1.287    0.000 
   63   40.180    0.188  314.000    0.000   63.000    0.000    1.287    0.000 
   64   37.117    0.281  314.000    0.000   61.000    0.000    1.303    0.000 
   65   33.142    0.234  315.000    0.000   60.000    0.000    1.303    0.000 
   66   33.381    0.156  315.000    0.000   62.000    0.000    1.247    0.000 
   67   30.851    0.172  314.000    0.000   61.000    0.000    1.247    0.000 
   68   35.817    0.250  314.000    0.000   61.000    0.000    1.247    0.000 
   69   36.351    0.250  314.000    0.000   61.000    0.000    1.236    0.000 
   70   34.627    0.156  314.000    0.000   60.000    0.000    1.297    0.000 
   71   32.534    0.188  314.000    0.000   59.000    0.000    1.304    0.000 
   72   37.551    0.203  315.000    0.000   59.000    0.000    1.122    0.000 
   73   33.610    0.141  314.000    0.000   60.000    0.000    1.236    0.000 
   74   37.881    0.156  314.000    0.000   60.000    0.000    1.236    0.000 
   75   29.949    0.156  314.000    0.000   60.000    0.000    1.171    0.000 
   76   29.678    0.094  314.000    0.000   60.000    0.000    1.111    0.000 
   77   34.772    0.156  314.000    0.000   62.000    0.000    1.041    0.000 
   78   39.067    0.281  314.000    0.000   64.000    0.000    1.194    0.000 
   79   37.895    0.250  314.000    0.000   65.000    0.000    1.194    0.000 
   80   40.420    0.031  314.000    0.000   66.000    0.000    1.194    0.000 
   81   52.194    0.219  314.000    0.000   71.000    0.000    1.237    0.000 
   82   38.176    0.188  314.000    0.000   65.000    0.000    1.144    0.000 
   83   36.341    0.219  314.000    0.000   63.000    0.000    1.113    0.000 
   84   44.429    0.297  315.000    0.000   64.000    0.000    1.364    0.000 
   85   45.541    0.250  315.000    0.000   64.000    0.000    1.289    0.000 
   86   42.922    0.141  314.000    0.000   63.000    0.000    1.289    0.000 
   87   44.785    0.203  313.000    0.000   63.000    0.000    1.235    0.000 
   88   45.541    0.219  315.000    0.000   64.000    0.000    1.237    0.000 
   89   46.373    0.172  314.000    0.000   63.000    0.000    1.237    0.000 
   90   41.751    0.219  314.000    0.000   61.000    0.000    1.387    0.000 
   91   39.526    0.156  314.000    0.000   62.000    0.000    1.448    0.000 
   92   45.130    0.125  314.000    0.000   64.000    0.000    1.289    0.000 
   93   39.348    0.203  315.000    0.000   62.000    0.000    1.289    0.000 
   94   35.617    0.203  314.000    0.000   61.000    0.000    1.364    0.000 
   95   33.000    0.172  315.000    0.000   59.000    0.000    1.306    0.000 
   96   37.151    0.234  314.000    0.000   61.000    0.000    1.306    0.000 
   97   43.020    0.234  315.000    0.000   62.000    0.000    1.306    0.000 
   98   34.692    0.312  315.000    0.000   62.000    0.000    1.183    0.000 
   99   33.347    0.156  315.000    0.000   61.000    0.000    1.122    0.000 
  100   33.264    0.078  314.000    0.000   62.000    0.000    1.122    0.000 
  101   38.227    0.203  315.000    0.000   60.000    0.000    1.122    0.000 
  102   32.189    0.203  314.000    0.000   59.000    0.000    1.194    0.000 
  103   27.361    0.156  314.000    0.000   59.000    0.000    1.194    0.000 
  104   26.622    0.188  314.000    0.000   57.000    0.000    1.109    0.000 
  105   25.396    0.094  314.000    0.000   56.000    0.000    1.110    0.000 
  106   33.000    0.172  315.000    0.000   59.000    0.000    1.055    0.000 
  107   33.689    0.250  315.000    0.000   59.000    0.000    1.055    0.000 
  108   29.775    0.234  314.000    0.000   59.000    0.000    1.110    0.000 
  109   26.586    0.188  314.000    0.000   57.000    0.000    1.110    0.000 
  110   31.694    0.219  314.000    0.000   57.000    0.000    1.055    0.000 
  111   38.000    0.172  315.000    0.000   59.000    0.000    1.111    0.000 
  112   38.292    0.266  314.000    0.000   59.000    0.000    1.057    0.000 
  113   37.655    0.203  315.000    0.000   59.000    0.000    1.048    0.000 
  114   39.983    0.234  314.000    0.000   60.000    0.000    1.048    0.000 
  115   31.576    0.281  314.000    0.000   60.000    0.000    1.111    0.000 
  116   36.346    0.125  314.000    0.000   62.000    0.000    1.115    0.000 
  117   33.251    0.125  314.000    0.000   61.000    0.000    1.115    0.000 
  118   34.951    0.188  314.000    0.000   61.000    0.000    1.112    0.000 
  119   26.932    0.156  314.000    0.000   60.000    0.000    1.171    0.000 
  120   30.347    0.172  315.000    0.000   61.000    0.000    1.144    0.000 
  121   29.315    0.156  315.000    0.000   62.000    0.000    1.247    0.000 
  122   31.381    0.250  315.000    0.000   63.000    0.000    1.247    0.000 
  123   26.408    0.234  314.000    0.000   57.000    0.000    1.151    0.000 
  124   26.235    0.109  315.000    0.000   57.000    0.000    1.151    0.000 
  125   26.296    0.234  314.000    0.000   58.000    0.000    1.198    0.000 
  126   28.159    0.234  315.000    0.000   60.000    0.000    1.153    0.000 
  127   29.483    0.094  315.000    0.000   59.000    0.000    1.194    0.000 
  128   29.292    0.203  314.000    0.000   59.000    0.000    1.194    0.000 
  129   36.148    0.250  314.000    0.000   63.000    0.000    1.238    0.000 
  130   40.647    0.266  315.000    0.000   61.000    0.000    1.238    0.000 
  131   34.080    0.281  315.000    0.000   61.000    0.000    1.238    0.000 
  132   33.690    0.203  314.000    0.000   62.000    0.000    1.074    0.000 
  133   34.115    0.156  314.000    0.000   63.000    0.000    1.185    0.000 
  134   36.252    0.297  315.000    0.000   63.000    0.000    1.185    0.000 
  135   36.484    0.328  314.000    0.000   61.000    0.000    1.206    0.000 
  136   32.602    0.188  314.000    0.000   59.000    0.000    1.184    0.000 
  137   34.114    0.172  315.000    0.000   61.000    0.000    1.195    0.000 
  138   34.551    0.203  314.000    0.000   61.000    0.000    1.110    0.000 
  139   39.639    0.141  315.000    0.000   63.000    0.000    1.183    0.000 
  140   35.741    0.250  315.000    0.000   62.000    0.000    1.183    0.000 
  141   36.674    0.234  314.000    0.000   62.000    0.000    1.183    0.000 
  142   30.651    0.219  314.000    0.000   61.000    0.000    1.183    0.000 
  143   34.280    0.125  314.000    0.000   62.000    0.000    1.265    0.000 
  144   37.277    0.188  314.000    0.000   63.000    0.000    1.265    0.000 
  145   34.220    0.109  315.000    0.000   63.000    0.000    1.135    0.000 
  146   38.271    0.125  315.000    0.000   64.000    0.000    1.135    0.000 
  147   32.147    0.188  315.000    0.000   61.000    0.000    1.136    0.000 
  148   36.547    0.156  315.000    0.000   61.000    0.000    1.136    0.000 
  149   33.908    0.188  313.000    0.000   60.000    0.000    1.136    0.000 
  150   33.508    0.172  314.000    0.000   60.000    0.000    1.136    0.000 
  151   31.339    0.344  314.000    0.000   60.000    0.000    1.193    0.000 
  152   37.526    0.188  314.000    0.000   62.000    0.000    1.193    0.000 
  153   32.421    0.234  313.000    0.000   61.000    0.000    1.249    0.000 
  154   26.661    0.172  314.000    0.000   60.000    0.000    1.249    0.000 
  155   29.277    0.188  314.000    0.000   63.000    0.000    1.341    0.000 
  156   29.512    0.203  315.000    0.000   62.000    0.000    1.193    0.000 
  157   34.971    0.141  314.000    0.000   64.000    0.000    1.358    0.000 
  158   33.801    0.234  315.000    0.000   63.000    0.000    1.283    0.000 
  159   28.851    0.141  314.000    0.000   61.000    0.000    1.249    0.000 
  160   30.018    0.219  314.000    0.000   63.000    0.000    1.249    0.000 
  161   29.599    0.219  314.000    0.000   63.000    0.000    1.429    0.000 
  162   35.924    0.219  314.000    0.000   64.000    0.000    1.332    0.000 
  163   37.003    0.250  314.000    0.000   64.000    0.000    1.341    0.000 
  164   31.704    0.203  315.000    0.000   63.000    0.000    1.281    0.000 
  165   38.400    0.234  314.000    0.000   64.000    0.000    1.281    0.000 
  166   35.352    0.219  314.000    0.000   64.000    0.000    1.446    0.000 
  167   35.895    0.188  314.000    0.000   65.000    0.000    1.446    0.000 
  168   35.860    0.219  314.000    0.000   64.000    0.000    1.372    0.000 
  169   29.714    0.203  315.000    0.000   61.000    0.000    1.379    0.000 
  170   32.575    0.172  314.000    0.000   62.000    0.000    1.343    0.000 
  171   30.288    0.234  313.000    0.000   61.000    0.000    1.343    0.000 
  172   27.305    0.141  314.000    0.000   60.000    0.000    1.414    0.000 
  173   30.651    0.062  314.000    0.000   61.000    0.000    1.393    0.000 
  174   37.825    0.156  314.000    0.000   63.000    0.000    1.400    0.000 
  175   38.801    0.234  315.000    0.000   63.000    0.000    1.481    0.000 
  176   37.315    0.250  315.000    0.000   62.000    0.000    1.396    0.000 
  177   30.984    0.297  314.000    0.000   61.000    0.000    1.308    0.000 
  178   27.292    0.156  314.000    0.000   59.000    0.000    1.308    0.000 
  179   30.390    0.188  314.000    0.000   60.000    0.000    1.247    0.000 
  180   28.612    0.125  314.000    0.000   58.000    0.000    1.247    0.000 
  181   32.775    0.062  314.000    0.000   59.000    0.000    1.247    0.000 
  182   30.682    0.156  314.000    0.000   58.000    0.000    1.342    0.000 
  183   36.347    0.297  315.000    0.000   61.000    0.000    1.303    0.000 
  184   32.152    0.141  314.000    0.000   60.000    0.000    1.167    0.000 
  185   30.327    0.219  314.000    0.000   59.000    0.000    1.194    0.000 
  186   32.689    0.297  315.000    0.000   59.000    0.000    1.247    0.000 
  187   29.327    0.266  314.000    0.000   59.000    0.000    1.203    0.000 
  188   30.568    0.219  314.000    0.000   59.000    0.000    1.308    0.000 
  189   28.559    0.250  314.000    0.000   60.000    0.000    1.308    0.000 
  190   31.617    0.219  314.000    0.000   61.000    0.000    1.281    0.000 
  191   35.244    0.172  315.000    0.000   60.000    0.000    1.350    0.000 
  192   33.784    0.234  314.000    0.000   61.000    0.000    1.247    0.000 
  193   33.380    0.172  315.000    0.000   61.000    0.000    1.156    0.000 
  194   36.280    0.266  314.000    0.000   62.000    0.000    1.156    0.000 
  195   35.000    0.250  314.000    0.000   60.000    0.000    1.191    0.000 
  196   35.820    0.203  315.000    0.000   60.000    0.000    1.191    0.000 
  197   25.244    0.203  314.000    0.000   58.000    0.000    1.238    0.000 
  198   32.220    0.156  314.000    0.000   60.000    0.000    1.238    0.000 
  199   33.237    0.219  314.000    0.000   60.000    0.000    1.293    0.000 
  200   31.448    0.297  315.000    0.000   59.000    0.000    1.208    0.000 
  201   30.525    0.234  314.000    0.000   60.000    0.000    1.208    0.000 
  202   34.496    0.297  315.000    0.000   62.000    0.000    1.208    0.000 
  203   34.397    0.125  315.000    0.000   62.000    0.000    1.208    0.000 
  204   33.817    0.203  314.000    0.000   61.000    0.000    1.139    0.000 
  205   31.684    0.188  314.000    0.000   61.000    0.000    1.139    0.000 
  206   37.638    0.219  314.000    0.000   64.000    0.000    1.236    0.000 
  207   36.922    0.094  314.000    0.000   63.000    0.000    1.236    0.000 
  208   41.763    0.203  315.000    0.000   64.000    0.000    1.236    0.000 
  209   33.051    0.203  314.000    0.000   61.000    0.000    1.247    0.000 
  210   37.118    0.172  315.000    0.000   62.000    0.000    1.247    0.000 
  211   29.117    0.172  314.000    0.000   61.000    0.000    1.208    0.000 
  212   33.914    0.188  316.000    0.000   59.000    0.000    1.218    0.000 
  213   30.547    0.297  315.000    0.000   61.000    0.000    1.200    0.000 
  214   32.151    0.203  314.000    0.000   61.000    0.000    1.261    0.000 
  215   35.889    0.188  314.000    0.000   63.000    0.000    1.200    0.000 
  216   34.051    0.156  314.000    0.000   62.000    0.000    1.200    0.000 
  217   34.817    0.125  314.000    0.000   61.000    0.000    1.147    0.000 
  218   29.417    0.156  314.000    0.000   61.000    0.000    1.151    0.000 
  219   32.517    0.188  314.000    0.000   61.000    0.000    1.263    0.000 
  220   30.793    0.141  315.000    0.000   59.000    0.000    1.256    0.000 
  221   30.887    0.156  315.000    0.000   58.000    0.000    1.172    0.000 
  222   27.775    0.234  314.000    0.000   59.000    0.000    1.261    0.000 
  223   25.671    0.188  314.000    0.000   59.000    0.000    1.195    0.000 
  224   29.982    0.219  314.000    0.000   59.000    0.000    1.089    0.000 
  225   30.016    0.219  314.000    0.000   58.000    0.000    1.195    0.000 
  226   30.642    0.234  315.000    0.000   58.000    0.000    1.115    0.000 
  227   30.021    0.125  315.000    0.000   57.000    0.000    1.064    0.000 
  228   28.717    0.203  314.000    0.000   58.000    0.000    1.081    0.000 
  229   31.292    0.281  314.000    0.000   59.000    0.000    1.135    0.000 
  230   29.844    0.156  314.000    0.000   59.000    0.000    1.153    0.000 
  231   28.551    0.125  314.000    0.000   61.000    0.000    1.071    0.000 
  232   34.594    0.203  315.000    0.000   62.000    0.000    1.071    0.000 
  233   29.800    0.250  315.000    0.000   58.000    0.000    1.107    0.000 
  234   28.872    0.047  314.000    0.000   57.000    0.000    1.108    0.000 
  235   30.367    0.219  314.000    0.000   58.000    0.000    1.040    0.000 
  236   33.614    0.172  315.000    0.000   61.000    0.000    1.119    0.000 
  237   28.085    0.172  314.000    0.000   59.000    0.000    1.109    0.000 
  238   31.069    0.234  315.000    0.000   59.000    0.000    1.170    0.000 
  239   34.517    0.141  314.000    0.000   61.000    0.000    1.140    0.000 
  240   32.702    0.234  315.000    0.000   60.000    0.000    1.140    0.000 
  241   30.817    0.078  314.000    0.000   61.000    0.000    1.167    0.000 
  242   34.659    0.203  315.000    0.000   62.000    0.000    1.194    0.000 
  243   35.889    0.109  314.000    0.000   63.000    0.000    1.194    0.000 
  244   31.851    0.156  314.000    0.000   61.000    0.000    1.194    0.000 
  245   32.411    0.281  314.000    0.000   62.000    0.000    1.271    0.000 
  246   36.870    0.219  314.000    0.000   62.000    0.000    1.236    0.000 
  247   36.973    0.297  315.000    0.000   60.000    0.000    1.271    0.000 
  248   36.525    0.172  314.000    0.000   60.000    0.000    1.291    0.000 
  249   33.451    0.156  314.000    0.000   61.000    0.000    1.291    0.000 
  250   37.493    0.094  314.000    0.000   62.000    0.000    1.291    0.000 
  251   31.580    0.266  315.000    0.000   61.000    0.000    1.236    0.000 
  252   35.920    0.266  314.000    0.000   62.000    0.000    1.110    0.000 
  253   30.200    0.234  315.000    0.000   62.000    0.000    1.183    0.000 
  254   31.765    0.109  314.000    0.000   64.000    0.000    1.142    0.000 
  255   29.987    0.219  314.000    0.000   64.000    0.000    1.180    0.000 
  256   28.962    0.141  315.000    0.000   63.000    0.000    1.180    0.000 
  257   30.870    0.203  314.000    0.000   62.000    0.000    1.226    0.000 
  258   31.315    0.203  315.000    0.000   62.000    0.000    1.187    0.000 
  259   31.123    0.281  315.000    0.000   63.000    0.000    1.179    0.000 
  260   29.741    0.125  315.000    0.000   62.000    0.000    1.176    0.000 
  261   27.821    0.078  314.000    0.000   62.000    0.000    1.222    0.000 
  262   26.146    0.203  313.000    0.000   60.000    0.000    1.270    0.000 
  263   26.751    0.172  314.000    0.000   61.000    0.000    1.226    0.000 
  264   27.446    0.141  315.000    0.000   62.000    0.000    1.226    0.000 
  265   28.299    0.188  315.000    0.000   62.000    0.000    1.361    0.000 
  266   25.373    0.141  314.000    0.000   60.000    0.000    1.361    0.000 
  267   33.680    0.266  315.000    0.000   61.000    0.000    1.361    0.000 
  268   29.198    0.141  314.000    0.000   62.000    0.000    1.381    0.000 
  269   28.984    0.094  314.000    0.000   61.000    0.000    1.376    0.000 
  270   30.567    0.156  314.000    0.000   63.000    0.000    1.371    0.000 
  271   28.651    0.188  314.000    0.000   61.000    0.000    1.320    0.000 
  272   32.480    0.141  315.000    0.000   61.000    0.000    1.353    0.000 
  273   34.102    0.094  315.000    0.000   62.000    0.000    1.353    0.000 
  274   34.438    0.203  314.000    0.000   63.000    0.000    1.295    0.000 
  275   36.019    0.094  314.000    0.000   64.000    0.000    1.295    0.000 
  276   32.962    0.203  315.000    0.000   63.000    0.000    1.295    0.000 
  277   26.491    0.172  314.000    0.000   60.000    0.000    1.260    0.000 
  278   25.670    0.172  313.000    0.000   58.000    0.000    1.273    0.000 
  279   27.499    0.172  314.000    0.000   59.000    0.000    1.273    0.000 
  280   33.888    0.266  313.000    0.000   61.000    0.000    1.231    0.000 
  281   34.148    0.203  314.000    0.000   63.000    0.000    1.231    0.000 
  282   27.644    0.219  314.000    0.000   60.000    0.000    1.250    0.000 
  283   32.018    0.125  314.000    0.000   62.000    0.000    1.250    0.000 
  284   27.203    0.188  314.000    0.000   60.000    0.000    1.250    0.000 
  285   34.784    0.219  314.000    0.000   61.000    0.000    1.190    0.000 
  286   31.884    0.188  314.000    0.000   61.000    0.000    1.250    0.000 
  287   30.763    0.125  314.000    0.000   60.000    0.000    1.250    0.000 
  288   35.760    0.156  314.000    0.000   63.000    0.000    1.250    0.000 
  289   35.696    0.281  314.000    0.000   63.000    0.000    1.400    0.000 
  290   39.987    0.188  314.000    0.000   64.000    0.000    1.400    0.000 
  291   36.874    0.234  315.000    0.000   64.000    0.000    1.370    0.000 
  292   37.238    0.234  314.000    0.000   65.000    0.000    1.370    0.000 
  293   43.802    0.109  315.000    0.000   68.000    0.000    1.274    0.000 
  294   36.527    0.172  314.000    0.000   64.000    0.000    1.271    0.000 
  295   42.696    0.219  314.000    0.000   63.000    0.000    1.271    0.000 
  296   44.144    0.234  315.000    0.000   64.000    0.000    1.271    0.000 
  297   32.559    0.203  314.000    0.000   64.000    0.000    1.243    0.000 
  298   33.832    0.094  314.000    0.000   65.000    0.000    1.243    0.000 
  299   33.575    0.156  314.000    0.000   64.000    0.000    1.243    0.000 
  300   29.018    0.219  314.000    0.000   63.000    0.000    1.187    0.000 
  301   29.309    0.062  314.000    0.000   63.000    0.000    1.237    0.000 
  302   31.384    0.062  314.000    0.000   64.000    0.000    1.237    0.000 
  303   32.180    0.156  314.000    0.000   63.000    0.000    1.303    0.000 
  304   29.951    0.125  314.000    0.000   61.000    0.000    1.303    0.000 
  305   31.535    0.125  314.000    0.000   63.000    0.000    1.303    0.000 
  306   37.278    0.203  313.000    0.000   62.000    0.000    1.303    0.000 
  307   31.788    0.172  314.000    0.000   62.000    0.000    1.303    0.000 
  308   34.717    0.156  314.000    0.000   64.000    0.000    1.303    0.000 
  309   38.320    0.172  315.000    0.000   65.000    0.000    1.377    0.000 
  310   40.686    0.141  314.000    0.000   64.000    0.000    1.306    0.000 
  311   37.709    0.328  315.000    0.000   62.000    0.000    1.277    0.000 
  312   29.484    0.234  314.000    0.000   61.000    0.000    1.243    0.000 
  313   29.384    0.188  314.000    0.000   61.000    0.000    1.276    0.000 
  314   36.551    0.219  314.000    0.000   65.000    0.000    1.363    0.000 
  315   31.517    0.156  314.000    0.000   61.000    0.000    1.306    0.000 
  316   30.844    0.188  314.000    0.000   59.000    0.000    1.237    0.000 
  317   30.291    0.172  315.000    0.000   58.000    0.000    1.303    0.000 
  318   35.461    0.203  314.000    0.000   62.000    0.000    1.306    0.000 
  319   32.932    0.188  314.000    0.000   60.000    0.000    1.383    0.000 
  320   28.517    0.156  314.000    0.000   61.000    0.000    1.383    0.000 
  321   25.305    0.156  314.000    0.000   60.000    0.000    1.396    0.000 
  322   25.441    0.156  314.000    0.000   60.000    0.000    1.396    0.000 
  323   28.655    0.141  315.000    0.000   59.000    0.000    1.396    0.000 
  324   32.288    0.172  314.000    0.000   60.000    0.000    1.396    0.000 
  325   30.593    0.219  314.000    0.000   60.000    0.000    1.460    0.000 
  326   38.551    0.156  314.000    0.000   65.000    0.000    1.460    0.000 
  327   32.903    0.250  314.000    0.000   62.000    0.000    1.377    0.000 
  328   31.252    0.203  315.000    0.000   63.000    0.000    1.458    0.000 
  329   35.448    0.172  314.000    0.000   64.000    0.000    1.446    0.000 
  330   43.351    0.172  315.000    0.000   65.000    0.000    1.299    0.000 
  331   33.451    0.266  314.000    0.000   61.000    0.000    1.321    0.000 
  332   29.198    0.219  314.000    0.000   62.000    0.000    1.321    0.000 
  333   26.180    0.109  315.000    0.000   61.000    0.000    1.448    0.000 
  334   26.309    0.266  314.000    0.000   63.000    0.000    1.362    0.000 
  335   29.083    0.125  314.000    0.000   63.000    0.000    1.307    0.000 
  336   24.917    0.188  314.000    0.000   61.000    0.000    1.374    0.000 
  337   26.212    0.219  314.000    0.000   63.000    0.000    1.448    0.000 
  338   27.857    0.125  314.000    0.000   63.000    0.000    1.448    0.000 
  339   30.084    0.188  314.000    0.000   62.000    0.000    1.304    0.000 
  340   35.657    0.125  314.000    0.000   62.000    0.000    1.362    0.000 
  341   36.112    0.172  315.000    0.000   64.000    0.000    1.447    0.000 
  342   36.750    0.219  313.000    0.000   65.000    0.000    1.447    0.000 
  343   39.687    0.141  314.000    0.000   67.000    0.000    1.447    0.000 
  344   39.176    0.281  314.000    0.000   65.000    0.000    1.481    0.000 
  345   36.559    0.094  314.000    0.000   64.000    0.000    1.481    0.000 
  346   40.521    0.234  315.000    0.000   66.000    0.000    1.586    0.000 
  347   35.226    0.219  315.000    0.000   65.000    0.000    1.586    0.000 
  348   35.416    0.141  314.000    0.000   64.000    0.000    1.630    0.000 
  349   40.521    0.297  315.000    0.000   66.000    0.000    1.691    0.000 
  350   35.051    0.203  314.000    0.000   67.000    0.000    1.691    0.000 
  351   42.678    0.203  315.000    0.000   69.000    0.000    1.691    0.000 
  352   37.897    0.203  314.000    0.000   66.000    0.000    1.586    0.000 
  353   41.111    0.156  314.000    0.000   67.000    0.000    1.436    0.000 
  354   38.578    0.109  315.000    0.000   68.000    0.000    1.436    0.000 
  355   42.011    0.188  315.000    0.000   68.000    0.000    1.552    0.000 
  356   44.178    0.281  315.000    0.000   69.000    0.000    1.552    0.000 
  357   46.384    0.188  315.000    0.000   69.000    0.000    1.630    0.000 
  358   40.205    0.203  314.000    0.000   66.000    0.000    1.562    0.000 
  359   38.552    0.297  315.000    0.000   66.000    0.000    1.562    0.000 
  360   39.167    0.031  315.000    0.000   66.000    0.000    1.562    0.000 
  361   33.130    0.109  314.000    0.000   64.000    0.000    1.661    0.000 
  362   35.738    0.219  314.000    0.000   65.000    0.000    1.737    0.000 
  363   37.782    0.219  314.000    0.000   68.000    0.000    1.760    0.000 
  364   39.424    0.219  314.000    0.000   68.000    0.000    1.796    0.000 
  365   37.414    0.156  314.000    0.000   67.000    0.000    1.796    0.000 
  366   28.793    0.281  314.000    0.000   63.000    0.000    1.600    0.000 
  367   30.957    0.125  314.000    0.000   65.000    0.000    1.552    0.000 
  368   31.223    0.172  315.000    0.000   64.000    0.000    1.621    0.000 
  369   24.882    0.203  314.000    0.000   66.000    0.000    1.749    0.000 
  370   31.225    0.156  314.000    0.000   64.000    0.000    1.803    0.000 
  371   28.969    0.109  315.000    0.000   64.000    0.000    1.803    0.000 
  372   28.916    0.203  314.000    0.000   68.000    0.000    1.874    0.000 
  373   24.687    0.125  314.000    0.000   67.000    0.000    1.657    0.000 
  374   31.832    0.344  314.000    0.000   65.000    0.000    1.657    0.000 
  375   30.019    0.188  314.000    0.000   64.000    0.000    1.737    0.000 
  376   31.051    0.250  314.000    0.000   65.000    0.000    1.733    0.000 
  377   26.214    0.203  315.000    0.000   66.000    0.000    1.674    0.000 
  378   23.606    0.203  314.000    0.000   64.000    0.000    1.781    0.000 
  379   27.865    0.141  315.000    0.000   63.000    0.000    1.804    0.000 
  380   25.448    0.078  314.000    0.000   64.000    0.000    1.804    0.000 
  381   28.182    0.188  314.000    0.000   62.000    0.000    1.733    0.000 
  382   31.320    0.141  315.000    0.000   65.000    0.000    1.620    0.000 
  383   28.113    0.172  314.000    0.000   65.000    0.000    1.620    0.000 
  384   28.813    0.094  314.000    0.000   64.000    0.000    1.518    0.000 
  385   27.599    0.156  314.000    0.000   63.000    0.000    1.733    0.000 
  386   24.313    0.125  314.000    0.000   62.000    0.000    1.733    0.000 
  387   29.164    0.109  315.000    0.000   65.000    0.000    1.630    0.000 
  388   29.887    0.203  314.000    0.000   62.000    0.000    1.630    0.000 
  389   35.721    0.172  315.000    0.000   66.000    0.000    1.600    0.000 
  390   31.829    0.266  314.000    0.000   64.000    0.000    1.865    0.000 
  391   35.195    0.172  315.000    0.000   65.000    0.000    1.750    0.000 
  392   38.789    0.172  314.000    0.000   66.000    0.000    1.644    0.000 
  393   29.018    0.125  314.000    0.000   63.000    0.000    1.551    0.000 
  394   25.067    0.219  314.000    0.000   62.000    0.000    1.529    0.000 
  395   26.889    0.141  315.000    0.000   62.000    0.000    1.529    0.000 
  396   30.889    0.141  314.000    0.000   63.000    0.000    1.509    0.000 
  397   35.793    0.219  314.000    0.000   63.000    0.000    1.468    0.000 
  398   33.664    0.219  314.000    0.000   63.000    0.000    1.496    0.000 
  399   35.511    0.156  314.000    0.000   64.000    0.000    1.486    0.000 
  400   32.328    0.219  314.000    0.000   66.000    0.000    1.520    0.000 
  401   29.717    0.219  314.000    0.000   67.000    0.000    1.474    0.000 
  402   33.155    0.156  314.000    0.000   68.000    0.000    1.474    0.000 
  403   27.384    0.219  314.000    0.000   67.000    0.000    1.474    0.000 
  404   34.583    0.172  315.000    0.000   66.000    0.000    1.474    0.000 
  405   34.988    0.203  314.000    0.000   65.000    0.000    1.514    0.000 
  406   38.081    0.156  314.000    0.000   68.000    0.000    1.601    0.000 
  407   33.238    0.094  314.000    0.000   65.000    0.000    1.514    0.000 
  408   33.026    0.141  313.000    0.000   66.000    0.000    1.514    0.000 
  409   25.789    0.094  315.000    0.000   65.000    0.000    1.585    0.000 
  410   24.863    0.141  314.000    0.000   65.000    0.000    1.585    0.000 
  411   23.332    0.094  314.000    0.000   65.000    0.000    1.585    0.000 
  412   20.749    0.125  314.000    0.000   64.000    0.000    1.585    0.000 
  413   20.575    0.156  314.000    0.000   62.000    0.000    1.554    0.000 
  414   24.502    0.156  314.000    0.000   63.000    0.000    1.749    0.000 
  415   21.986    0.156  314.000    0.000   63.000    0.000    1.733    0.000 
  416   22.411    0.188  314.000    0.000   62.000    0.000    1.717    0.000 
  417   33.821    0.156  314.000    0.000   62.000    0.000    1.610    0.000 
  418   30.114    0.172  315.000    0.000   61.000    0.000    1.610    0.000 
  419   26.017    0.141  314.000    0.000   61.000    0.000    1.717    0.000 
  420   25.478    0.172  315.000    0.000   63.000    0.000    1.803    0.000 
  421   17.821    0.141  314.000    0.000   62.000    0.000    1.803    0.000 
  422   25.223    0.141  315.000    0.000   64.000    0.000    1.803    0.000 
  423   21.162    0.141  314.000    0.000   64.000    0.000    1.803    0.000 
  424   24.632    0.172  315.000    0.000   65.000    0.000    1.776    0.000 
  425   19.255    0.250  315.000    0.000   64.000    0.000    1.776    0.000 
  426   17.373    0.203  314.000    0.000   63.000    0.000    1.776    0.000 
  427   22.017    0.172  315.000    0.000   64.000    0.000    1.787    0.000 
  428   19.956    0.109  314.000    0.000   64.000    0.000    1.787    0.000 
  429   34.789    0.281  314.000    0.000   66.000    0.000    1.787    0.000 
  430   34.676    0.219  314.000    0.000   65.000    0.000    1.825    0.000 
  431   33.699    0.234  315.000    0.000   64.000    0.000    1.825    0.000 
  432   24.757    0.219  315.000    0.000   65.000    0.000    1.803    0.000 
  433   27.162    0.109  314.000    0.000   64.000    0.000    1.803    0.000 
  434   28.767    0.141  315.000    0.000   66.000    0.000    1.865    0.000 
  435   24.241    0.109  314.000    0.000   64.000    0.000    1.865    0.000 
  436   25.384    0.062  314.000    0.000   64.000    0.000    1.930    0.000 
  437   30.017    0.203  315.000    0.000   64.000    0.000    1.930    0.000 
  438   28.358    0.172  314.000    0.000   66.000    0.000    1.930    0.000 
  439   24.833    0.141  315.000    0.000   63.000    0.000    1.741    0.000 
  440   23.728    0.141  314.000    0.000   63.000    0.000    1.750    0.000 
  441   25.117    0.094  314.000    0.000   61.000    0.000    1.930    0.000 
  442   30.528    0.141  315.000    0.000   62.000    0.000    1.934    0.000 
  443   30.148    0.109  314.000    0.000   63.000    0.000    1.934    0.000 
  444   23.651    0.125  314.000    0.000   61.000    0.000    1.805    0.000 
  445   27.315    0.078  315.000    0.000   62.000    0.000    1.805    0.000 
  446   21.184    0.203  314.000    0.000   61.000    0.000    1.741    0.000 
  447   24.037    0.078  315.000    0.000   62.000    0.000    1.741    0.000 
  448   27.756    0.234  314.000    0.000   62.000    0.000    1.865    0.000 
  449   30.017    0.062  314.000    0.000   60.000    0.000    1.865    0.000 
  450   32.252    0.172  315.000    0.000   63.000    0.000    1.865    0.000 
  451   32.082    0.141  314.000    0.000   64.000    0.000    1.874    0.000 
  452   33.746    0.188  314.000    0.000   60.000    0.000    1.750    0.000 
  453   22.120    0.219  314.000    0.000   59.000    0.000    1.738    0.000 
  454   21.210    0.078  315.000    0.000   60.000    0.000    1.738    0.000 
  455   21.217    0.234  314.000    0.000   61.000    0.000    1.745    0.000 
  456   23.250    0.141  315.000    0.000   62.000    0.000    1.745    0.000 
  457   20.984    0.141  314.000    0.000   61.000    0.000    1.869    0.000 
  458   28.309    0.250  314.000    0.000   63.000    0.000    1.874    0.000 
  459   35.066    0.125  314.000    0.000   66.000    0.000    1.874    0.000 
  460   31.128    0.250  314.000    0.000   66.000    0.000    1.803    0.000 
  461   29.926    0.062  314.000    0.000   65.000    0.000    1.803    0.000 
  462   26.149    0.094  314.000    0.000   62.000    0.000    1.803    0.000 
  463   28.819    0.047  313.000    0.000   62.000    0.000    1.803    0.000 
  464   36.051    0.203  314.000    0.000   66.000    0.000    1.803    0.000 
  465   44.515    0.250  314.000    0.000   70.000    0.000    1.803    0.000 
  466   37.497    0.312  314.000    0.000   66.000    0.000    1.796    0.000 
  467   42.040    0.234  315.000    0.000   68.000    0.000    1.796    0.000 
  468   38.323    0.172  314.000    0.000   67.000    0.000    1.803    0.000 
  469   40.183    0.172  315.000    0.000   66.000    0.000    1.803    0.000 
  470   35.301    0.109  314.000    0.000   65.000    0.000    1.803    0.000 
  471   42.109    0.219  314.000    0.000   70.000    0.000    1.803    0.000 
  472   33.145    0.250  314.000    0.000   65.000    0.000    1.803    0.000 
  473   26.502    0.125  314.000    0.000   63.000    0.000    1.794    0.000 
  474   28.172    0.203  313.000    0.000   63.000    0.000    1.794    0.000 
  475   31.457    0.203  314.000    0.000   65.000    0.000    1.804    0.000 
  476   35.257    0.094  314.000    0.000   64.000    0.000    1.857    0.000 
  477   38.175    0.203  315.000    0.000   64.000    0.000    1.794    0.000 
  478   29.416    0.141  314.000    0.000   64.000    0.000    1.803    0.000 
  479   27.813    0.203  313.000    0.000   65.000    0.000    1.803    0.000 
  480   32.020    0.203  314.000    0.000   66.000    0.000    1.818    0.000 
  481   38.652    0.203  315.000    0.000   64.000    0.000    1.610    0.000 
  482   30.622    0.219  313.000    0.000   62.000    0.000    1.929    0.000 
  483   26.527    0.172  314.000    0.000   64.000    0.000    1.804    0.000 
  484   37.660    0.172  315.000    0.000   66.000    0.000    1.684    0.000 
  485   41.657    0.141  314.000    0.000   67.000    0.000    1.803    0.000 
  486   41.282    0.188  314.000    0.000   66.000    0.000    1.872    0.000 
  487   37.194    0.156  314.000    0.000   64.000    0.000    1.803    0.000 
  488   40.552    0.203  315.000    0.000   66.000    0.000    1.938    0.000 
  489   39.290    0.312  315.000    0.000   66.000    0.000    1.946    0.000 
  490   39.505    0.203  314.000    0.000   67.000    0.000    1.946    0.000 
  491   37.139    0.312  314.000    0.000   69.000    0.000    2.013    0.000 
  492   38.081    0.219  314.000    0.000   68.000    0.000    1.930    0.000 
  493   31.488    0.188  314.000    0.000   65.000    0.000    1.930    0.000 
  494   37.005    0.156  314.000    0.000   66.000    0.000    1.930    0.000 
  495   40.959    0.328  315.000    0.000   67.000    0.000    2.177    0.000 
  496   34.235    0.141  314.000    0.000   66.000    0.000    2.177    0.000 
  497   36.512    0.125  314.000    0.000   66.000    0.000    2.177    0.000 
  498   34.112    0.156  314.000    0.000   66.000    0.000    2.177    0.000 
  499   32.990    0.219  314.000    0.000   67.000    0.000    2.252    0.000 
  500   28.957    0.156  314.000    0.000   65.000    0.000    2.252    0.000 
  501   25.212    0.156  314.000    0.000   63.000    0.000    2.252    0.000 
  502   27.488    0.219  314.000    0.000   65.000    0.000    2.185    0.000 
  503   24.654    0.125  314.000    0.000   64.000    0.000    2.185    0.000 
  504   27.604    0.141  315.000    0.000   64.000    0.000    2.078    0.000 
  505   26.654    0.172  314.000    0.000   64.000    0.000    2.267    0.000 
  506   23.470    0.156  314.000    0.000   63.000    0.000    2.013    0.000 
  507   23.887    0.094  314.000    0.000   62.000    0.000    1.872    0.000 
  508   22.969    0.125  314.000    0.000   62.000    0.000    1.886    0.000 
  509   22.411    0.125  314.000    0.000   62.000    0.000    1.872    0.000 
  510   28.406    0.250  314.000    0.000   63.000    0.000    1.872    0.000 
  511   26.018    0.156  314.000    0.000   63.000    0.000    2.018    0.000 
  512   24.346    0.156  314.000    0.000   62.000    0.000    2.018    0.000 
  513   21.625    0.094  314.000    0.000   62.000    0.000    2.018    0.000 
  514   21.140    0.141  313.000    0.000   63.000    0.000    2.018    0.000 
  515   20.760    0.172  314.000    0.000   63.000    0.000    1.881    0.000 
  516   23.114    0.047  313.000    0.000   62.000    0.000    1.887    0.000 
  517   19.543    0.141  314.000    0.000   64.000    0.000    1.940    0.000 
  518   18.114    0.156  314.000    0.000   64.000    0.000    1.940    0.000 
  519   19.892    0.125  314.000    0.000   64.000    0.000    1.934    0.000 
  520   21.952    0.250  314.000    0.000   62.000    0.000    2.088    0.000 
  521   25.672    0.141  313.000    0.000   62.000    0.000    2.088    0.000 
  522   28.882    0.188  313.000    0.000   63.000    0.000    2.103    0.000 
  523   26.113    0.203  314.000    0.000   65.000    0.000    2.121    0.000 
  524   26.926    0.188  314.000    0.000   65.000    0.000    2.047    0.000 
  525   32.369    0.203  315.000    0.000   68.000    0.000    2.000    0.000 
  526   21.899    0.203  314.000    0.000   67.000    0.000    2.000    0.000 
  527   18.332    0.156  314.000    0.000   65.000    0.000    2.000    0.000 
  528   19.820    0.078  315.000    0.000   65.000    0.000    2.000    0.000 
  529   18.582    0.078  314.000    0.000   65.000    0.000    2.093    0.000 
  530   27.687    0.125  314.000    0.000   67.000    0.000    2.160    0.000 
  531   19.194    0.125  314.000    0.000   64.000    0.000    2.160    0.000 
  532   26.882    0.156  314.000    0.000   66.000    0.000    2.160    0.000 
  533   28.323    0.062  314.000    0.000   67.000    0.000    2.232    0.000 
  534   31.573    0.219  314.000    0.000   68.000    0.000    2.243    0.000 
  535   34.622    0.219  314.000    0.000   71.000    0.000    2.243    0.000 
  536   36.785    0.266  315.000    0.000   71.000    0.000    2.243    0.000 
  537   25.743    0.234  314.000    0.000   66.000    0.000    2.422    0.000 
  538   26.160    0.141  315.000    0.000   68.000    0.000    2.422    0.000 
  539   29.503    0.156  315.000    0.000   68.000    0.000    2.422    0.000 
  540   26.512    0.109  314.000    0.000   66.000    0.000    2.422    0.000 
  541   30.205    0.125  314.000    0.000   66.000    0.000    2.422    0.000 
  542   22.990    0.188  314.000    0.000   67.000    0.000    2.232    0.000 
  543   20.728    0.062  314.000    0.000   66.000    0.000    2.155    0.000 
  544   22.270    0.156  314.000    0.000   65.000    0.000    2.166    0.000 
  545   34.293    0.156  314.000    0.000   67.000    0.000    2.166    0.000 
  546   33.839    0.188  314.000    0.000   67.000    0.000    2.166    0.000 
  547   26.820    0.188  314.000    0.000   66.000    0.000    2.169    0.000 
  548   26.488    0.250  314.000    0.000   65.000    0.000    2.169    0.000 
  549   16.664    0.125  314.000    0.000   63.000    0.000    2.103    0.000 
  550   20.696    0.125  314.000    0.000   63.000    0.000    2.103    0.000 
  551   19.002    0.094  314.000    0.000   62.000    0.000    2.103    0.000 
  552   18.567    0.094  314.000    0.000   63.000    0.000    2.103    0.000 
  553   17.954    0.062  314.000    0.000   63.000    0.000    2.103    0.000 
  554   19.985    0.109  315.000    0.000   64.000    0.000    2.103    0.000 
  555   19.488    0.109  314.000    0.000   65.000    0.000    2.093    0.000 
  556   16.631    0.094  314.000    0.000   63.000    0.000    2.093    0.000 
  557   16.793    0.062  314.000    0.000   63.000    0.000    2.093    0.000 
  558   14.115    0.062  314.000    0.000   63.000    0.000    2.093    0.000 
  559   14.341    0.062  314.000    0.000   63.000    0.000    2.093    0.000 
  560   14.406    0.062  314.000    0.000   63.000    0.000    2.093    0.000 
  561   18.874    0.141  315.000    0.000   64.000    0.000    2.181    0.000 
  562   19.738    0.047  314.000    0.000   65.000    0.000    2.181    0.000 
  563   20.302    0.141  315.000    0.000   64.000    0.000    2.181    0.000 
  564   22.921    0.125  315.000    0.000   66.000    0.000    2.181    0.000 
  565   24.876    0.281  315.000    0.000   68.000    0.000    2.181    0.000 
  566   24.070    0.156  315.000    0.000   68.000    0.000    2.181    0.000 
  567   18.666    0.109  314.000    0.000   66.000    0.000    2.181    0.000 
  568   18.143    0.031  314.000    0.000   66.000    0.000    2.181    0.000 
  569   22.543    0.156  314.000    0.000   66.000    0.000    2.315    0.000 
  570   18.899    0.125  314.000    0.000   67.000    0.000    2.315    0.000 
  571   18.899    0.000  314.000    0.000   67.000    0.000    2.315    0.000 
  572   20.535    0.078  315.000    0.000   67.000    0.000    2.315    0.000 
  573   19.926    0.172  314.000    0.000   65.000    0.000    2.315    0.000 
  574   19.770    0.125  314.000    0.000   65.000    0.000    2.315    0.000 
  575   19.172    0.156  314.000    0.000   67.000    0.000    2.372    0.000 
  576   20.146    0.188  314.000    0.000   64.000    0.000    2.338    0.000 
  577   33.185    0.125  314.000    0.000   68.000    0.000    2.103    0.000 
  578   28.328    0.125  314.000    0.000   66.000    0.000    2.274    0.000 
  579   30.990    0.156  314.000    0.000   67.000    0.000    2.274    0.000 
  580   29.394    0.094  314.000    0.000   68.000    0.000    2.293    0.000 
  581   33.355    0.172  315.000    0.000   69.000    0.000    2.349    0.000 
  582   28.778    0.172  314.000    0.000   67.000    0.000    2.293    0.000 
  583   35.937    0.172  315.000    0.000   66.000    0.000    2.293    0.000 
  584   34.051    0.234  314.000    0.000   65.000    0.000    1.934    0.000 
  585   33.502    0.188  314.000    0.000   63.000    0.000    2.018    0.000 
  586   33.083    0.188  314.000    0.000   63.000    0.000    2.090    0.000 
  587   35.130    0.250  314.000    0.000   64.000    0.000    2.011    0.000 
  588   26.772    0.188  314.000    0.000   62.000    0.000    2.011    0.000 
  589   30.844    0.125  314.000    0.000   64.000    0.000    2.011    0.000 
  590   31.176    0.188  314.000    0.000   65.000    0.000    2.011    0.000 
  591   25.543    0.188  314.000    0.000   64.000    0.000    1.945    0.000 
  592   24.512    0.188  314.000    0.000   66.000    0.000    1.942    0.000 
  593   22.926    0.188  314.000    0.000   65.000    0.000    2.103    0.000 
  594   22.080    0.172  315.000    0.000   64.000    0.000    2.162    0.000 
  595   27.770    0.172  314.000    0.000   65.000    0.000    2.177    0.000 
  596   27.956    0.156  314.000    0.000   64.000    0.000    2.177    0.000 
  597   34.205    0.125  314.000    0.000   66.000    0.000    2.015    0.000 
  598   33.128    0.094  314.000    0.000   66.000    0.000    2.015    0.000 
  599   32.954    0.250  314.000    0.000   63.000    0.000    2.103    0.000 
  600   35.435    0.156  314.000    0.000   66.000    0.000    1.956    0.000 
  601   31.985    0.234  315.000    0.000   64.000    0.000    2.011    0.000 
  602   31.832    0.203  314.000    0.000   65.000    0.000    2.015    0.000 
  603   29.113    0.125  314.000    0.000   65.000    0.000    2.015    0.000 
  604   33.765    0.188  314.000    0.000   64.000    0.000    2.169    0.000 
  605   31.416    0.219  314.000    0.000   64.000    0.000    1.956    0.000 
  606   33.374    0.219  314.000    0.000   66.000    0.000    1.942    0.000 
  607   35.636    0.141  315.000    0.000   64.000    0.000    2.088    0.000 
  608   32.146    0.172  314.000    0.000   64.000    0.000    1.942    0.000 
  609   29.756    0.156  314.000    0.000   62.000    0.000    1.942    0.000 
  610   33.857    0.250  314.000    0.000   63.000    0.000    2.088    0.000 
  611   34.768    0.234  315.000    0.000   63.000    0.000    2.088    0.000 
  612   33.512    0.188  315.000    0.000   62.000    0.000    2.093    0.000 
  613   29.756    0.141  314.000    0.000   62.000    0.000    2.093    0.000 
  614   31.416    0.219  314.000    0.000   64.000    0.000    2.093    0.000 
  615   24.895    0.188  314.000    0.000   65.000    0.000    2.093    0.000 
  616   24.341    0.094  314.000    0.000   63.000    0.000    2.090    0.000 
  617   25.535    0.156  314.000    0.000   63.000    0.000    2.078    0.000 
  618   24.857    0.219  314.000    0.000   63.000    0.000    2.000    0.000 
  619   24.793    0.094  314.000    0.000   63.000    0.000    2.078    0.000 
  620   25.535    0.156  314.000    0.000   63.000    0.000    2.078    0.000 
  621   23.833    0.141  315.000    0.000   63.000    0.000    2.083    0.000 
  622   30.039    0.188  315.000    0.000   65.000    0.000    2.083    0.000 
  623   24.652    0.188  315.000    0.000   64.000    0.000    2.090    0.000 
  624   26.209    0.172  314.000    0.000   64.000    0.000    2.090    0.000 
  625   22.575    0.234  315.000    0.000   63.000    0.000    2.090    0.000 
  626   21.892    0.109  314.000    0.000   64.000    0.000    2.090    0.000 
  627   21.543    0.156  314.000    0.000   64.000    0.000    2.093    0.000 
  628   21.543    0.031  314.000    0.000   64.000    0.000    2.093    0.000 
  629   22.736    0.141  315.000    0.000   63.000    0.000    2.093    0.000 
  630   21.194    0.203  314.000    0.000   64.000    0.000    2.093    0.000 
  631   23.332    0.219  314.000    0.000   65.000    0.000    2.093    0.000 
  632   21.395    0.125  314.000    0.000   65.000    0.000    2.159    0.000 
  633   24.500    0.141  313.000    0.000   65.000    0.000    2.159    0.000 
  634   22.398    0.094  315.000    0.000   64.000    0.000    2.159    0.000 
  635   25.405    0.234  314.000    0.000   66.000    0.000    2.155    0.000 
  636   25.719    0.109  313.000    0.000   65.000    0.000    2.155    0.000 
  637   21.696    0.141  314.000    0.000   63.000    0.000    1.945    0.000 
  638   15.631    0.125  314.000    0.000   63.000    0.000    2.093    0.000 
  639   16.148    0.125  314.000    0.000   63.000    0.000    2.169    0.000 
  640   18.212    0.156  314.000    0.000   63.000    0.000    2.088    0.000 
  641   19.930    0.078  315.000    0.000   63.000    0.000    2.257    0.000 
  642   16.971    0.078  314.000    0.000   64.000    0.000    2.257    0.000 
  643   17.582    0.094  314.000    0.000   65.000    0.000    2.088    0.000 
  644   16.559    0.156  314.000    0.000   64.000    0.000    2.280    0.000 
  645   18.605    0.094  314.000    0.000   66.000    0.000    2.280    0.000 
  646   18.205    0.094  314.000    0.000   66.000    0.000    2.280    0.000 
  647   20.570    0.172  315.000    0.000   65.000    0.000    2.280    0.000 
  648   18.323    0.203  314.000    0.000   67.000    0.000    2.088    0.000 
  649   20.566    0.094  314.000    0.000   67.000    0.000    2.088    0.000 
  650   22.367    0.203  315.000    0.000   66.000    0.000    2.151    0.000 
  651   26.414    0.219  315.000    0.000   67.000    0.000    2.155    0.000 
  652   28.389    0.203  314.000    0.000   66.000    0.000    2.103    0.000 
  653   26.657    0.094  314.000    0.000   67.000    0.000    2.103    0.000 
  654   27.777    0.016  315.000    0.000   67.000    0.000    2.103    0.000 
  655   19.676    0.172  314.000    0.000   65.000    0.000    2.000    0.000 
  656   25.113    0.219  314.000    0.000   65.000    0.000    1.818    0.000 
  657   22.114    0.156  314.000    0.000   64.000    0.000    1.946    0.000 
  658   21.567    0.281  314.000    0.000   63.000    0.000    1.885    0.000 
  659   23.987    0.062  314.000    0.000   64.000    0.000    1.840    0.000 
  660   25.957    0.188  314.000    0.000   65.000    0.000    1.955    0.000 
  661   25.158    0.094  314.000    0.000   66.000    0.000    2.029    0.000 
  662   17.059    0.141  315.000    0.000   63.000    0.000    1.946    0.000 
  663   16.844    0.203  314.000    0.000   64.000    0.000    2.006    0.000 
  664   27.551    0.219  314.000    0.000   65.000    0.000    2.000    0.000 
  665   30.570    0.234  315.000    0.000   65.000    0.000    2.000    0.000 
  666   32.389    0.078  314.000    0.000   66.000    0.000    2.000    0.000 
  667   24.926    0.188  314.000    0.000   65.000    0.000    2.000    0.000 
  668   24.490    0.172  315.000    0.000   66.000    0.000    2.000    0.000 
  669   22.389    0.141  314.000    0.000   66.000    0.000    2.013    0.000 
  670   16.599    0.125  314.000    0.000   63.000    0.000    2.013    0.000 
  671   19.289    0.062  314.000    0.000   64.000    0.000    2.090    0.000 
  672   17.863    0.156  314.000    0.000   65.000    0.000    2.090    0.000 
  673   19.702    0.031  314.000    0.000   64.000    0.000    2.090    0.000 
  674   24.235    0.094  314.000    0.000   66.000    0.000    2.090    0.000 
  675   25.228    0.172  313.000    0.000   64.000    0.000    2.083    0.000 
  676   20.037    0.094  315.000    0.000   62.000    0.000    2.006    0.000 
  677   17.797    0.172  314.000    0.000   64.000    0.000    2.013    0.000 
  678   18.051    0.188  314.000    0.000   64.000    0.000    2.006    0.000 
  679   13.599    0.094  314.000    0.000   63.000    0.000    2.006    0.000 
  680   13.631    0.094  314.000    0.000   63.000    0.000    2.006    0.000 
  681   17.162    0.125  314.000    0.000   64.000    0.000    2.006    0.000 
  682   18.363    0.094  314.000    0.000   65.000    0.000    2.006    0.000 
  683   23.128    0.125  314.000    0.000   66.000    0.000    2.006    0.000 
  684   31.454    0.125  314.000    0.000   68.000    0.000    2.006    0.000 
  685   29.266    0.141  315.000    0.000   69.000    0.000    2.006    0.000 
  686   20.687    0.172  314.000    0.000   67.000    0.000    2.083    0.000 
  687   19.505    0.094  314.000    0.000   67.000    0.000    2.083    0.000 
  688   20.718    0.172  313.000    0.000   67.000    0.000    2.013    0.000 
  689   22.363    0.109  314.000    0.000   65.000    0.000    2.007    0.000 
  690   21.066    0.031  314.000    0.000   66.000    0.000    2.013    0.000 
  691   22.297    0.031  314.000    0.000   66.000    0.000    2.013    0.000 
  692   16.930    0.094  314.000    0.000   67.000    0.000    2.013    0.000 
  693   19.656    0.078  315.000    0.000   67.000    0.000    2.013    0.000 
  694   15.757    0.094  315.000    0.000   65.000    0.000    2.006    0.000 
  695   16.770    0.141  314.000    0.000   65.000    0.000    2.006    0.000 
  696   21.290    0.203  315.000    0.000   66.000    0.000    2.006    0.000 
  697   25.132    0.094  315.000    0.000   65.000    0.000    2.006    0.000 
  698   24.952    0.125  315.000    0.000   66.000    0.000    2.000    0.000 
  699   23.726    0.156  315.000    0.000   65.000    0.000    2.000    0.000 
  700   18.277    0.172  314.000    0.000   63.000    0.000    2.000    0.000 
  701   18.793    0.094  314.000    0.000   63.000    0.000    2.090    0.000 
  702   21.559    0.125  314.000    0.000   62.000    0.000    2.090    0.000 
  703   24.559    0.188  314.000    0.000   64.000    0.000    2.083    0.000 
  704   24.793    0.156  314.000    0.000   63.000    0.000    2.083    0.000 
  705   22.477    0.125  314.000    0.000   62.000    0.000    2.006    0.000 
  706   23.051    0.094  314.000    0.000   63.000    0.000    2.006    0.000 
  707   23.051    0.156  314.000    0.000   63.000    0.000    2.018    0.000 
  708   26.214    0.234  315.000    0.000   66.000    0.000    2.013    0.000 
  709   23.039    0.094  315.000    0.000   65.000    0.000    2.000    0.000 
  710   24.493    0.125  315.000    0.000   64.000    0.000    2.000    0.000 
  711   21.738    0.141  314.000    0.000   65.000    0.000    2.000    0.000 
  712   24.082    0.156  314.000    0.000   65.000    0.000    2.029    0.000 
  713   21.702    0.094  314.000    0.000   64.000    0.000    2.029    0.000 
  714   24.205    0.188  314.000    0.000   66.000    0.000    2.088    0.000 
  715   26.039    0.203  315.000    0.000   65.000    0.000    2.029    0.000 
  716   26.445    0.141  314.000    0.000   67.000    0.000    2.029    0.000 
  717   23.765    0.156  314.000    0.000   64.000    0.000    2.029    0.000 
  718   24.178    0.094  314.000    0.000   64.000    0.000    2.018    0.000 
  719   27.890    0.203  315.000    0.000   64.000    0.000    2.121    0.000 
  720   29.760    0.172  314.000    0.000   63.000    0.000    1.942    0.000 
