    0 -1262.360    0.000  317.000    0.000   56.000    0.000    1.000    0.000 
    1 -1358.363    0.352  357.000    0.000   63.000    0.000    1.069    0.000 
    2 -1376.427    0.289  353.000    0.000   64.000    0.000    1.209    0.000 
    3 -1379.806    0.207  356.000    0.000   66.000    0.000    1.314    0.000 
    4 -1382.368    0.211  358.000    0.000   65.000    0.000    1.252    0.000 
    5 -1395.376    0.238  355.000    0.000   63.000    0.000    1.309    0.000 
    6 -1390.107    0.211  351.000    0.000   65.000    0.000    1.375    0.000 
    7 -1398.231    0.195  359.000    0.000   65.000    0.000    1.436    0.000 
    8 -1401.017    0.168  354.000    0.000   64.000    0.000    1.392    0.000 
    9 -1404.110    0.238  355.000    0.000   66.000    0.000    1.387    0.000 
   10 -1398.437    0.195  357.000    0.000   65.000    0.000    1.382    0.000 
   11 -1409.961    0.266  355.000    0.000   65.000    0.000    1.371    0.000 
   12 -1399.343    0.164  361.000    0.000   67.000    0.000    1.311    0.000 
   13 -1408.272    0.207  354.000    0.000   67.000    0.000    1.447    0.000 
   14 -1413.467    0.164  354.000    0.000   66.000    0.000    1.542    0.000 
   15 -1409.583    0.195  352.000    0.000   68.000    0.000    1.500    0.000 
   16 -1415.062    0.258  356.000    0.000   65.000    0.000    1.649    0.000 
   17 -1405.171    0.223  357.000    0.000   65.000    0.000    1.715    0.000 
   18 -1413.890    0.199  356.000    0.000   65.000    0.000    1.649    0.000 
   19 -1410.678    0.191  361.000    0.000   64.000    0.000    1.630    0.000 
   20 -1410.068    0.223  360.000    0.000   67.000    0.000    1.571    0.000 
   21 -1404.881    0.254  359.000    0.000   66.000    0.000    1.698    0.000 
   22 -1409.650    0.277  360.000    0.000   65.000    0.000    1.755    0.000 
   23 -1406.843    0.293  361.000    0.000   67.000    0.000    1.698    0.000 
   24 -1401.946    0.230  362.000    0.000   69.000    0.000    1.655    0.000 
   25 -1406.612    0.262  363.000    0.000   69.000    0.000    1.678    0.000 
   26 -1416.200    0.215  362.000    0.000   67.000    0.000    1.779    0.000 
   27 -1418.043    0.207  357.000    0.000   64.000    0.000    1.903    0.000 
   28 -1411.808    0.223  360.000    0.000   66.000    0.000    1.875    0.000 
   29 -1417.958    0.207  359.000    0.000   66.000    0.000    1.819    0.000 
   30 -1421.822    0.191  360.000    0.000   65.000    0.000    1.910    0.000 
   31 -1412.411    0.176  355.000    0.000   64.000    0.000    1.918    0.000 
   32 -1416.930    0.215  358.000    0.000   66.000    0.000    2.054    0.000 
   33 -1413.472    0.145  357.000    0.000   64.000    0.000    2.041    0.000 
   34 -1420.530    0.215  358.000    0.000   66.000    0.000    1.839    0.000 
   35 -1411.354    0.156  358.000    0.000   67.000    0.000    1.910    0.000 
   36 -1405.166    0.234  360.000    0.000   65.000    0.000    1.781    0.000 
   37 -1416.651    0.285  361.000    0.000   66.000    0.000    1.698    0.000 
   38 -1408.746    0.262  358.000    0.000   66.000    0.000    1.781    0.000 
   39 -1402.325    0.230  357.000    0.000   67.000    0.000    1.790    0.000 
   40 -1403.779    0.242  351.000    0.000   65.000    0.000    1.778    0.000 
   41 -1412.693    0.180  353.000    0.000   66.000    0.000    1.698    0.000 
   42 -1403.704    0.227  361.000    0.000   65.000    0.000    1.542    0.000 
   43 -1403.589    0.273  363.000    0.000   65.000    0.000    1.772    0.000 
   44 -1402.182    0.262  356.000    0.000   64.000    0.000    1.780    0.000 
   45 -1411.012    0.238  355.000    0.000   62.000    0.000    1.720    0.000 
   46 -1411.269    0.219  355.000    0.000   64.000    0.000    1.820    0.000 
   47 -1417.917    0.195  359.000    0.000   63.000    0.000    1.695    0.000 
   48 -1413.754    0.215  358.000    0.000   63.000    0.000    1.912    0.000 
   49 -1416.892    0.246  355.000    0.000   63.000    0.000    1.789    0.000 
   50 -1418.424    0.172  357.000    0.000   64.000    0.000    1.847    0.000 
   51 -1411.356    0.191  352.000    0.000   64.000    0.000    1.847    0.000 
   52 -1409.744    0.258  360.000    0.000   65.000    0.000    1.767    0.000 
   53 -1412.650    0.234  360.000    0.000   65.000    0.000    1.746    0.000 
   54 -1413.345    0.238  361.000    0.000   64.000    0.000    1.841    0.000 
   55 -1412.701    0.211  357.000    0.000   63.000    0.000    1.907    0.000 
   56 -1409.649    0.227  357.000    0.000   66.000    0.000    1.965    0.000 
   57 -1412.821    0.242  361.000    0.000   66.000    0.000    1.897    0.000 
   58 -1409.563    0.215  362.000    0.000   68.000    0.000    1.779    0.000 
   59 -1411.262    0.293  353.000    0.000   66.000    0.000    1.918    0.000 
   60 -1404.411    0.188  363.000    0.000   67.000    0.000    1.951    0.000 
   61 -1410.002    0.234  363.000    0.000   67.000    0.000    1.858    0.000 
   62 -1417.204    0.176  364.000    0.000   67.000    0.000    1.779    0.000 
   63 -1419.579    0.176  365.000    0.000   67.000    0.000    1.791    0.000 
   64 -1415.138    0.176  358.000    0.000   68.000    0.000    2.002    0.000 
   65 -1410.484    0.180  360.000    0.000   68.000    0.000    1.955    0.000 
   66 -1410.713    0.172  362.000    0.000   68.000    0.000    1.944    0.000 
   67 -1416.238    0.207  359.000    0.000   67.000    0.000    1.961    0.000 
   68 -1393.584    0.199  366.000    0.000   71.000    0.000    2.084    0.000 
   69 -1405.694    0.277  361.000    0.000   69.000    0.000    2.012    0.000 
   70 -1419.241    0.223  356.000    0.000   67.000    0.000    1.936    0.000 
   71 -1409.813    0.289  358.000    0.000   70.000    0.000    2.209    0.000 
   72 -1403.697    0.254  361.000    0.000   71.000    0.000    2.083    0.000 
   73 -1414.750    0.230  360.000    0.000   67.000    0.000    2.041    0.000 
   74 -1404.656    0.207  361.000    0.000   68.000    0.000    2.018    0.000 
   75 -1408.174    0.305  361.000    0.000   66.000    0.000    2.198    0.000 
   76 -1409.760    0.250  361.000    0.000   68.000    0.000    2.253    0.000 
   77 -1411.461    0.238  360.000    0.000   69.000    0.000    2.354    0.000 
   78 -1411.167    0.223  359.000    0.000   68.000    0.000    2.220    0.000 
   79 -1419.245    0.184  362.000    0.000   67.000    0.000    2.177    0.000 
   80 -1411.448    0.203  354.000    0.000   65.000    0.000    2.154    0.000 
   81 -1410.715    0.238  361.000    0.000   68.000    0.000    2.134    0.000 
   82 -1410.744    0.242  363.000    0.000   68.000    0.000    2.370    0.000 
   83 -1404.487    0.250  357.000    0.000   68.000    0.000    2.134    0.000 
   84 -1403.011    0.266  365.000    0.000   69.000    0.000    2.253    0.000 
   85 -1408.797    0.293  358.000    0.000   69.000    0.000    2.190    0.000 
   86 -1403.005    0.227  362.000    0.000   69.000    0.000    2.354    0.000 
   87 -1393.146    0.289  360.000    0.000   71.000    0.000    2.145    0.000 
   88 -1412.466    0.199  359.000    0.000   68.000    0.000    2.093    0.000 
   89 -1414.552    0.219  357.000    0.000   67.000    0.000    2.008    0.000 
   90 -1415.097    0.227  357.000    0.000   67.000    0.000    1.910    0.000 
   91 -1418.432    0.156  361.000    0.000   68.000    0.000    2.101    0.000 
   92 -1414.975    0.238  362.000    0.000   69.000    0.000    2.038    0.000 
   93 -1407.998    0.199  363.000    0.000   68.000    0.000    2.177    0.000 
   94 -1407.269    0.234  365.000    0.000   68.000    0.000    2.072    0.000 
   95 -1407.212    0.234  359.000    0.000   68.000    0.000    2.184    0.000 
   96 -1413.543    0.184  360.000    0.000   68.000    0.000    2.177    0.000 
   97 -1410.632    0.211  356.000    0.000   68.000    0.000    2.093    0.000 
   98 -1412.870    0.180  358.000    0.000   68.000    0.000    2.233    0.000 
   99 -1415.791    0.188  360.000    0.000   65.000    0.000    2.193    0.000 
  100 -1420.884    0.219  358.000    0.000   65.000    0.000    2.297    0.000 
  101 -1423.219    0.176  359.000    0.000   66.000    0.000    2.233    0.000 
  102 -1409.888    0.219  361.000    0.000   67.000    0.000    2.309    0.000 
  103 -1407.292    0.273  359.000    0.000   70.000    0.000    2.255    0.000 
  104 -1407.432    0.266  361.000    0.000   68.000    0.000    2.380    0.000 
  105 -1408.483    0.227  367.000    0.000   68.000    0.000    2.354    0.000 
  106 -1412.623    0.324  360.000    0.000   69.000    0.000    2.506    0.000 
  107 -1408.466    0.191  359.000    0.000   68.000    0.000    2.500    0.000 
  108 -1409.813    0.230  362.000    0.000   69.000    0.000    2.675    0.000 
  109 -1406.791    0.293  365.000    0.000   69.000    0.000    2.220    0.000 
  110 -1404.703    0.191  370.000    0.000   68.000    0.000    2.427    0.000 
  111 -1420.623    0.211  358.000    0.000   66.000    0.000    2.250    0.000 
  112 -1415.604    0.160  359.000    0.000   66.000    0.000    2.250    0.000 
  113 -1417.695    0.176  356.000    0.000   67.000    0.000    2.187    0.000 
  114 -1413.280    0.211  362.000    0.000   68.000    0.000    2.400    0.000 
  115 -1410.786    0.285  355.000    0.000   66.000    0.000    2.380    0.000 
  116 -1410.641    0.285  362.000    0.000   65.000    0.000    2.297    0.000 
  117 -1412.043    0.246  357.000    0.000   64.000    0.000    2.251    0.000 
  118 -1406.485    0.219  361.000    0.000   65.000    0.000    2.363    0.000 
  119 -1407.596    0.262  366.000    0.000   65.000    0.000    2.309    0.000 
  120 -1407.577    0.281  356.000    0.000   65.000    0.000    2.440    0.000 
  121 -1407.485    0.211  362.000    0.000   65.000    0.000    2.545    0.000 
  122 -1406.402    0.242  354.000    0.000   65.000    0.000    2.848    0.000 
  123 -1415.127    0.215  359.000    0.000   63.000    0.000    2.361    0.000 
  124 -1408.252    0.223  366.000    0.000   65.000    0.000    2.315    0.000 
  125 -1407.686    0.273  364.000    0.000   65.000    0.000    2.508    0.000 
  126 -1413.186    0.238  357.000    0.000   64.000    0.000    2.405    0.000 
  127 -1412.608    0.258  359.000    0.000   64.000    0.000    2.524    0.000 
  128 -1411.075    0.172  359.000    0.000   65.000    0.000    2.623    0.000 
  129 -1419.132    0.219  359.000    0.000   64.000    0.000    2.808    0.000 
  130 -1412.085    0.180  367.000    0.000   66.000    0.000    2.884    0.000 
  131 -1418.227    0.164  359.000    0.000   64.000    0.000    2.252    0.000 
  132 -1410.332    0.168  360.000    0.000   66.000    0.000    2.712    0.000 
  133 -1416.704    0.156  362.000    0.000   65.000    0.000    2.824    0.000 
  134 -1413.297    0.184  361.000    0.000   67.000    0.000    3.182    0.000 
  135 -1417.841    0.199  360.000    0.000   67.000    0.000    3.265    0.000 
  136 -1416.341    0.195  360.000    0.000   67.000    0.000    3.233    0.000 
  137 -1408.879    0.309  365.000    0.000   69.000    0.000    3.033    0.000 
  138 -1403.718    0.324  358.000    0.000   67.000    0.000    2.378    0.000 
  139 -1417.923    0.195  362.000    0.000   65.000    0.000    2.669    0.000 
  140 -1414.575    0.176  359.000    0.000   65.000    0.000    2.902    0.000 
  141 -1406.943    0.203  365.000    0.000   67.000    0.000    2.884    0.000 
  142 -1416.238    0.211  355.000    0.000   67.000    0.000    3.245    0.000 
  143 -1415.432    0.238  360.000    0.000   69.000    0.000    3.413    0.000 
  144 -1416.712    0.223  359.000    0.000   66.000    0.000    2.960    0.000 
