    0 0.000000 16.724155 0.000000 0.000000 0.000000 0.000000 0.000000
    1 1.162476 34.204948 0.267187 0.695371 0.000000 2.879382 0.493164
    2 1.092975 20.615598 0.293555 0.538329 0.000000 2.880774 0.495117
    3 1.219756 23.949009 0.281250 0.562719 0.000000 2.822532 0.511719
    4 2.000000 30.583271 0.279492 0.512712 0.000000 3.104632 0.487305
    5 1.276484 25.387066 0.277734 0.641366 0.000000 3.131120 0.451172
    6 1.540215 35.281736 0.305859 0.819968 0.000000 2.858848 0.526367
    7 1.631422 25.061525 0.288867 0.617949 0.000000 2.656398 0.534180
    8 1.156407 22.691799 0.302344 0.611494 0.000000 2.770510 0.546875
    9 1.163014 28.949221 0.274219 0.606886 0.000000 3.028720 0.466797
   10 1.672772 42.185139 0.263086 0.638661 0.000000 3.242010 0.462891
   11 1.499333 23.885626 0.249609 0.646885 0.000000 3.917977 0.447266
   12 2.000000 11.061525 0.272461 0.640294 0.000000 3.711653 0.425781
   13 1.556113 23.091293 0.206250 0.575943 0.000000 4.092067 0.390625
   14 1.426437 33.119368 0.279492 0.712202 0.000000 3.185682 0.483398
   15 1.612452 28.979439 0.278906 0.762482 0.000000 3.132383 0.468750
   16 1.382666 14.347112 0.258984 0.656116 0.000000 3.185734 0.459961
   17 1.185114 23.313546 0.264258 0.622623 0.000000 3.292496 0.440430
   18 1.444116 25.269813 0.285937 0.805574 0.000000 3.096123 0.472656
   19 1.380257 31.982226 0.302930 0.895407 0.000000 2.974409 0.490234
   20 1.584929 28.251459 0.298828 0.839625 0.000000 2.897283 0.502930
   21 1.616542 3.000384 0.264844 0.639162 0.000000 3.442894 0.480469
   22 2.063031 47.355731 0.217969 0.857387 0.000000 3.902186 0.397461
   23 2.385856 22.348565 0.236719 0.768656 0.000000 3.868942 0.426758
   24 2.549510 8.337790 0.189844 0.529234 0.000000 4.845419 0.382812
   25 2.627975 9.184549 0.227930 0.838200 0.000000 4.897570 0.356445
   26 2.002498 10.503248 0.216211 0.809606 0.000000 4.775224 0.382812
   27 1.767767 15.028459 0.240820 0.706640 0.000000 3.987379 0.431641
   28 1.548126 27.400577 0.258984 0.476775 0.000000 3.427677 0.472656
   29 1.737758 13.193788 0.216797 1.016336 0.000000 3.526756 0.416992
   30 1.554151 34.188414 0.277148 0.837480 0.000000 3.543002 0.467773
   31 1.156407 22.280407 0.253711 1.019821 0.000000 3.162515 0.439453
   32 1.409329 49.170437 0.307617 0.667894 0.000000 2.727636 0.525391
   33 1.279681 18.837549 0.270703 0.676432 0.000000 3.030931 0.482422
   34 1.100000 30.444526 0.247852 0.730561 0.000000 3.010261 0.449219
   35 1.350926 37.427716 0.291797 0.680479 0.000000 2.935006 0.481445
   36 1.257410 16.815859 0.229102 0.532332 0.000000 3.349347 0.480469
   37 1.561524 41.091828 0.274805 0.773722 0.000000 3.109918 0.488281
   38 1.815772 19.367826 0.263086 0.680824 0.000000 3.443650 0.441406
   39 2.114033 13.052493 0.278320 0.780771 0.000000 3.712847 0.443359
   40 2.247083 -1.698814 0.182812 0.753970 0.000000 4.849516 0.340820
   41 1.578410 18.295622 0.209766 0.677381 0.000000 3.766016 0.426758
   42 1.435552 41.533053 0.255469 0.632610 0.000000 3.381376 0.460938
   43 1.834758 14.532440 0.246680 0.654286 0.000000 3.583362 0.456055
   44 1.910497 35.825816 0.223242 0.722651 0.000000 3.974620 0.423828
   45 1.309953 45.941382 0.206836 0.758130 0.000000 3.919571 0.411133
   46 1.212678 30.258480 0.279492 0.988087 0.000000 2.912783 0.485352
   47 1.562050 40.181994 0.324023 0.566409 0.000000 2.977199 0.523438
   48 1.380257 39.045036 0.300000 0.685087 0.000000 3.111525 0.480469
   49 1.228848 18.102242 0.264844 0.895727 0.000000 3.056232 0.488281
   50 1.159897 39.279299 0.300586 0.688538 0.000000 3.106685 0.468750
   51 1.414214 34.620089 0.277148 0.731687 0.000000 2.756512 0.501953
   52 1.280720 35.091886 0.252539 0.615471 0.000000 3.082529 0.483398
   53 1.514456 29.401248 0.256055 0.617827 0.000000 2.665400 0.517578
   54 1.652122 15.649938 0.242578 0.822671 0.000000 3.462716 0.416016
   55 1.802776 14.906177 0.232031 0.721124 0.000000 3.581882 0.446289
   56 1.815772 5.819431 0.205664 0.640949 0.000000 4.026273 0.403320
   57 1.212678 3.570922 0.234375 1.000769 0.000000 3.644605 0.413086
   58 1.198038 33.224387 0.244922 0.585769 0.000000 2.889666 0.497070
   59 1.162476 32.190898 0.289453 0.667246 0.000000 3.150536 0.479492
   60 1.170721 11.775993 0.280664 0.892486 0.000000 2.706811 0.516602
   61 1.335935 22.425161 0.236719 0.877175 0.000000 3.193654 0.464844
   62 1.596270 29.134995 0.220898 0.613535 0.000000 3.627306 0.452148
   63 1.649242 39.719774 0.252539 0.689797 0.000000 3.924982 0.425781
   64 1.547416 14.128567 0.233203 0.603199 0.000000 3.364175 0.443359
   65 1.500000 29.910217 0.317578 0.636583 0.000000 3.153726 0.480469
   66 1.937926 33.980716 0.271289 0.485133 0.000000 3.096668 0.491211
   67 1.242730 32.636747 0.274805 0.807802 0.000000 3.109971 0.478516
   68 1.073807 17.591208 0.275977 0.579507 0.000000 2.837192 0.506836
   69 1.368211 26.054429 0.305273 0.771467 0.000000 2.900850 0.506836
   70 1.223641 23.863256 0.265430 0.613813 0.000000 2.895124 0.494141
   71 1.446481 46.061525 0.297070 0.599445 0.000000 2.650163 0.537109
   72 1.544021 29.421270 0.306445 0.490106 0.000000 2.748616 0.522461
   73 1.456022 25.396086 0.264258 0.754863 0.000000 2.506482 0.521484
   74 1.444991 19.370728 0.264258 0.538678 0.000000 2.731102 0.497070
   75 1.355815 19.347306 0.279492 0.630845 0.000000 2.826011 0.499023
   76 1.114259 20.049938 0.272461 0.701819 0.000000 2.929108 0.497070
   77 1.556113 21.110403 0.275977 0.746520 0.000000 3.176957 0.478516
   78 1.457384 9.062327 0.265430 0.630290 0.000000 3.479504 0.465820
   79 1.406930 12.867050 0.225586 0.535711 0.000000 3.611132 0.456055
   80 1.712511 20.391081 0.313477 0.673456 0.000000 3.380640 0.505859
   81 1.717701 4.273194 0.198047 0.589771 0.000000 3.487673 0.419922
   82 2.224998 11.976280 0.251367 0.694228 0.000000 3.995739 0.389648
   83 2.137265 21.651903 0.201562 0.717351 0.000000 3.930970 0.410156
   84 1.717701 19.406771 0.196875 0.482907 0.000000 4.056001 0.398438
   85 1.535613 25.392095 0.269531 0.617875 0.000000 3.447015 0.437500
   86 1.802776 21.380509 0.262500 0.811808 0.000000 3.634359 0.427734
   87 1.414214 20.386717 0.268359 0.902099 0.000000 3.392574 0.462891
   88 1.351882 28.738310 0.275391 0.720851 0.000000 3.187424 0.459961
   89 1.278275 13.741344 0.251953 0.677973 0.000000 3.673400 0.428711
   90 1.377411 28.287995 0.232031 0.756441 0.000000 3.164813 0.466797
   91 1.605609 27.526090 0.302930 0.661827 0.000000 3.026470 0.480469
   92 1.414214 24.312772 0.267773 0.506312 0.000000 2.863424 0.488281
   93 1.672772 22.583806 0.251367 0.540409 0.000000 2.966657 0.497070
   94 1.562889 13.282342 0.247852 0.689518 0.000000 3.588360 0.454102
   95 1.726088 18.275102 0.244922 0.789942 0.000000 3.580259 0.426758
   96 1.703229 28.025161 0.249023 0.739530 0.000000 3.359521 0.455078
   97 1.492072 44.101457 0.217969 0.850981 0.000000 3.501150 0.422852
   98 2.122775 17.836745 0.227344 0.670940 0.000000 3.585186 0.427734
   99 2.247083 15.623851 0.234961 1.075584 0.000000 4.065244 0.391602
  100 2.100000 27.192343 0.219141 0.502798 0.000000 4.479313 0.372070
  101 1.918075 23.074677 0.220312 0.550140 0.000000 4.008079 0.423828
  102 1.717701 7.196589 0.242578 0.593436 0.000000 3.873879 0.430664
  103 2.122775 30.754286 0.244922 0.719517 0.000000 3.844848 0.406250
  104 1.680697 20.693725 0.213867 0.527995 0.000000 4.042336 0.426758
  105 1.702939 24.399074 0.258984 0.832369 0.000000 3.610830 0.432617
  106 1.420061 24.004495 0.216797 0.729734 0.000000 3.473397 0.436523
  107 1.475127 22.372663 0.227930 0.795924 0.000000 3.562050 0.428711
  108 1.306094 26.185169 0.285352 0.612716 0.000000 3.278795 0.481445
  109 1.295319 23.181645 0.285352 0.574968 0.000000 2.877063 0.516602
  110 1.219756 17.366159 0.277734 0.683453 0.000000 3.147349 0.488281
  111 1.351882 35.491828 0.206250 0.623226 0.000000 3.498985 0.421875
  112 1.470217 23.362327 0.306445 0.539684 0.000000 2.878037 0.518555
  113 1.291884 32.499492 0.314063 0.629430 0.000000 2.748035 0.526367
  114 1.295319 27.450325 0.284766 0.679084 0.000000 2.828145 0.513672
  115 1.335935 24.856198 0.256641 0.571524 0.000000 2.942618 0.476562
  116 1.024585 35.139071 0.264844 0.659240 0.000000 3.057817 0.493164
  117 1.666667 17.557676 0.255469 0.929625 0.000000 3.446034 0.427734
  118 1.151881 35.529509 0.266016 0.756808 0.000000 3.499646 0.471680
  119 1.473815 13.187952 0.243750 0.651232 0.000000 3.321611 0.476562
  120 2.015186 17.195393 0.209766 0.926507 0.000000 4.204952 0.386719
  121 1.564609 18.868710 0.210352 0.793959 0.000000 4.395926 0.368164
  122 1.475127 14.037549 0.256055 0.974175 0.000000 3.584175 0.435547
  123 1.729663 9.035304 0.271875 0.701348 0.000000 3.597475 0.452148
  124 1.569334 54.552066 0.241406 0.948482 0.000000 3.620988 0.419922
  125 1.227262 25.532985 0.270117 0.555621 0.000000 3.065955 0.475586
  126 1.419116 38.021863 0.259570 0.681632 0.000000 3.016853 0.480469
  127 1.328174 24.518194 0.244922 0.591719 0.000000 3.524237 0.454102
  128 1.233171 17.800384 0.257812 0.547967 0.000000 3.310638 0.462891
  129 1.187776 35.495660 0.277148 0.715725 0.000000 2.985712 0.475586
  130 1.621515 17.964291 0.260156 0.578648 0.000000 3.418197 0.442383
  131 1.785961 9.555939 0.223828 0.574855 0.000000 4.110430 0.386719
  132 1.562050 21.057527 0.212109 0.638582 0.000000 4.131726 0.410156
  133 2.002498 20.394378 0.206836 0.716362 0.000000 4.269779 0.391602
  134 1.886699 29.279299 0.225586 0.581976 0.000000 4.174026 0.433594
  135 1.355213 31.135180 0.209180 0.803173 0.000000 3.896017 0.399414
  136 1.426437 38.789609 0.264258 0.702098 0.000000 3.458686 0.468750
  137 1.832618 20.204216 0.227930 0.593203 0.000000 4.019149 0.418945
  138 1.903943 28.850786 0.252539 0.529789 0.000000 3.808966 0.429688
  139 1.612452 28.317763 0.239062 0.651809 0.000000 3.546698 0.427734
  140 1.106993 17.720428 0.290039 0.700541 0.000000 3.125392 0.482422
  141 1.162476 24.254816 0.233789 0.584684 0.000000 2.963565 0.475586
  142 1.644384 44.645354 0.274219 0.621940 0.000000 2.684569 0.516602
  143 1.386750 15.842350 0.287109 0.566214 0.000000 2.776310 0.502930
  144 1.459927 40.400384 0.240234 0.816503 0.000000 3.333347 0.449219
  145 1.249204 26.240375 0.283594 0.675940 0.000000 2.954130 0.508789
  146 1.138129 44.884066 0.293555 0.787135 0.000000 2.860792 0.482422
  147 1.162476 14.530616 0.298828 0.644355 0.000000 2.815287 0.516602
  148 1.465093 39.698215 0.231445 0.659188 0.000000 3.053276 0.461914
  149 1.223687 22.258480 0.239648 0.664318 0.000000 3.027502 0.458984
  150 1.414214 37.583806 0.277734 0.656405 0.000000 2.930713 0.508789
  151 1.457384 15.333755 0.232617 0.796724 0.000000 3.472864 0.438477
  152 1.584929 17.581167 0.293555 0.866226 0.000000 3.130281 0.464844
  153 1.866691 23.516884 0.229102 0.948380 0.000000 3.750417 0.422852
  154 1.327782 21.560045 0.240234 0.728956 0.000000 3.557022 0.453125
  155 1.338111 22.084865 0.294727 0.699897 0.000000 3.082941 0.458008
  156 1.556113 20.004178 0.301172 0.548097 0.000000 2.975990 0.520508
  157 1.802776 10.887995 0.271875 0.560417 0.000000 3.625748 0.442383
  158 1.902630 14.105146 0.273633 0.428884 0.000000 3.780993 0.448242
  159 1.384931 12.975606 0.260742 0.819541 0.000000 3.736353 0.458984
  160 2.122775 9.746091 0.242578 0.524841 0.000000 3.576424 0.437500
  161 2.114033 15.623468 0.233203 0.774906 0.000000 4.110592 0.391602
  162 2.137265 -3.056191 0.209180 0.648651 0.000000 4.600712 0.380859
  163 2.124193 3.636747 0.195117 0.587061 0.000000 4.560498 0.405273
  164 2.444444 41.379439 0.222070 0.873409 0.000000 4.763615 0.393555
  165 2.868173 17.956321 0.211523 1.071651 0.000000 5.664964 0.334961
  166 3.146102 4.080407 0.179883 0.803242 0.000000 5.414523 0.352539
  167 3.030458 12.257549 0.161133 0.475036 0.000000 5.605843 0.335938
  168 3.052868 -2.572165 0.155859 0.827965 0.000000 6.659443 0.286133
  169 3.335034 -8.172896 0.152344 0.529924 0.000000 6.878355 0.258789
  170 2.343891 12.911263 0.181055 0.698250 0.000000 5.801528 0.298828
  171 2.503123 -2.768108 0.183984 0.602995 0.000000 5.499105 0.328125
  172 1.906344 24.317763 0.196875 0.564636 0.000000 4.463772 0.412109
  173 2.000000 20.058634 0.253711 0.756147 0.000000 3.731275 0.459961
  174 1.433587 21.180716 0.233203 0.665274 0.000000 3.663388 0.458984
  175 1.641950 39.385354 0.242578 1.002374 0.000000 3.501838 0.443359
  176 1.475127 25.835054 0.205664 0.716454 0.000000 3.828416 0.399414
  177 1.249204 40.272160 0.254883 0.721192 0.000000 3.135044 0.444336
  178 1.388524 20.512772 0.243750 0.617626 0.000000 3.355470 0.483398
  179 1.562889 26.520437 0.273047 0.784606 0.000000 2.882834 0.496094
  180 2.057983 10.559029 0.276562 0.700316 0.000000 3.310807 0.456055
  181 1.926535 21.598120 0.220312 0.726379 0.000000 3.986446 0.429688
  182 1.811077 10.021863 0.200391 0.625243 0.000000 4.589677 0.377930
  183 2.114033 7.063892 0.188672 0.916688 0.000000 5.025201 0.311523
  184 2.503123 20.583647 0.216211 0.814639 0.000000 4.244251 0.391602
  185 2.233339 24.987618 0.199219 0.652452 0.000000 4.506266 0.383789
  186 1.649242 22.630573 0.266016 0.609520 0.000000 3.825377 0.448242
  187 2.247083 19.460663 0.295312 0.761020 0.000000 3.546704 0.470703
  188 2.233306 5.763604 0.213281 0.947642 0.000000 4.669494 0.338867
  189 2.036257 3.112772 0.168164 0.906875 0.000000 5.054002 0.336914
  190 2.035791 -7.322916 0.192187 0.600338 0.000000 4.131272 0.406250
  191 1.893816 18.340104 0.212695 0.714427 0.000000 4.668638 0.347656
  192 1.278275 24.131377 0.239648 0.849678 0.000000 3.853672 0.417969
  193 1.216385 29.633450 0.232031 0.582344 0.000000 3.472488 0.429688
  194 1.636734 20.164696 0.264844 0.839451 0.000000 3.111575 0.479492
  195 1.256706 16.028238 0.268945 0.726019 0.000000 3.293709 0.488281
  196 1.416931 19.716567 0.242578 0.848496 0.000000 3.237215 0.448242
  197 1.163586 41.013574 0.260156 0.696901 0.000000 3.387627 0.440430
  198 1.531383 33.590491 0.263672 0.872242 0.000000 3.261921 0.456055
  199 1.574367 21.863256 0.266602 0.604486 0.000000 3.170653 0.463867
  200 1.295319 20.225354 0.244336 0.709936 0.000000 3.095195 0.489258
  201 1.382666 33.088669 0.280078 0.992183 0.000000 2.774712 0.493164
  202 1.335935 27.376767 0.222656 0.619197 0.000000 2.951551 0.501953
  203 1.406393 16.901390 0.276562 0.608481 0.000000 2.674816 0.518555
  204 1.286876 24.947073 0.274219 0.561642 0.000000 3.100867 0.484375
  205 1.475127 9.614631 0.265430 0.751861 0.000000 2.927512 0.500977
  206 1.548126 21.072160 0.214453 0.701426 0.000000 3.504233 0.447266
  207 1.234560 29.274639 0.284180 0.806689 0.000000 3.215193 0.474609
  208 1.475127 36.028993 0.261328 0.902858 0.000000 2.850639 0.499023
  209 1.473815 20.263798 0.271875 0.464531 0.000000 3.169001 0.467773
  210 1.549722 32.384549 0.219141 0.727393 0.000000 3.944234 0.399414
  211 1.426437 28.395893 0.260156 0.537538 0.000000 3.344657 0.483398
  212 1.619803 19.115327 0.220898 0.696109 0.000000 3.543553 0.434570
  213 1.306094 32.697888 0.266602 0.606049 0.000000 3.279013 0.465820
  214 1.605609 22.188414 0.260156 0.735460 0.000000 3.182350 0.479492
  215 1.488624 26.518097 0.263672 0.912321 0.000000 3.200915 0.458008
  216 1.736816 28.859424 0.284766 0.607892 0.000000 3.462225 0.467773
  217 1.393136 24.025922 0.280664 0.646365 0.000000 3.146205 0.490234
  218 1.562889 21.338827 0.278906 0.836822 0.000000 3.527887 0.458008
  219 1.902630 16.949221 0.259570 0.643966 0.000000 3.428534 0.451172
  220 2.199004 28.243343 0.234961 0.728564 0.000000 4.075650 0.400391
  221 1.910497 4.376187 0.236133 0.641361 0.000000 3.961476 0.409180
  222 2.022375 22.115815 0.237305 0.682591 0.000000 3.797461 0.398438
  223 1.276484 25.300802 0.231445 1.039615 0.000000 4.123574 0.387695
  224 1.578410 39.175606 0.243750 0.524234 0.000000 3.538792 0.474609
  225 1.339068 21.872160 0.283008 0.590091 0.000000 3.482382 0.447266
  226 1.480466 28.846640 0.207422 0.720715 0.000000 3.618899 0.422852
  227 1.209995 27.269390 0.226758 0.727476 0.000000 3.526720 0.443359
  228 1.161063 20.738310 0.254297 0.914777 0.000000 3.158842 0.444336
  229 1.386750 35.846640 0.258398 0.778258 0.000000 2.889746 0.489258
  230 1.276484 42.145590 0.256055 0.713865 0.000000 2.746494 0.514648
  231 1.663731 27.062704 0.239062 0.743345 0.000000 3.186587 0.453125
  232 1.704694 24.344483 0.265430 0.721224 0.000000 3.154407 0.494141
  233 1.915751 10.676574 0.257812 0.814162 0.000000 3.244659 0.458984
  234 1.680697 16.500384 0.254883 0.544292 0.000000 3.373397 0.462891
  235 1.556113 35.301186 0.283008 0.672478 0.000000 3.117378 0.465820
  236 2.057983 29.773911 0.261328 0.889795 0.000000 3.716078 0.430664
  237 1.808101 18.394925 0.258984 0.583120 0.000000 3.728185 0.452148
  238 1.717701 20.645287 0.249609 0.709027 0.000000 3.754761 0.411133
  239 2.000000 20.853771 0.203320 1.173229 0.000000 4.059172 0.397461
  240 1.717701 21.343241 0.246680 0.782463 0.000000 4.070409 0.401367
  241 1.562050 30.848661 0.242578 0.504132 0.000000 3.727185 0.459961
  242 1.492072 14.762327 0.271875 0.752819 0.000000 3.357795 0.466797
  243 1.218227 19.888382 0.233203 0.690834 0.000000 3.357328 0.455078
  244 1.335935 28.812772 0.272461 0.510628 0.000000 2.884433 0.500000
  245 1.233171 32.802319 0.256641 0.611853 0.000000 2.665981 0.534180
  246 1.303840 48.119368 0.293555 0.757293 0.000000 2.877690 0.497070
  247 1.309953 27.483311 0.302344 0.573216 0.000000 3.000446 0.475586
  248 1.236694 21.142678 0.281836 0.657731 0.000000 2.916675 0.471680
  249 1.520526 25.183271 0.286523 0.556163 0.000000 2.892467 0.512695
  250 1.619803 13.432749 0.251367 0.701144 0.000000 3.324889 0.494141
  251 1.638887 28.375645 0.244336 0.510511 0.000000 3.791911 0.452148
  252 1.480466 16.562327 0.241406 0.870777 0.000000 3.494285 0.437500
  253 1.475287 5.979410 0.221484 0.704739 0.000000 3.740857 0.406250
  254 1.536902 8.961553 0.201562 0.529474 0.000000 4.266675 0.361328
  255 1.350926 11.325161 0.251367 0.633203 0.000000 3.400656 0.432617
  256 1.955385 11.960585 0.246094 0.786582 0.000000 3.382871 0.466797
  257 1.726268 5.235224 0.239062 0.597369 0.000000 3.740585 0.413086
  258 1.432581 48.941382 0.214453 0.770952 0.000000 3.838206 0.407227
  259 1.256706 8.344028 0.284766 0.502871 0.000000 3.682346 0.410156
  260 1.233171 33.680888 0.253125 0.699099 0.000000 2.851894 0.498047
  261 1.188432 29.518502 0.299414 0.678553 0.000000 3.200904 0.475586
  262 1.151086 28.230813 0.263086 0.571266 0.000000 2.831491 0.506836
  263 1.355669 27.418141 0.283008 0.794714 0.000000 2.917378 0.493164
  264 1.253896 26.444526 0.291797 0.650359 0.000000 3.159651 0.478516
  265 1.219756 11.687995 0.298828 0.628194 0.000000 3.070436 0.498047
  266 1.380257 38.887995 0.250195 0.566090 0.000000 2.848259 0.496094
  267 1.278275 24.383233 0.274219 0.782888 0.000000 3.312145 0.492188
  268 1.646026 32.091452 0.233203 0.775746 0.000000 3.494996 0.419922
  269 1.334474 39.363604 0.272461 0.747305 0.000000 2.988901 0.499023
  270 1.248529 36.220170 0.264258 0.883954 0.000000 3.058757 0.488281
  271 1.802776 34.336272 0.278320 0.781567 0.000000 3.294720 0.460938
  272 2.012308 25.979410 0.307617 0.650200 0.000000 3.321954 0.495117
  273 1.355669 24.611843 0.259570 0.787605 0.000000 3.367651 0.438477
  274 1.785961 21.979410 0.279492 0.576968 0.000000 3.409909 0.471680
  275 1.806696 40.846640 0.275977 0.710329 0.000000 3.382182 0.447266
  276 1.343640 21.545838 0.286523 0.664477 0.000000 3.020860 0.461914
  277 1.382152 27.374759 0.258398 0.544197 0.000000 3.008074 0.506836
  278 1.590571 30.818566 0.239648 0.750262 0.000000 3.229441 0.485352
  279 1.766981 35.021863 0.295313 0.764302 0.000000 2.671294 0.510742
  280 1.994109 33.853771 0.298828 0.878899 0.000000 2.559350 0.523438
  281 1.267105 35.102112 0.305859 0.757791 0.000000 2.892868 0.467773
  282 1.316711 29.708978 0.247266 0.542287 0.000000 3.074514 0.456055
  283 1.475287 32.301188 0.258984 0.787885 0.000000 2.951152 0.485352
  284 1.652122 28.917882 0.266016 0.679426 0.000000 3.157293 0.473633
  285 1.339447 32.864495 0.285352 1.091774 0.000000 3.450157 0.458008
  286 1.335935 28.722835 0.256055 0.695768 0.000000 2.835561 0.498047
  287 1.329772 13.836745 0.232617 0.626323 0.000000 3.559181 0.430664
  288 2.015186 14.355939 0.215625 0.670393 0.000000 3.745654 0.448242
  289 2.122775 36.255350 0.233789 1.010373 0.000000 4.229295 0.409180
  290 1.802776 17.483004 0.270703 0.833939 0.000000 3.609603 0.466797
  291 1.500000 6.113663 0.229687 0.585361 0.000000 3.802739 0.406250
  292 1.783044 16.380716 0.250781 0.708336 0.000000 3.929343 0.444336
  293 1.638887 41.477990 0.246680 0.585467 0.000000 3.609792 0.450195
  294 1.922009 24.584061 0.285352 0.567792 0.000000 3.273428 0.468750
  295 1.270352 31.915327 0.268359 0.469185 0.000000 3.367108 0.474609
  296 1.380257 21.103403 0.295898 0.495053 0.000000 2.786111 0.519531
  297 1.201850 35.863129 0.274219 0.890182 0.000000 3.157015 0.465820
  298 1.218227 33.028459 0.304102 0.916985 0.000000 2.989910 0.487305
  299 1.219093 38.162327 0.300000 0.809865 0.000000 3.112013 0.492188
  300 1.787142 26.089930 0.246094 0.676908 0.000000 2.755585 0.531250
  301 1.433587 28.720399 0.311133 0.806946 0.000000 2.923313 0.500977
  302 1.295408 28.117882 0.266602 0.539524 0.000000 3.213748 0.471680
  303 1.355815 19.203681 0.236133 0.562918 0.000000 3.382096 0.453125
  304 1.386750 9.664185 0.274219 0.627281 0.000000 3.046010 0.514648
  305 1.747526 30.846640 0.215625 0.675862 0.000000 3.798734 0.422852
  306 1.612452 18.956251 0.247852 0.599161 0.000000 3.609751 0.431641
  307 1.380257 35.468120 0.264258 0.821926 0.000000 3.400396 0.456055
  308 1.250503 22.347112 0.300586 0.754659 0.000000 2.761319 0.513672
  309 1.234662 41.811881 0.297070 0.829315 0.000000 2.761693 0.500977
  310 1.123782 23.646106 0.259570 0.717583 0.000000 2.914942 0.468750
  311 1.798525 27.716567 0.295898 0.723778 0.000000 2.890554 0.509766
  312 1.407029 61.272818 0.294727 0.686509 0.000000 2.839904 0.500000
  313 1.896182 32.779439 0.290625 0.802063 0.000000 2.759602 0.527344
  314 1.382152 41.964291 0.251367 0.599568 0.000000 2.764868 0.489258
  315 1.093216 26.490277 0.279492 0.643293 0.000000 3.114059 0.474609
  316 1.160845 26.663218 0.246680 0.893387 0.000000 2.899721 0.473633
  317 1.173231 19.349938 0.288867 0.794937 0.000000 3.227463 0.452148
  318 1.616542 17.145138 0.239062 0.821539 0.000000 3.271830 0.450195
  319 1.257410 13.548670 0.263672 0.639983 0.000000 3.202011 0.458984
  320 1.070489 25.224194 0.285352 0.541957 0.000000 2.729817 0.507812
  321 1.204037 39.827716 0.258398 0.877399 0.000000 2.824974 0.475586
  322 1.240347 30.928199 0.243164 0.569666 0.000000 2.944863 0.496094
  323 1.219756 18.831756 0.256641 0.531991 0.000000 3.089627 0.486328
  324 1.531716 17.830152 0.258398 0.903494 0.000000 3.497613 0.453125
  325 1.586582 9.746091 0.264258 0.621847 0.000000 3.424292 0.460938
  326 1.815772 34.011226 0.252539 0.696373 0.000000 3.980526 0.396484
  327 1.536902 16.383233 0.249023 0.605394 0.000000 3.606598 0.454102
  328 2.236068 41.974297 0.233789 0.516342 0.000000 3.396074 0.459961
  329 1.672772 19.852307 0.305859 0.687511 0.000000 3.067769 0.497070
  330 1.376042 45.242182 0.267773 0.860887 0.000000 3.346679 0.465820
  331 1.255055 15.706780 0.268945 0.932831 0.000000 3.139177 0.469727
  332 1.384931 45.651903 0.282422 0.575530 0.000000 2.868687 0.486328
  333 1.084255 31.207404 0.285937 0.516838 0.000000 2.956993 0.509766
  334 1.250000 18.756597 0.244336 0.769301 0.000000 3.244115 0.464844
  335 1.240520 18.901390 0.260156 0.750362 0.000000 3.094075 0.447266
  336 1.250503 31.147035 0.237891 0.678354 0.000000 2.935984 0.463867
  337 1.355669 19.853771 0.288281 0.573612 0.000000 3.177592 0.465820
  338 1.227294 28.766431 0.331055 0.760679 0.000000 3.019268 0.523438
  339 1.636734 18.759772 0.280078 0.559955 0.000000 3.285506 0.472656
  340 1.427153 14.983213 0.210937 0.878311 0.000000 3.871948 0.389648
  341 1.617215 20.166237 0.257812 0.826152 0.000000 3.330778 0.433594
  342 1.913992 18.201661 0.246680 0.636450 0.000000 3.333979 0.454102
  343 1.470217 4.637549 0.241406 0.771475 0.000000 3.795688 0.429688
  344 1.562050 49.498256 0.229102 0.467770 0.000000 3.657415 0.426758
  345 1.475287 35.402939 0.288281 0.732786 0.000000 3.184191 0.476562
  346 1.355815 52.014501 0.254297 0.805269 0.000000 3.359318 0.446289
  347 1.249204 20.274715 0.260156 0.706251 0.000000 2.963446 0.489258
  348 1.162476 17.791788 0.247266 0.649394 0.000000 3.083050 0.455078
  349 2.122775 21.476409 0.284180 0.634675 0.000000 3.241636 0.483398
  350 2.527969 4.608049 0.224414 0.778111 0.000000 4.508193 0.415039
  351 2.651560 -0.934227 0.219727 0.581739 0.000000 4.762726 0.399414
  352 2.651560 10.602568 0.191602 0.507504 0.000000 5.228151 0.357422
  353 2.408319 27.560384 0.205078 0.627137 0.000000 4.519874 0.372070
  354 1.815772 28.311495 0.219727 0.580164 0.000000 4.535234 0.361328
  355 1.901916 6.072433 0.227344 0.644477 0.000000 3.851981 0.446289
  356 1.712511 17.553785 0.239648 0.865809 0.000000 4.103335 0.379883
  357 1.699056 10.537549 0.216211 0.768991 0.000000 3.751646 0.438477
  358 1.586582 24.740847 0.229102 0.730805 0.000000 3.556940 0.463867
  359 1.473815 27.398525 0.251953 0.910415 0.000000 3.157473 0.468750
  360 1.240520 23.583806 0.264844 0.887441 0.000000 3.141552 0.453125
  361 1.409460 15.659462 0.246680 0.810061 0.000000 3.316736 0.472656
  362 1.377411 7.687995 0.234961 0.576343 0.000000 3.182375 0.497070
  363 1.223641 42.532440 0.270703 0.786158 0.000000 2.995213 0.462891
  364 1.386750 18.701014 0.304688 1.069062 0.000000 3.047135 0.485352
  365 1.470217 4.925161 0.230859 0.741487 0.000000 3.501924 0.425781
  366 1.547416 23.697210 0.251953 0.534371 0.000000 3.226750 0.465820
  367 1.811077 26.962327 0.225586 0.705097 0.000000 3.657429 0.433594
  368 1.811077 32.870786 0.217969 0.850610 0.000000 4.159810 0.393555
  369 1.427153 14.326129 0.248437 0.572976 0.000000 3.478118 0.478516
  370 1.217876 14.274135 0.245508 0.715822 0.000000 3.078169 0.479492
  371 1.295319 19.612772 0.231445 0.642256 0.000000 3.002484 0.466797
  372 1.396082 33.477990 0.263672 0.667187 0.000000 3.299143 0.488281
  373 1.338111 27.198690 0.242578 0.705745 0.000000 3.624104 0.427734
  374 1.406930 28.158436 0.259570 0.820303 0.000000 3.327944 0.479492
  375 1.414214 39.495660 0.285352 0.641816 0.000000 2.883951 0.520508
  376 1.219756 27.281736 0.263672 0.623921 0.000000 3.046369 0.492188
  377 1.547416 29.811881 0.231445 0.762022 0.000000 3.502922 0.441406
  378 1.737593 11.385500 0.240820 0.541337 0.000000 3.511615 0.439453
  379 1.697056 25.467021 0.236719 0.673976 0.000000 3.588232 0.432617
  380 1.556113 30.580931 0.265430 0.591339 0.000000 3.583810 0.463867
  381 1.515684 47.796106 0.277734 0.632473 0.000000 3.214225 0.498047
  382 1.414214 27.468986 0.262500 0.662036 0.000000 3.144578 0.461914
  383 1.338111 44.658227 0.273633 0.739454 0.000000 3.011020 0.483398
  384 1.556113 32.078548 0.280078 0.480410 0.000000 2.901747 0.515625
  385 1.240347 42.083411 0.258984 0.631773 0.000000 2.924217 0.483398
  386 1.333333 36.065191 0.297070 0.557280 0.000000 2.658391 0.515625
  387 1.692745 42.938827 0.314063 0.857064 0.000000 2.691811 0.546875
  388 1.230325 22.302629 0.292383 0.642913 0.000000 2.705188 0.520508
  389 1.031220 21.994692 0.247852 0.620506 0.000000 2.963286 0.494141
  390 1.457384 26.765624 0.245508 0.591864 0.000000 3.045318 0.504883
  391 1.421510 14.890190 0.265430 0.839786 0.000000 3.522114 0.457031
  392 1.922009 25.924270 0.231445 0.754682 0.000000 3.532582 0.455078
  393 1.741490 40.745660 0.255469 1.010258 0.000000 3.436472 0.442383
  394 2.134375 25.607115 0.222656 0.821707 0.000000 4.226441 0.390625
  395 1.902630 10.815211 0.232031 0.541299 0.000000 4.242647 0.404297
  396 1.204037 17.613740 0.262500 0.664802 0.000000 3.456924 0.470703
  397 1.427153 40.434103 0.236719 0.715199 0.000000 3.187239 0.429688
  398 1.469225 51.591359 0.269531 0.676446 0.000000 2.732567 0.511719
  399 1.573710 44.473206 0.264844 0.808690 0.000000 2.817436 0.512695
  400 1.945897 43.442552 0.248437 0.835550 0.000000 2.814267 0.521484
  401 1.702939 25.899454 0.267773 0.802632 0.000000 2.885623 0.483398
  402 1.470217 30.203681 0.315820 0.675364 0.000000 2.790058 0.529297
  403 1.286876 25.141847 0.279492 0.553213 0.000000 3.143009 0.506836
  404 1.802776 5.107781 0.254883 0.686552 0.000000 3.464849 0.458008
  405 2.002498 16.746900 0.216797 0.718236 0.000000 4.123271 0.399414
  406 1.831876 12.999536 0.205664 0.551706 0.000000 4.478278 0.385742
  407 1.536902 25.290364 0.238477 0.663926 0.000000 4.428658 0.381836
  408 1.502313 15.328026 0.255469 0.976806 0.000000 3.934021 0.407227
  409 1.335935 31.649938 0.260156 0.770206 0.000000 3.382079 0.442383
  410 1.355213 34.044947 0.264258 0.694896 0.000000 3.173948 0.476562
  411 1.418983 24.540592 0.271875 0.791304 0.000000 3.466224 0.452148
  412 1.536902 13.080445 0.260156 0.783433 0.000000 3.716870 0.426758
  413 1.498717 26.909643 0.263672 0.520139 0.000000 3.182326 0.495117
  414 1.150447 25.377211 0.262500 0.643385 0.000000 3.212314 0.471680
  415 1.649242 43.213846 0.264844 0.584008 0.000000 3.323329 0.451172
  416 1.209995 26.317674 0.279492 0.732712 0.000000 3.092788 0.466797
  417 1.099054 8.577128 0.237891 0.881941 0.000000 3.153050 0.464844
  418 1.126690 33.674715 0.215625 0.734359 0.000000 3.513670 0.451172
  419 1.438482 24.755731 0.297656 1.036770 0.000000 3.054697 0.467773
  420 1.204037 21.380509 0.246680 0.636395 0.000000 3.012638 0.484375
  421 1.243904 22.912772 0.256641 0.738440 0.000000 2.996076 0.472656
  422 1.276484 40.225161 0.258984 0.625516 0.000000 3.150208 0.479492
  423 1.232444 30.909643 0.278906 0.865572 0.000000 3.045328 0.473633
  424 1.280720 15.653829 0.249609 0.742444 0.000000 3.074973 0.453125
  425 1.492072 39.185826 0.240820 0.627843 0.000000 3.054518 0.491211
  426 1.257916 20.520437 0.279492 0.699533 0.000000 2.980295 0.495117
  427 1.526723 48.399074 0.268359 0.894150 0.000000 2.965366 0.483398
  428 1.320972 49.172303 0.288281 0.713122 0.000000 2.953325 0.478516
  429 1.454545 28.736389 0.270117 0.615267 0.000000 2.969228 0.479492
  430 1.674906 36.947073 0.256055 0.757981 0.000000 2.909134 0.494141
  431 1.438858 32.930954 0.235547 0.706377 0.000000 2.926045 0.451172
  432 1.277204 34.095660 0.241992 0.694244 0.000000 2.886281 0.460938
  433 1.638887 29.583362 0.266602 0.500774 0.000000 3.099665 0.477539
  434 1.406930 18.208838 0.249023 0.607283 0.000000 3.409493 0.467773
  435 1.652122 52.282327 0.268359 0.895035 0.000000 3.309942 0.455078
  436 2.122775 10.115815 0.255469 0.667372 0.000000 3.783905 0.431641
  437 1.680697 16.385500 0.222656 0.875468 0.000000 4.117718 0.406250
  438 1.712511 12.707081 0.214453 0.823036 0.000000 4.073323 0.370117
  439 2.122775 4.286302 0.198633 0.705988 0.000000 4.325700 0.376953
  440 1.712511 9.000384 0.226172 0.726557 0.000000 3.871816 0.392578
  441 1.646434 33.520158 0.229102 0.588773 0.000000 3.858255 0.438477
  442 1.726268 5.017572 0.237305 0.496899 0.000000 4.182595 0.377930
  443 1.356748 34.103296 0.222070 0.679627 0.000000 3.864266 0.422852
  444 1.271162 21.373998 0.241992 0.661590 0.000000 3.263639 0.459961
  445 1.320972 27.901101 0.229102 0.740424 0.000000 2.891212 0.498047
  446 1.093561 23.542428 0.239648 0.631794 0.000000 2.619153 0.545898
  447 1.328281 17.315902 0.259570 0.577463 0.000000 2.891226 0.511719
  448 1.578410 27.579718 0.218555 0.664349 0.000000 3.600306 0.429688
  449 1.151086 30.025161 0.233203 0.597545 0.000000 3.492824 0.428711
  450 1.278275 21.284778 0.273633 0.834801 0.000000 3.171741 0.456055
  451 1.181513 11.394824 0.260742 0.746484 0.000000 3.079461 0.480469
  452 1.295319 21.210277 0.276562 0.682700 0.000000 2.806694 0.513672
  453 1.461763 32.651216 0.289453 0.762071 0.000000 2.835052 0.544922
  454 1.351882 21.222879 0.264844 0.591930 0.000000 3.001925 0.492188
  455 1.278985 14.234723 0.258398 0.673520 0.000000 3.360235 0.474609
  456 1.083087 18.295622 0.247266 0.674144 0.000000 3.601856 0.444336
  457 1.102822 27.678432 0.216797 0.511145 0.000000 3.290714 0.457031
  458 1.257410 28.149938 0.270117 0.701256 0.000000 2.795949 0.509766
  459 1.308906 13.937549 0.253711 0.737819 0.000000 2.894159 0.471680
  460 1.253896 27.088033 0.241406 0.624402 0.000000 3.014834 0.483398
  461 1.395102 30.860001 0.270117 0.461741 0.000000 3.151613 0.500977
  462 1.180775 26.744145 0.230859 0.815794 0.000000 3.374352 0.400391
  463 1.234662 22.084865 0.202734 0.574875 0.000000 3.108503 0.457031
  464 1.475127 22.435497 0.242578 0.853738 0.000000 3.086162 0.480469
  465 1.528321 27.210277 0.251953 0.695799 0.000000 3.360217 0.470703
  466 1.325236 12.244209 0.242578 0.632793 0.000000 3.280559 0.469727
  467 1.737593 27.646106 0.220312 0.694370 0.000000 3.610910 0.452148
  468 2.247083 6.815637 0.233789 1.045329 0.000000 4.209481 0.387695
  469 1.658935 30.898215 0.227930 0.562443 0.000000 3.430175 0.487305
  470 1.918075 4.408010 0.222070 0.862389 0.000000 4.355809 0.390625
  471 1.502313 36.937549 0.254297 0.791305 0.000000 4.040194 0.402344
  472 2.022375 20.128854 0.226172 0.797811 0.000000 4.053471 0.404297
  473 2.360756 22.717028 0.258984 0.797993 0.000000 3.931150 0.431641
  474 1.726746 26.755731 0.258984 0.637183 0.000000 4.007966 0.394531
  475 1.060660 37.002939 0.294727 0.878085 0.000000 2.966128 0.491211
  476 1.187776 24.316605 0.301758 0.582525 0.000000 2.533591 0.548828
  477 1.343710 21.738323 0.291211 0.619375 0.000000 3.039000 0.510742
  478 1.161063 26.434685 0.258398 0.676282 0.000000 3.235424 0.467773
  479 1.382152 34.611843 0.243164 1.111889 0.000000 2.810658 0.470703
  480 1.307692 17.455629 0.252539 0.679739 0.000000 2.897165 0.495117
  481 1.581139 26.810604 0.225586 0.812125 0.000000 3.363463 0.426758
  482 1.514456 19.243343 0.264258 0.580854 0.000000 3.155402 0.488281
  483 1.171303 14.687802 0.240820 0.587392 0.000000 3.319102 0.468750
  484 1.261886 32.695602 0.216211 0.775374 0.000000 3.353251 0.416992
  485 1.273303 15.350740 0.246094 0.650046 0.000000 3.450883 0.443359
  486 1.727273 4.103210 0.237891 0.717873 0.000000 4.219632 0.383789
  487 2.026298 25.648628 0.209180 0.866998 0.000000 4.707939 0.363281
  488 2.252370 25.780857 0.188086 0.731538 0.000000 4.993506 0.370117
  489 2.335977 10.003771 0.199219 0.522704 0.000000 4.775608 0.376953
  490 2.027588 20.844687 0.176953 0.723368 0.000000 5.389339 0.320312
  491 1.811077 13.805796 0.219141 0.640025 0.000000 4.551465 0.365234
  492 1.586582 14.028459 0.217969 0.609931 0.000000 4.187217 0.396484
  493 1.660910 29.358049 0.233203 0.645419 0.000000 4.044368 0.415039
  494 1.493154 16.400384 0.225000 0.577292 0.000000 3.829274 0.404297
  495 1.355815 20.133252 0.258398 0.620826 0.000000 3.346856 0.458984
  496 1.249204 22.424967 0.223242 0.684352 0.000000 3.179585 0.444336
  497 1.343640 41.666427 0.256055 0.597640 0.000000 2.857552 0.505859
  498 1.531013 35.188712 0.276562 0.710685 0.000000 2.840428 0.509766
  499 1.442221 27.449938 0.318750 0.624510 0.000000 2.529271 0.575195
  500 1.177124 10.818035 0.300000 0.845256 0.000000 2.857484 0.471680
  501 1.327782 35.772220 0.255469 0.604932 0.000000 3.237192 0.475586
  502 1.369932 9.274715 0.236719 0.654742 0.000000 3.540545 0.458984
  503 1.355669 20.827096 0.226758 0.624396 0.000000 3.607682 0.423828
  504 1.343457 62.046891 0.237891 0.652886 0.000000 3.244684 0.446289
  505 1.295408 19.363218 0.246094 0.576123 0.000000 3.041726 0.474609
  506 1.442221 17.340679 0.261328 0.704670 0.000000 3.133801 0.466797
  507 1.369932 44.681989 0.271875 0.666129 0.000000 3.023005 0.493164
  508 1.480466 24.696938 0.247266 0.517382 0.000000 3.368774 0.462891
  509 1.475127 23.951666 0.210352 0.843675 0.000000 3.603606 0.437500
  510 1.612452 25.999106 0.252539 0.462878 0.000000 3.925013 0.442383
  511 2.122775 14.185169 0.219727 0.661706 0.000000 3.790379 0.427734
  512 2.247083 15.697888 0.216211 0.555797 0.000000 3.847372 0.405273
  513 1.636734 11.342961 0.206250 0.978980 0.000000 4.294648 0.357422
  514 1.808101 18.835054 0.222070 0.879336 0.000000 4.211247 0.395508
  515 2.012308 11.669605 0.192773 0.521325 0.000000 4.059667 0.424805
  516 1.612452 14.380509 0.215039 0.545215 0.000000 3.786728 0.420898
  517 1.672772 15.646106 0.253125 0.666140 0.000000 3.471754 0.437500
  518 1.562050 36.074715 0.252539 0.617023 0.000000 3.354065 0.459961
  519 1.308960 15.002666 0.251367 0.512928 0.000000 3.578305 0.432617
  520 1.295319 24.211968 0.263086 0.865647 0.000000 3.220314 0.447266
  521 1.409329 37.259289 0.265430 0.931688 0.000000 2.931516 0.468750
  522 1.581139 33.300802 0.243164 0.661041 0.000000 2.973039 0.491211
  523 1.337038 33.984549 0.248437 0.677934 0.000000 2.721439 0.524414
  524 1.227294 29.238517 0.233789 0.695848 0.000000 3.014430 0.460938
  525 1.488624 20.068328 0.267773 0.608035 0.000000 3.116109 0.496094
  526 1.438858 27.879706 0.248437 0.554089 0.000000 3.284894 0.467773
  527 1.198038 19.819431 0.288867 0.546306 0.000000 3.116302 0.494141
  528 1.277204 38.215810 0.272461 0.794099 0.000000 2.901803 0.526367
  529 1.234662 38.843862 0.256055 0.575556 0.000000 3.270985 0.463867
  530 1.449677 31.119368 0.258398 0.701228 0.000000 2.989945 0.495117
  531 1.486321 24.040414 0.284766 0.521660 0.000000 3.053151 0.489258
  532 1.549722 25.070883 0.238477 0.534236 0.000000 4.351287 0.411133
  533 1.548126 19.516070 0.253711 0.649421 0.000000 3.921843 0.430664
  534 1.303840 42.652493 0.227930 0.923271 0.000000 3.168414 0.480469
  535 1.249204 21.603513 0.262500 0.521678 0.000000 3.284299 0.457031
  536 1.605609 14.394885 0.256641 0.727295 0.000000 2.919210 0.508789
  537 1.470217 36.112772 0.290039 0.742268 0.000000 3.007375 0.484375
  538 1.160668 33.467021 0.268359 0.579689 0.000000 3.043588 0.483398
  539 1.255055 29.545838 0.292969 0.641041 0.000000 2.999466 0.470703
  540 1.386750 22.537549 0.294727 0.561215 0.000000 2.883041 0.516602
  541 1.617215 31.013574 0.263672 0.910989 0.000000 2.954329 0.481445
  542 1.338111 28.449938 0.222656 1.043616 0.000000 2.612286 0.478516
  543 1.092975 20.762327 0.257227 0.712871 0.000000 3.235646 0.467773
  544 1.470217 36.476409 0.291797 0.846975 0.000000 2.894790 0.464844
  545 1.456022 43.210277 0.333984 0.812814 0.000000 2.832676 0.472656
  546 1.128349 24.831333 0.317578 0.766490 0.000000 2.758634 0.538086
  547 1.789392 33.185583 0.293555 0.797585 0.000000 2.697128 0.536133
  548 2.003084 46.213904 0.294141 0.958799 0.000000 2.834051 0.502930
  549 1.459927 31.168922 0.253125 0.653444 0.000000 3.011176 0.499023
  550 1.459845 36.564609 0.294727 0.646180 0.000000 2.617816 0.573242
  551 1.276079 46.112772 0.288281 0.798128 0.000000 2.648456 0.522461
  552 1.566151 41.861940 0.319336 0.869095 0.000000 3.083266 0.506836
  553 1.581139 31.042157 0.267187 0.806946 0.000000 3.406342 0.445312
  554 1.409329 33.447383 0.267773 0.561036 0.000000 2.882415 0.523438
  555 1.237656 33.516070 0.267773 0.793183 0.000000 3.012211 0.486328
  556 1.276484 35.383271 0.256055 0.798997 0.000000 3.394337 0.457031
  557 1.173231 29.328247 0.278320 0.825331 0.000000 2.974248 0.479492
  558 1.040063 13.684239 0.261914 0.757511 0.000000 3.007551 0.495117
  559 1.315587 21.104318 0.268359 0.620193 0.000000 2.767770 0.537109
  560 1.353514 23.487995 0.254883 0.629029 0.000000 2.923433 0.481445
  561 1.171657 23.937549 0.307031 0.727589 0.000000 2.804807 0.527344
  562 1.414214 17.482496 0.262500 1.050442 0.000000 3.405838 0.440430
  563 1.138129 32.922665 0.227344 0.688428 0.000000 3.592706 0.425781
  564 1.500000 19.373748 0.242578 0.520203 0.000000 3.343889 0.421875
  565 1.388524 22.728180 0.277734 0.794614 0.000000 3.143463 0.465820
  566 1.250000 11.455437 0.257227 0.621942 0.000000 2.975203 0.476562
  567 1.386750 26.516605 0.283594 0.633704 0.000000 3.391752 0.469727
  568 1.457384 24.785826 0.249609 0.697936 0.000000 3.171842 0.460938
  569 1.670928 20.857565 0.239062 0.681862 0.000000 3.552251 0.454102
  570 1.502313 22.328954 0.249609 0.750890 0.000000 3.056439 0.494141
  571 1.638887 21.567318 0.268945 0.556812 0.000000 3.106570 0.496094
  572 1.760942 13.591208 0.239648 0.579328 0.000000 3.449360 0.421875
  573 1.918075 0.883697 0.232031 0.605161 0.000000 3.750623 0.448242
  574 2.236068 16.272160 0.220312 0.750279 0.000000 4.091237 0.421875
  575 1.900292 24.766304 0.229102 0.849196 0.000000 4.050790 0.408203
  576 1.808101 16.222656 0.220898 0.726114 0.000000 4.096669 0.416992
  577 1.831876 45.517716 0.251367 0.550580 0.000000 3.839226 0.429688
  578 1.369932 17.294590 0.246680 0.589693 0.000000 3.505888 0.439453
  579 1.162476 22.562327 0.182812 0.590789 0.000000 3.849855 0.408203
  580 1.338111 19.360391 0.245508 0.664712 0.000000 3.082797 0.492188
  581 1.427747 27.279206 0.249023 0.767868 0.000000 3.302517 0.469727
  582 1.646026 23.788797 0.301172 0.732276 0.000000 2.920454 0.511719
  583 1.395102 13.468120 0.239648 0.686737 0.000000 3.777752 0.406250
  584 1.435552 33.501949 0.277148 0.603282 0.000000 3.201293 0.483398
  585 1.337955 28.831756 0.240234 0.443629 0.000000 2.976550 0.495117
  586 1.427153 21.837549 0.246680 0.818717 0.000000 3.035149 0.463867
  587 1.435552 18.349938 0.306445 0.702927 0.000000 2.964745 0.502930
  588 1.201850 19.156915 0.223242 0.541174 0.000000 3.359126 0.455078
  589 1.395102 20.664822 0.230859 0.618145 0.000000 3.549319 0.432617
  590 1.204037 25.898819 0.220312 0.534807 0.000000 3.196540 0.484375
  591 1.426437 25.441649 0.239062 0.579803 0.000000 3.122823 0.472656
  592 1.711724 19.259289 0.205078 0.740441 0.000000 4.063243 0.359375
  593 2.224998 11.916605 0.188086 0.627151 0.000000 5.084869 0.344727
  594 1.499333 9.203426 0.218555 0.593817 0.000000 4.125901 0.396484
  595 1.297212 20.369011 0.218555 0.509053 0.000000 3.940085 0.416016
  596 1.802776 19.963931 0.230859 0.884321 0.000000 3.532633 0.432617
  597 1.923538 20.192757 0.193945 0.687989 0.000000 4.601006 0.349609
  598 2.026298 8.968673 0.207422 0.754767 0.000000 4.257963 0.375000
  599 2.057983 32.688477 0.205078 0.724678 0.000000 4.215983 0.376953
  600 1.711724 16.392095 0.202148 0.785007 0.000000 3.601631 0.435547
  601 1.638887 23.921061 0.234375 0.672874 0.000000 4.066506 0.399414
  602 1.586582 18.909475 0.225586 0.616352 0.000000 4.041137 0.390625
  603 1.811077 26.549982 0.238477 0.764494 0.000000 3.364194 0.458008
  604 1.808101 17.898819 0.250781 0.632167 0.000000 3.848935 0.435547
  605 1.581139 35.294383 0.231445 0.786888 0.000000 3.986696 0.403320
  606 1.646434 30.251546 0.253711 0.616789 0.000000 3.222124 0.470703
  607 1.652122 23.896938 0.281836 0.659304 0.000000 3.274270 0.460938
  608 1.586582 3.580871 0.262500 0.717597 0.000000 3.577491 0.431641
  609 1.646434 27.220170 0.239062 0.450290 0.000000 3.882075 0.410156
  610 2.281036 32.843862 0.233203 0.604093 0.000000 3.906805 0.423828
  611 1.535613 29.078013 0.233789 0.681699 0.000000 3.723598 0.463867
  612 1.581139 19.129261 0.226758 0.557722 0.000000 4.021204 0.403320
  613 1.811077 12.183271 0.226172 0.707812 0.000000 4.017682 0.410156
  614 2.057983 17.085376 0.184570 0.613680 0.000000 4.474120 0.366211
  615 1.922009 13.666605 0.195117 0.654742 0.000000 4.877306 0.344727
  616 2.169635 9.520158 0.189844 0.727120 0.000000 5.171409 0.325195
  617 2.527969 15.142273 0.193359 0.524250 0.000000 4.786775 0.377930
  618 2.761340 49.191828 0.203320 0.533348 0.000000 4.569066 0.375000
  619 1.802776 14.851835 0.255469 0.738291 0.000000 3.619552 0.456055
  620 1.548126 21.455629 0.229687 0.614449 0.000000 3.759736 0.427734
  621 1.612452 20.577128 0.246680 0.545879 0.000000 3.302891 0.479492
  622 1.386750 19.975606 0.282422 0.414529 0.000000 3.299481 0.470703
  623 1.376042 36.981994 0.266602 0.751728 0.000000 3.367568 0.436523
  624 1.380257 30.251216 0.289453 0.709530 0.000000 2.835622 0.507812
  625 1.350858 26.425074 0.288867 0.608809 0.000000 2.914017 0.514648
  626 1.170721 29.765624 0.243164 0.683645 0.000000 2.950138 0.498047
  627 1.531383 34.061525 0.273633 0.746489 0.000000 2.973555 0.484375
  628 1.278985 33.180716 0.325195 0.567562 0.000000 2.933196 0.521484
  629 1.411901 52.101998 0.277734 0.635775 0.000000 2.758208 0.502930
  630 1.531013 38.392095 0.292969 0.738960 0.000000 2.934510 0.500000
  631 1.449677 17.612772 0.284180 0.579087 0.000000 2.884260 0.523438
  632 1.459715 42.727656 0.286523 0.661506 0.000000 3.086092 0.473633
  633 1.237656 35.274802 0.273633 0.827262 0.000000 2.961281 0.470703
  634 1.204159 27.274715 0.288867 0.628216 0.000000 3.410558 0.466797
  635 1.457458 25.520158 0.270703 0.820730 0.000000 3.327540 0.452148
  636 1.102822 11.599952 0.237305 0.490170 0.000000 3.234224 0.458984
  637 1.328281 24.896195 0.308789 0.667483 0.000000 3.034752 0.501953
  638 1.979305 51.057453 0.243164 0.632831 0.000000 2.856022 0.492188
  639 1.638887 48.525161 0.281250 0.553942 0.000000 2.805492 0.510742
  640 1.446481 32.016872 0.299414 0.689079 0.000000 2.692211 0.522461
  641 1.446481 40.425161 0.294727 0.482861 0.000000 2.669222 0.528320
  642 1.444991 24.443899 0.281836 0.770851 0.000000 2.680542 0.496094
  643 1.223641 21.389473 0.248437 0.563818 0.000000 2.886082 0.478516
  644 1.163014 27.095689 0.244922 0.654986 0.000000 3.158877 0.500977
  645 1.279681 21.125161 0.250195 0.655448 0.000000 3.317585 0.446289
  646 1.547416 30.334252 0.230273 0.696187 0.000000 3.363649 0.453125
  647 1.295319 17.387066 0.285937 0.539515 0.000000 3.290237 0.472656
  648 1.250503 23.962327 0.238477 0.655876 0.000000 2.975915 0.502930
  649 1.303840 50.701516 0.285352 0.693983 0.000000 2.736653 0.529297
  650 1.706984 65.003784 0.308789 0.710203 0.000000 2.682951 0.541992
  651 1.444991 22.065191 0.305859 0.833308 0.000000 2.723453 0.513672
  652 1.522271 19.553872 0.246094 0.710145 0.000000 2.905838 0.470703
  653 1.719362 51.159855 0.261914 0.819977 0.000000 3.261812 0.464844
  654 2.035791 41.831548 0.254883 0.691563 0.000000 3.750883 0.424805
  655 1.815772 28.071673 0.264844 0.766516 0.000000 3.341182 0.469727
  656 1.697273 20.727656 0.257227 0.745884 0.000000 3.762025 0.421875
  657 1.802776 10.987104 0.229687 0.573216 0.000000 3.507360 0.479492
  658 2.000000 12.619922 0.225586 0.829772 0.000000 3.978738 0.393555
  659 1.737758 11.015098 0.202148 0.690446 0.000000 3.997872 0.424805
  660 1.562050 19.387066 0.236133 0.546181 0.000000 3.708713 0.444336
  661 2.122775 17.649938 0.255469 0.699780 0.000000 4.113668 0.423828
  662 1.617215 21.324444 0.220312 0.560659 0.000000 3.682149 0.427734
  663 1.702939 16.859424 0.251953 0.825850 0.000000 3.657488 0.426758
  664 1.473815 23.550868 0.247266 0.579421 0.000000 3.578070 0.445312
  665 1.726746 3.925965 0.240234 0.750151 0.000000 3.952728 0.440430
  666 1.447719 28.636747 0.216211 0.611950 0.000000 4.198356 0.417969
  667 1.617215 16.908882 0.249023 0.653631 0.000000 3.431666 0.478516
  668 1.649242 20.016872 0.243164 0.832924 0.000000 3.305036 0.450195
  669 1.605609 19.317882 0.213867 0.680525 0.000000 3.617064 0.412109
  670 1.488624 15.885626 0.215039 0.702492 0.000000 3.364893 0.454102
  671 1.823689 32.681400 0.258984 0.637958 0.000000 3.158808 0.469727
  672 1.531383 19.181779 0.260156 0.484783 0.000000 3.131043 0.479492
  673 1.092975 26.217534 0.270117 0.582809 0.000000 3.167894 0.479492
  674 1.457384 12.937549 0.243164 0.805989 0.000000 3.609204 0.429688
  675 2.148871 21.426438 0.264844 0.830337 0.000000 4.058528 0.421875
  676 1.711724 52.037549 0.223828 0.599139 0.000000 4.311746 0.406250
  677 1.902630 6.053732 0.214453 0.810430 0.000000 4.285746 0.387695
  678 1.638887 21.653236 0.237305 0.634013 0.000000 3.738942 0.434570
  679 1.382666 9.644480 0.246094 0.783547 0.000000 3.433672 0.449219
  680 1.811077 6.200384 0.213281 0.773850 0.000000 4.027488 0.397461
  681 1.670928 28.706878 0.191602 0.839375 0.000000 4.751682 0.355469
  682 2.124193 21.217120 0.228516 0.735310 0.000000 4.491412 0.385742
  683 1.824281 31.228204 0.219141 0.584338 0.000000 4.070311 0.420898
  684 1.706984 31.738304 0.273633 0.869411 0.000000 3.390885 0.426758
  685 1.261886 24.199623 0.261914 0.691547 0.000000 3.482225 0.451172
  686 1.926535 22.084865 0.250195 0.870640 0.000000 3.314851 0.453125
  687 1.674979 49.701002 0.305273 0.687487 0.000000 2.917239 0.534180
  688 1.370054 19.313546 0.312891 0.747962 0.000000 3.029544 0.477539
  689 1.260572 20.254816 0.296484 0.683355 0.000000 2.884996 0.512695
  690 1.382666 36.301188 0.267773 0.699362 0.000000 2.719620 0.517578
  691 1.617215 39.858393 0.281836 0.775319 0.000000 2.797970 0.526367
  692 1.475127 27.931820 0.266016 0.791974 0.000000 3.481451 0.474609
  693 1.335935 14.327406 0.228516 0.506841 0.000000 3.400483 0.453125
  694 1.257916 19.976280 0.252539 0.656758 0.000000 3.063257 0.486328
  695 1.505199 36.471586 0.246680 0.718399 0.000000 2.958750 0.489258
  696 1.338111 21.791788 0.238477 0.851391 0.000000 2.989485 0.478516
  697 1.380257 19.112811 0.295313 0.544856 0.000000 3.147603 0.488281
  698 1.578410 19.238517 0.287109 0.853657 0.000000 3.457413 0.450195
  699 1.233171 26.761049 0.278320 0.477509 0.000000 3.295016 0.465820
  700 1.386750 31.273167 0.284180 0.590410 0.000000 3.009395 0.488281
  701 1.243904 22.225161 0.294141 0.756993 0.000000 2.809984 0.503906
  702 1.765686 30.590241 0.313477 0.705857 0.000000 2.752532 0.511719
  703 1.490712 28.756597 0.281836 0.718461 0.000000 2.821303 0.499023
  704 1.339068 37.427716 0.314648 0.630667 0.000000 2.783742 0.528320
  705 1.163014 17.149938 0.264258 0.731332 0.000000 2.859483 0.496094
  706 1.085931 35.249938 0.267187 0.684316 0.000000 2.865097 0.494141
  707 1.250503 18.953024 0.264844 0.785645 0.000000 2.929434 0.477539
  708 1.469225 22.567318 0.199219 0.502617 0.000000 3.510070 0.431641
  709 1.419116 16.103210 0.256641 0.559115 0.000000 3.298417 0.454102
  710 1.712511 5.625161 0.258984 0.823281 0.000000 3.588574 0.445312
  711 1.470217 6.503248 0.232617 0.676405 0.000000 3.502180 0.430664
  712 1.636734 23.649938 0.219141 0.756218 0.000000 3.765049 0.411133
  713 1.584929 29.564946 0.226758 0.751908 0.000000 3.948418 0.411133
  714 1.773226 41.806771 0.267773 0.689178 0.000000 3.040693 0.486328
  715 1.556113 29.793363 0.260742 0.656903 0.000000 3.351263 0.480469
  716 1.805111 14.937549 0.242578 0.657558 0.000000 3.689893 0.412109
  717 1.433587 25.818566 0.261914 0.572722 0.000000 3.389008 0.469727
  718 1.907662 30.352321 0.207422 0.635787 0.000000 3.891593 0.407227
  719 1.355669 24.352377 0.253711 0.851813 0.000000 3.559611 0.440430
  720 1.433587 19.468986 0.275391 0.700708 0.000000 3.280526 0.500000
  721 1.729663 14.636620 0.240234 0.575890 0.000000 3.390667 0.480469
  722 2.122775 0.053771 0.229687 0.800516 0.000000 4.177362 0.411133
  723 1.903943 27.698215 0.209766 0.871299 0.000000 4.423183 0.376953
  724 1.712511 17.589001 0.233203 0.860372 0.000000 4.144313 0.397461
  725 1.831876 15.364262 0.228516 0.654528 0.000000 3.923963 0.432617
  726 2.015186 10.158494 0.248437 0.821517 0.000000 4.252037 0.407227
  727 2.035791 23.411435 0.188672 0.668616 0.000000 4.688634 0.374023
  728 1.726268 9.469063 0.202734 1.012472 0.000000 4.488087 0.356445
  729 1.361560 22.205068 0.247266 0.598219 0.000000 3.265026 0.479492
  730 2.300895 25.805883 0.250195 0.691601 0.000000 3.671070 0.431641
  731 1.937926 18.580373 0.227344 0.693642 0.000000 4.152789 0.387695
  732 1.717701 15.322722 0.245508 0.550620 0.000000 4.313088 0.416016
  733 2.252370 23.379348 0.238477 0.707985 0.000000 3.748847 0.405273
  734 2.124193 26.364882 0.237305 0.844361 0.000000 4.298946 0.402344
  735 2.416244 27.749938 0.192187 0.409938 0.000000 4.926300 0.360352
  736 1.646434 28.255350 0.225000 0.734874 0.000000 3.724636 0.432617
  737 2.003084 24.840045 0.252539 0.737235 0.000000 3.649937 0.451172
  738 2.122775 12.920813 0.194531 0.555638 0.000000 4.379803 0.379883
  739 2.027588 -3.217460 0.248437 0.502285 0.000000 4.000315 0.426758
  740 1.776130 11.846640 0.184570 0.837076 0.000000 4.722173 0.347656
  741 1.741490 33.667714 0.240820 0.658652 0.000000 4.012890 0.416992
  742 2.343891 20.647383 0.216211 0.868487 0.000000 4.252218 0.380859
  743 2.527969 9.877335 0.198633 0.423287 0.000000 5.039002 0.330078
  744 2.012308 9.476411 0.203906 0.504622 0.000000 4.658981 0.382812
  745 2.527969 -7.202891 0.195117 0.443693 0.000000 5.240808 0.329102
  746 2.281036 15.150829 0.170508 0.468074 0.000000 5.388596 0.354492
  747 2.527969 24.657549 0.217383 0.944633 0.000000 4.699203 0.364258
  748 2.009975 9.249938 0.189844 0.522557 0.000000 4.797027 0.375977
  749 2.124193 10.204216 0.200977 1.012983 0.000000 5.468556 0.327148
  750 2.276604 -2.003546 0.199219 0.918205 0.000000 5.236295 0.352539
  751 2.343891 13.564946 0.208594 0.866570 0.000000 4.989694 0.352539
  752 2.000000 11.387191 0.198633 0.747113 0.000000 4.243036 0.394531
  753 1.562050 44.178408 0.241992 0.693907 0.000000 3.750260 0.408203
  754 1.488624 21.626009 0.233203 0.532769 0.000000 3.423196 0.478516
  755 1.355669 17.088033 0.251953 0.637085 0.000000 3.466960 0.440430
  756 1.288602 23.408583 0.242578 0.873290 0.000000 3.090027 0.470703
  757 1.362047 38.364020 0.261328 0.960401 0.000000 2.689492 0.500000
  758 1.590571 27.042311 0.274805 0.494766 0.000000 3.045904 0.487305
  759 1.278985 36.399074 0.273633 0.778152 0.000000 2.987586 0.512695
  760 1.112485 25.872160 0.202148 0.678154 0.000000 3.448009 0.435547
  761 1.438858 21.327987 0.265430 0.674512 0.000000 2.838256 0.509766
  762 1.478583 32.028459 0.263672 0.628925 0.000000 2.953096 0.456055
  763 1.337038 32.922665 0.273633 0.763647 0.000000 2.983262 0.485352
  764 1.475127 6.516605 0.269531 0.645151 0.000000 3.261621 0.458984
  765 1.581139 12.065413 0.263086 0.592158 0.000000 3.526479 0.449219
  766 1.277204 14.258480 0.240820 0.590166 0.000000 3.580488 0.452148
  767 1.910938 35.906177 0.253125 0.583151 0.000000 2.887443 0.513672
  768 1.680697 25.417467 0.288281 0.609604 0.000000 2.979568 0.493164
  769 1.465865 24.562327 0.251367 0.697675 0.000000 3.474121 0.418945
  770 1.476891 13.932138 0.256055 0.785482 0.000000 3.589715 0.426758
  771 1.204037 23.853771 0.259570 0.643119 0.000000 3.069769 0.481445
  772 1.204159 21.863256 0.291211 0.753045 0.000000 3.108234 0.475586
  773 1.459715 29.947443 0.282422 0.620462 0.000000 3.098916 0.464844
  774 1.390297 31.380509 0.238477 0.783787 0.000000 2.928486 0.467773
  775 1.586582 19.441649 0.225000 0.561839 0.000000 3.345007 0.458984
  776 2.169635 19.228993 0.223242 0.783593 0.000000 3.761497 0.419922
  777 1.824829 7.955939 0.241992 0.809684 0.000000 3.895340 0.422852
  778 2.000000 5.743626 0.200977 0.712054 0.000000 4.672423 0.364258
  779 1.902630 15.347306 0.203906 0.622070 0.000000 4.113109 0.417969
  780 1.913992 10.317674 0.220312 0.622068 0.000000 4.262219 0.381836
  781 2.000000 -0.880632 0.185156 0.634197 0.000000 4.315336 0.389648
  782 2.388122 6.243343 0.168164 0.383315 0.000000 5.238930 0.358398
  783 3.298113 12.155999 0.195117 0.795172 0.000000 4.935965 0.365234
  784 3.298113 15.432772 0.168164 0.721966 0.000000 5.965518 0.293945
  785 2.512469 9.203681 0.198633 0.641255 0.000000 5.246904 0.337891
  786 2.009975 20.449283 0.193359 0.792883 0.000000 4.888555 0.365234
  787 2.015186 14.691828 0.239648 0.963483 0.000000 4.629696 0.368164
  788 2.131004 16.667050 0.193359 0.701047 0.000000 4.436335 0.388672
  789 2.137265 13.527987 0.205664 0.617490 0.000000 4.328313 0.392578
  790 1.726746 7.468120 0.233203 0.876868 0.000000 4.146503 0.427734
  791 1.802776 17.046106 0.255469 0.788822 0.000000 3.754889 0.416992
  792 2.057983 16.546178 0.203320 0.718659 0.000000 4.336613 0.399414
  793 1.475127 16.322915 0.262500 0.614195 0.000000 3.577162 0.452148
  794 1.419116 20.152124 0.318750 1.057703 0.000000 3.091592 0.483398
  795 1.514456 17.619749 0.286523 0.650110 0.000000 3.271170 0.458008
  796 1.562050 16.722373 0.243164 0.634641 0.000000 3.533118 0.458984
  797 1.255055 20.649938 0.272461 1.145960 0.000000 3.460649 0.456055
  798 1.475127 13.522141 0.268359 0.573876 0.000000 3.167737 0.483398
  799 1.548126 17.712772 0.250195 0.487797 0.000000 3.849382 0.429688
  800 1.652122 24.476979 0.243164 0.598256 0.000000 3.863830 0.432617
  801 1.860521 12.875563 0.274805 0.907537 0.000000 3.668374 0.436523
  802 1.636734 16.191595 0.263086 0.616916 0.000000 3.886185 0.406250
  803 1.666667 23.044947 0.242578 0.622213 0.000000 3.601594 0.415039
  804 1.335935 16.732853 0.280078 0.894382 0.000000 3.255216 0.441406
  805 1.638887 21.160718 0.268945 0.602445 0.000000 3.008742 0.510742
  806 1.815772 18.533746 0.233203 0.753391 0.000000 3.650237 0.428711
  807 1.808101 39.086718 0.226758 0.643988 0.000000 3.493648 0.429688
  808 1.435552 17.932138 0.276562 0.698943 0.000000 3.026191 0.488281
  809 1.295319 19.435985 0.274805 0.615583 0.000000 2.970873 0.484375
  810 1.205842 22.323689 0.283008 0.867759 0.000000 2.994109 0.450195
  811 1.363474 28.896195 0.285937 0.696111 0.000000 2.982742 0.503906
  812 1.326320 20.419169 0.249023 0.608605 0.000000 2.815039 0.499023
  813 1.361560 31.606556 0.285352 0.851496 0.000000 2.567270 0.531250
  814 1.093216 27.294168 0.251953 0.846097 0.000000 3.072848 0.481445
  815 1.251000 44.528607 0.239648 0.509914 0.000000 2.998371 0.487305
  816 1.240347 27.969953 0.260156 0.530570 0.000000 3.353197 0.458984
  817 1.070047 30.410140 0.274219 0.656110 0.000000 2.963026 0.476562
  818 1.137737 12.575606 0.255469 0.739950 0.000000 3.101308 0.470703
  819 1.427153 13.311079 0.234375 0.661475 0.000000 3.858033 0.421875
  820 1.937926 15.181683 0.178711 0.816217 0.000000 4.371550 0.339844
  821 2.026298 9.569434 0.227344 0.687365 0.000000 3.998278 0.416016
  822 1.480540 11.196589 0.220898 0.694163 0.000000 3.910918 0.417969
  823 1.475127 20.198690 0.253125 0.891795 0.000000 3.542918 0.422852
  824 1.605609 3.201144 0.227930 0.598999 0.000000 3.796303 0.386719
  825 1.228848 27.208049 0.255469 0.668457 0.000000 3.028569 0.489258
  826 1.470217 28.045036 0.263086 0.706974 0.000000 3.571166 0.416992
  827 1.641950 31.370596 0.282422 0.578334 0.000000 3.265238 0.481445
  828 1.250503 34.392095 0.297656 0.596653 0.000000 3.209403 0.493164
  829 1.910497 42.865161 0.262500 0.950209 0.000000 3.436295 0.459961
  830 1.447719 42.670059 0.246094 0.757845 0.000000 3.934023 0.441406
  831 1.500000 25.098732 0.279492 0.887098 0.000000 3.171473 0.491211
  832 1.279681 26.108475 0.265430 0.655017 0.000000 3.327484 0.467773
  833 1.363474 23.879366 0.242578 0.710311 0.000000 2.839912 0.474609
  834 1.050748 27.776884 0.243164 0.794068 0.000000 3.056575 0.469727
  835 1.163014 17.620670 0.283008 0.675072 0.000000 3.097318 0.489258
  836 1.470217 36.033361 0.286523 0.711369 0.000000 2.783361 0.531250
  837 1.160845 16.840182 0.283008 0.978785 0.000000 3.213013 0.462891
  838 1.500000 5.042244 0.213867 0.678804 0.000000 3.489021 0.408203
  839 1.888889 20.192757 0.222656 0.513796 0.000000 3.812655 0.422852
  840 1.433587 16.280407 0.263672 0.907126 0.000000 3.143799 0.501953
  841 1.498717 12.459240 0.254883 0.850618 0.000000 3.504780 0.459961
  842 1.406930 20.376187 0.230859 0.538525 0.000000 3.826477 0.407227
  843 1.163586 27.367826 0.288867 0.513410 0.000000 3.073335 0.479492
  844 1.490712 39.746852 0.253125 0.816340 0.000000 2.854401 0.497070
  845 1.280720 18.413778 0.253711 0.779067 0.000000 3.231687 0.463867
  846 1.578410 14.520437 0.255469 0.829732 0.000000 3.332645 0.463867
  847 1.335935 21.613740 0.234375 0.711851 0.000000 3.249919 0.480469
  848 1.135192 28.900384 0.301172 0.810009 0.000000 3.093579 0.471680
  849 1.547416 29.814244 0.307617 0.515518 0.000000 2.750943 0.531250
  850 1.278275 19.749938 0.263672 0.787908 0.000000 3.156466 0.453125
  851 1.104986 4.352377 0.271289 0.513559 0.000000 3.003543 0.500000
  852 1.093216 18.000422 0.283594 0.659832 0.000000 3.200485 0.483398
  853 1.382666 21.566624 0.244336 0.819453 0.000000 2.952832 0.477539
  854 1.470217 22.989263 0.241992 0.544782 0.000000 2.700679 0.533203
  855 1.212678 39.198690 0.273047 0.561756 0.000000 2.716213 0.504883
  856 1.531383 48.473406 0.323438 0.826268 0.000000 2.822500 0.508789
  857 1.229538 34.061525 0.257812 0.753847 0.000000 2.953662 0.503906
  858 1.123782 33.185583 0.288281 0.744019 0.000000 2.910046 0.516602
  859 1.425219 30.312772 0.287695 0.685374 0.000000 2.702122 0.531250
  860 1.249204 24.410447 0.269531 0.558960 0.000000 2.706170 0.500000
  861 1.236694 16.624297 0.278320 0.703104 0.000000 3.049272 0.495117
  862 1.297212 37.839114 0.271875 0.629621 0.000000 3.326144 0.425781
  863 1.702939 19.743008 0.274805 0.728449 0.000000 3.017849 0.474609
  864 1.325427 24.722835 0.229687 1.079948 0.000000 3.210560 0.435547
  865 1.326320 23.958494 0.308203 0.623816 0.000000 2.871310 0.523438
  866 1.180586 30.069605 0.260742 0.747547 0.000000 3.058897 0.441406
  867 1.307692 23.169915 0.226758 0.720649 0.000000 3.431709 0.432617
  868 1.456022 12.689516 0.260742 0.542915 0.000000 3.412912 0.449219
  869 1.545455 31.982453 0.304688 0.826206 0.000000 3.328176 0.464844
  870 1.556113 23.289599 0.256641 0.692251 0.000000 3.452848 0.472656
  871 1.729663 24.350740 0.241406 0.902950 0.000000 3.577290 0.433594
  872 1.706984 15.468120 0.281250 0.903475 0.000000 3.550087 0.454102
  873 1.757886 25.185583 0.250195 0.850151 0.000000 3.898256 0.407227
  874 2.224998 5.998102 0.236133 0.641309 0.000000 3.937352 0.435547
  875 1.902630 -1.323676 0.199805 0.705625 0.000000 5.145908 0.356445
  876 1.820453 20.901757 0.228516 0.723634 0.000000 4.647516 0.373047
  877 1.411901 13.178904 0.203906 0.773841 0.000000 4.476830 0.387695
  878 1.375000 42.102879 0.256055 0.905921 0.000000 3.341175 0.446289
  879 1.815772 34.802134 0.259570 0.585099 0.000000 3.233459 0.483398
  880 1.084255 32.676574 0.292969 0.742700 0.000000 2.888589 0.504883
  881 1.586582 40.431237 0.284766 0.739228 0.000000 2.861565 0.505859
  882 1.297212 25.863256 0.252539 0.713583 0.000000 3.157966 0.462891
  883 1.480540 19.863256 0.267187 0.817316 0.000000 2.582785 0.511719
  884 1.299625 25.438479 0.273047 0.606673 0.000000 2.926258 0.507812
  885 1.596025 36.677084 0.268359 0.633486 0.000000 2.667543 0.479492
  886 1.697273 30.530616 0.283008 0.596418 0.000000 2.804149 0.461914
  887 2.131004 47.490142 0.260156 0.622360 0.000000 2.642005 0.522461
  888 1.619877 58.214644 0.302344 0.868941 0.000000 2.751392 0.530273
  889 1.325427 29.126633 0.248437 0.688862 0.000000 2.971906 0.471680
  890 1.343404 50.578941 0.309961 0.629490 0.000000 2.605593 0.529297
  891 1.271162 14.148970 0.286523 0.631312 0.000000 2.933421 0.487305
  892 1.907662 41.094726 0.250195 0.610042 0.000000 3.402847 0.468750
  893 2.057983 21.863256 0.310547 1.004077 0.000000 3.374628 0.457031
  894 1.838523 22.930954 0.254883 0.622175 0.000000 3.851582 0.413086
  895 1.953057 24.805494 0.203906 0.867598 0.000000 3.940536 0.403320
  896 1.636734 27.084084 0.258398 0.772037 0.000000 3.272255 0.474609
  897 1.473815 21.600384 0.253711 0.762199 0.000000 3.575907 0.433594
  898 1.726268 11.468986 0.253125 0.698586 0.000000 3.135862 0.482422
  899 1.726268 7.480214 0.245508 0.620836 0.000000 3.823360 0.430664
  900 1.556113 10.125161 0.253125 0.909748 0.000000 3.721990 0.446289
  901 2.003084 19.912772 0.220898 0.790977 0.000000 3.692037 0.454102
  902 1.923538 19.781028 0.213867 0.660835 0.000000 4.066156 0.421875
  903 1.910497 9.754571 0.227930 0.790236 0.000000 4.143733 0.417969
  904 2.532146 27.150369 0.178711 0.648641 0.000000 4.741800 0.351562
  905 2.512469 16.905016 0.210937 0.726942 0.000000 5.308921 0.339844
  906 1.923538 15.431548 0.219141 0.857390 0.000000 4.075113 0.406250
  907 1.605609 2.707081 0.216211 0.882466 0.000000 4.136608 0.389648
  908 1.218227 16.615598 0.228516 0.785576 0.000000 3.708493 0.426758
  909 1.509231 29.017380 0.236133 0.465115 0.000000 3.589968 0.450195
  910 1.257410 48.958215 0.278320 0.731265 0.000000 3.194426 0.486328
  911 1.276484 24.331162 0.288867 0.572264 0.000000 2.821440 0.486328
  912 1.473815 22.018901 0.260742 0.646935 0.000000 2.977964 0.470703
  913 1.338111 22.676875 0.289453 0.646420 0.000000 2.790305 0.522461
  914 1.355213 22.437549 0.283008 0.616387 0.000000 3.001011 0.480469
  915 1.170721 18.992795 0.300586 0.845300 0.000000 2.879745 0.495117
  916 1.490712 34.476680 0.247852 0.879013 0.000000 2.923225 0.483398
  917 1.138129 19.487995 0.277148 0.722025 0.000000 3.022004 0.492188
  918 1.249204 35.994692 0.257812 0.777895 0.000000 2.954113 0.519531
  919 1.236694 40.399074 0.284180 0.800631 0.000000 2.970402 0.499023
  920 1.351882 18.000422 0.272461 0.594315 0.000000 3.189907 0.495117
  921 1.278275 14.649938 0.275391 0.621244 0.000000 3.179439 0.485352
  922 1.480466 13.143279 0.246680 0.591387 0.000000 3.402172 0.436523
  923 1.601990 30.925963 0.253711 1.051837 0.000000 3.395208 0.472656
  924 1.505199 39.719774 0.271875 0.681723 0.000000 3.194076 0.468750
  925 1.729325 47.541382 0.280078 0.864690 0.000000 2.647021 0.522461
  926 1.729663 32.078013 0.268945 0.799102 0.000000 3.385567 0.459961
  927 2.335977 7.096938 0.235547 0.711335 0.000000 3.890810 0.440430
  928 1.910497 7.360391 0.221484 0.701686 0.000000 4.485831 0.399414
  929 1.800000 30.048661 0.247852 0.678833 0.000000 4.023678 0.406250
  930 1.808101 10.636747 0.272461 0.578303 0.000000 3.667653 0.444336
  931 1.808101 9.423264 0.225586 0.798931 0.000000 4.430759 0.405273
  932 1.849870 18.208838 0.219727 1.021771 0.000000 4.082215 0.400391
  933 1.757271 32.710153 0.232617 0.778555 0.000000 3.898888 0.390625
  934 1.831876 31.411107 0.292383 0.731737 0.000000 3.393517 0.458984
  935 1.465865 14.274135 0.244336 0.641553 0.000000 3.273782 0.480469
  936 1.343710 46.425161 0.263086 0.936943 0.000000 3.395342 0.446289
  937 1.323987 43.516159 0.302344 0.793528 0.000000 2.851265 0.531250
  938 1.335935 22.516605 0.268945 0.765293 0.000000 3.501127 0.437500
  939 1.717701 6.771812 0.252539 0.668680 0.000000 3.937278 0.416016
  940 1.556113 18.571851 0.231445 0.679350 0.000000 4.078060 0.391602
  941 1.098751 22.068630 0.257812 0.528847 0.000000 3.483136 0.440430
  942 1.248447 33.000384 0.295313 0.909400 0.000000 3.224621 0.462891
  943 1.369932 36.981994 0.253125 0.693350 0.000000 3.005570 0.471680
  944 1.068393 34.959197 0.305273 0.643516 0.000000 2.824310 0.527344
  945 1.212678 37.230271 0.261914 0.691520 0.000000 2.728736 0.489258
  946 1.386750 16.421367 0.236719 0.917415 0.000000 3.508207 0.427734
  947 1.470217 25.539514 0.254883 0.711113 0.000000 3.437879 0.449219
  948 1.702939 23.343241 0.189844 0.649585 0.000000 3.892761 0.398438
  949 1.150447 14.637549 0.230859 0.608096 0.000000 3.474552 0.450195
  950 1.520526 15.455437 0.268359 0.736789 0.000000 3.197922 0.464844
  951 1.492072 3.615405 0.268945 0.412209 0.000000 3.347948 0.469727
  952 1.461763 11.288189 0.223242 0.669180 0.000000 3.381058 0.439453
  953 1.811077 31.179439 0.259570 0.727210 0.000000 3.449150 0.442383
  954 1.406930 20.177348 0.270117 0.800751 0.000000 3.177422 0.447266
  955 1.338111 30.484018 0.295898 0.636189 0.000000 2.946326 0.518555
  956 1.459927 5.932138 0.223828 0.811445 0.000000 3.466102 0.453125
  957 1.096323 26.949134 0.235547 0.789050 0.000000 3.614603 0.414062
  958 1.146563 32.257719 0.240820 0.649417 0.000000 3.340544 0.419922
  959 1.162476 39.534995 0.318164 0.567102 0.000000 2.863259 0.493164
  960 1.215610 18.151990 0.280078 0.522054 0.000000 3.109573 0.475586
  961 1.278275 14.564486 0.290039 0.858541 0.000000 3.097482 0.455078
  962 1.669397 31.456698 0.251367 0.614700 0.000000 3.278732 0.477539
  963 1.435552 18.168751 0.258984 0.691857 0.000000 3.108076 0.487305
  964 1.351882 14.600384 0.274219 0.740296 0.000000 3.295472 0.449219
  965 1.562889 16.289156 0.279492 0.492426 0.000000 3.337383 0.471680
  966 1.299688 7.547752 0.251953 0.664074 0.000000 3.734202 0.391602
  967 2.000000 13.805286 0.258984 0.688511 0.000000 3.572336 0.452148
  968 1.711724 1.103403 0.209766 0.815372 0.000000 4.509504 0.390625
  969 1.767767 12.476409 0.213281 0.590103 0.000000 4.176855 0.412109
  970 2.357023 15.134930 0.216211 0.824439 0.000000 4.723574 0.345703
  971 2.651650 -7.590266 0.201562 0.732632 0.000000 4.624477 0.365234
  972 2.651650 8.953061 0.163477 0.983660 0.000000 5.602792 0.292969
  973 2.828427 19.245660 0.183398 0.630721 0.000000 5.617162 0.302734
  974 1.811077 25.754700 0.203906 0.679988 0.000000 5.186253 0.379883
  975 2.342070 13.664822 0.233203 0.681206 0.000000 3.872601 0.459961
  976 1.726268 8.713159 0.228516 0.710216 0.000000 4.529591 0.390625
  977 1.849870 11.412327 0.227930 0.471348 0.000000 4.213306 0.388672
  978 2.144192 26.783603 0.198633 0.486884 0.000000 4.770355 0.369141
  979 1.584929 22.227020 0.239648 0.885577 0.000000 3.587599 0.463867
  980 1.910497 29.433202 0.243164 0.786329 0.000000 3.726209 0.432617
  981 1.556113 16.346145 0.278320 0.579549 0.000000 3.727186 0.455078
  982 1.652122 13.380509 0.238477 0.527245 0.000000 3.885479 0.431641
  983 1.918075 20.093105 0.233203 0.623205 0.000000 3.863221 0.431641
  984 2.512469 13.619740 0.214453 0.734603 0.000000 4.235152 0.408203
  985 2.102380 14.622606 0.209766 0.625603 0.000000 5.060851 0.350586
  986 1.932013 9.501949 0.232617 0.494128 0.000000 4.836655 0.368164
  987 1.741490 36.917882 0.229687 0.460975 0.000000 4.201540 0.404297
  988 2.114033 20.385500 0.250781 0.552137 0.000000 3.658053 0.447266
  989 1.712511 28.014501 0.243750 0.607376 0.000000 3.752207 0.439453
  990 1.297212 32.170367 0.249023 0.729066 0.000000 3.238379 0.463867
  991 1.185114 23.669450 0.311133 0.665469 0.000000 2.912418 0.521484
  992 1.538675 39.714377 0.281250 0.624141 0.000000 3.018004 0.497070
  993 1.554930 38.783603 0.295312 0.627914 0.000000 2.850762 0.525391
  994 1.419403 31.248003 0.246680 0.728311 0.000000 2.841212 0.477539
  995 1.574148 33.590402 0.241406 0.679391 0.000000 3.070488 0.478516
  996 1.470217 29.340766 0.279492 0.726600 0.000000 2.733235 0.508789
  997 1.542897 31.792603 0.283008 0.566506 0.000000 2.715415 0.530273
  998 1.564609 28.987104 0.273047 0.650381 0.000000 2.920080 0.475586
  999 1.201850 21.907043 0.247852 0.707907 0.000000 3.464825 0.433594
 1000 1.369932 27.746852 0.280078 1.003539 0.000000 3.122717 0.472656
