    0 0.000000 9.524155 0.000000 0.000000 0.000000 0.000000 0.000000
    1 1.277204 12.403426 0.310156 0.653275 0.000000 3.008366 0.469727
    2 1.808101 12.288669 0.342969 0.662762 0.000000 3.320617 0.468750
    3 1.831876 3.802939 0.325781 0.718929 0.000000 3.900816 0.437500
    4 2.144192 9.511495 0.333594 0.625585 0.000000 4.051140 0.431641
    5 2.412865 27.794105 0.306250 0.875243 0.000000 4.172975 0.401367
    6 1.438482 8.524444 0.274219 0.777226 0.000000 3.753217 0.407227
    7 1.699056 22.294071 0.313281 0.892797 0.000000 3.569609 0.436523
    8 1.325427 30.737549 0.359375 0.764786 0.000000 3.223789 0.478516
    9 1.337281 15.203681 0.405469 0.662792 0.000000 3.093205 0.509766
   10 2.233582 15.217405 0.317969 0.588063 0.000000 4.075362 0.407227
   11 1.554930 14.677270 0.311719 0.756547 0.000000 4.126808 0.400391
   12 2.144192 8.294071 0.310156 0.729647 0.000000 3.973167 0.383789
   13 1.910497 16.380509 0.332813 0.827063 0.000000 3.830097 0.416016
   14 2.404423 7.705184 0.298438 0.554601 0.000000 4.286627 0.431641
   15 2.148871 8.873941 0.263281 0.587444 0.000000 4.808216 0.358398
   16 1.831876 -6.382466 0.303906 0.822189 0.000000 4.062403 0.411133
   17 1.459927 10.939919 0.288281 0.497367 0.000000 3.622395 0.448242
   18 1.858883 7.305184 0.347656 0.781348 0.000000 3.499883 0.448242
   19 2.003084 14.713533 0.286719 0.868046 0.000000 4.371582 0.401367
   20 2.252370 6.919503 0.250781 0.974284 0.000000 4.710885 0.347656
   21 2.236068 -0.305274 0.216406 0.802068 0.000000 5.412915 0.333984
   22 1.726268 12.009599 0.328906 0.515495 0.000000 4.192056 0.396484
   23 1.355669 24.112772 0.410938 0.692980 0.000000 2.977342 0.524414
   24 1.811077 2.519160 0.328906 0.611186 0.000000 3.991465 0.420898
   25 1.702939 7.700384 0.306250 0.602787 0.000000 3.611244 0.425781
   26 1.726746 25.650934 0.331250 0.714440 0.000000 3.312751 0.475586
   27 1.204159 11.637549 0.314844 0.782549 0.000000 3.689183 0.449219
   28 1.333333 11.299454 0.330469 0.661969 0.000000 3.254912 0.472656
   29 1.646434 11.392095 0.310938 0.724121 0.000000 3.244505 0.482422
   30 1.702939 2.194732 0.321094 0.790732 0.000000 3.491038 0.428711
   31 1.406930 24.757676 0.327344 0.802941 0.000000 2.946583 0.489258
   32 1.427747 23.087995 0.370313 0.981076 0.000000 3.492300 0.451172
   33 1.234662 11.206229 0.366406 0.843582 0.000000 3.139774 0.474609
   34 1.400000 18.667050 0.353906 0.613186 0.000000 2.905086 0.475586
   35 1.338111 22.078433 0.341406 0.909352 0.000000 3.045189 0.482422
   36 1.523859 9.817120 0.344531 0.709971 0.000000 3.254428 0.467773
   37 1.148442 8.068947 0.280469 0.566112 0.000000 3.675331 0.408203
   38 1.638887 19.009079 0.317969 0.532250 0.000000 3.386334 0.452148
   39 1.509231 19.159772 0.371875 0.720768 0.000000 3.608739 0.471680
   40 1.712511 -3.932911 0.336719 1.283514 0.000000 4.092355 0.380859
   41 1.502313 31.924730 0.331250 0.613037 0.000000 4.194975 0.400391
   42 1.711724 15.903248 0.335156 0.763300 0.000000 3.564278 0.437500
   43 2.111111 10.516070 0.336719 0.489494 0.000000 3.643001 0.461914
   44 1.815772 26.143555 0.328125 0.589880 0.000000 3.694338 0.423828
   45 1.652122 19.111495 0.344531 0.802027 0.000000 3.655503 0.429688
   46 1.162476 17.522296 0.390625 0.630399 0.000000 3.292165 0.489258
   47 1.432581 14.749136 0.332031 0.735042 0.000000 3.116481 0.449219
   48 2.357023 48.659424 0.382813 0.579366 0.000000 3.401924 0.501953
   49 1.531383 20.289599 0.363281 0.694000 0.000000 3.630224 0.457031
   50 2.036257 20.050786 0.329688 0.707968 0.000000 3.641446 0.441406
   51 1.515438 16.543279 0.328906 0.879218 0.000000 3.582453 0.417969
   52 1.416667 5.513353 0.371875 0.747040 0.000000 3.253983 0.483398
   53 1.301319 14.166083 0.333594 0.596199 0.000000 3.400504 0.447266
   54 1.250000 30.407230 0.399219 0.624896 0.000000 2.904584 0.532227
   55 1.475127 8.950868 0.406250 0.953688 0.000000 3.201565 0.466797
   56 1.636734 21.937549 0.354688 0.677025 0.000000 3.584136 0.462891
   57 1.545867 18.116884 0.312500 0.836466 0.000000 3.906174 0.420898
   58 1.236159 14.762327 0.339844 0.717623 0.000000 3.470218 0.465820
   59 1.435552 14.641897 0.345313 0.740523 0.000000 3.356177 0.474609
   60 2.027588 6.016872 0.298438 0.645615 0.000000 3.736430 0.458984
   61 2.114033 -9.244269 0.301563 0.535291 0.000000 4.245513 0.437500
   62 2.467067 -5.966798 0.247656 0.591929 0.000000 4.722654 0.355469
   63 2.358495 30.615606 0.257813 0.576716 0.000000 4.682212 0.364258
   64 1.706984 8.203681 0.332813 0.708581 0.000000 3.616022 0.442383
   65 2.000000 -11.682237 0.278125 0.533538 0.000000 4.712962 0.371094
   66 1.815772 2.038352 0.283594 0.679576 0.000000 4.250139 0.399414
   67 1.388524 18.341440 0.289063 0.767343 0.000000 4.134046 0.384766
   68 1.250000 23.141344 0.385938 0.706346 0.000000 3.150321 0.497070
   69 1.161063 15.204216 0.375000 0.654001 0.000000 2.954494 0.488281
   70 1.339068 15.947443 0.314844 0.736327 0.000000 3.235955 0.454102
   71 1.711724 15.982540 0.340625 0.749583 0.000000 3.771706 0.426758
   72 1.860521 9.705752 0.388281 0.836098 0.000000 3.499303 0.450195
   73 1.824829 -0.449258 0.313281 0.607205 0.000000 3.883320 0.443359
   74 1.702939 8.919533 0.273438 0.970193 0.000000 4.388905 0.386719
   75 1.562050 8.818566 0.253906 0.705899 0.000000 4.359166 0.376953
   76 2.137265 17.891799 0.314844 0.966758 0.000000 4.179781 0.398438
   77 2.114033 -10.727567 0.332813 1.001681 0.000000 4.119461 0.399414
   78 1.802776 7.000384 0.338281 0.790560 0.000000 3.682297 0.444336
   79 2.222222 -6.074037 0.296875 0.763652 0.000000 4.422992 0.409180
   80 2.222222 -7.907239 0.267969 0.878240 0.000000 4.480658 0.392578
   81 2.378287 2.404216 0.261719 0.722792 0.000000 5.082797 0.353516
   82 2.557042 2.953771 0.214844 0.618739 0.000000 5.901754 0.304688
   83 2.875000 -6.059191 0.247656 0.661098 0.000000 5.379289 0.338867
   84 2.436896 -5.241060 0.217969 0.609293 0.000000 5.653824 0.306641
   85 2.775450 15.177549 0.264063 0.723441 0.000000 5.580232 0.354492
   86 2.627975 22.787104 0.280469 0.877955 0.000000 5.275157 0.322266
   87 2.684377 18.507104 0.280469 0.711039 0.000000 5.129208 0.376953
   88 1.922009 16.681400 0.314844 0.864138 0.000000 4.482004 0.373047
   89 1.334474 16.268870 0.338281 0.799856 0.000000 3.698896 0.443359
   90 1.341641 33.289599 0.438281 0.821835 0.000000 2.956529 0.507812
   91 1.444116 27.006771 0.385938 0.849885 0.000000 2.859962 0.505859
   92 1.295319 25.425161 0.304688 0.857741 0.000000 3.278400 0.430664
   93 1.204037 19.193788 0.375000 0.539397 0.000000 3.112336 0.503906
   94 1.556113 9.382338 0.329688 0.731300 0.000000 3.760046 0.418945
   95 1.163586 10.474802 0.355469 0.655060 0.000000 3.237125 0.465820
   96 1.355815 14.781645 0.363281 0.513995 0.000000 3.120770 0.505859
   97 1.473815 27.425161 0.324219 0.655368 0.000000 3.048555 0.517578
   98 1.180281 32.379439 0.385156 0.696568 0.000000 3.036391 0.510742
   99 1.273303 22.713533 0.371875 0.481132 0.000000 2.985648 0.522461
  100 1.538675 30.124270 0.370313 0.731213 0.000000 2.867552 0.509766
  101 1.465865 17.973150 0.414063 1.035123 0.000000 2.957323 0.471680
  102 1.820453 20.954038 0.360938 0.905689 0.000000 3.305588 0.471680
  103 1.811077 6.093725 0.385156 0.814338 0.000000 3.403634 0.477539
  104 1.257410 9.427058 0.325781 0.626285 0.000000 3.859452 0.390625
  105 1.351882 20.561553 0.342969 0.615287 0.000000 3.653438 0.466797
  106 1.729325 4.868986 0.410938 0.539425 0.000000 3.070331 0.514648
  107 1.910938 13.451631 0.356250 0.860235 0.000000 3.135848 0.434570
  108 1.528321 20.301186 0.349219 0.716617 0.000000 3.051333 0.490234
  109 1.671063 35.941382 0.439063 0.950597 0.000000 2.966582 0.477539
  110 1.167989 19.389467 0.406250 0.697011 0.000000 2.673652 0.552734
  111 1.219756 8.873438 0.365625 0.751609 0.000000 3.194683 0.465820
  112 1.427153 35.159581 0.373438 0.527402 0.000000 3.174382 0.517578
  113 1.414214 11.218988 0.328125 0.715711 0.000000 3.027158 0.475586
  114 1.409329 19.987104 0.291406 0.652471 0.000000 3.309165 0.424805
  115 1.562050 19.516070 0.340625 0.581777 0.000000 3.138928 0.504883
  116 1.652122 20.294928 0.366406 0.788042 0.000000 3.482040 0.445312
  117 1.369932 23.426438 0.341406 0.737076 0.000000 3.306515 0.465820
  118 1.564609 32.468120 0.352344 0.887805 0.000000 3.261494 0.463867
  119 1.548126 21.818566 0.321875 0.649994 0.000000 3.211247 0.486328
  120 1.621515 14.016619 0.271094 0.697113 0.000000 3.789072 0.420898
  121 1.556113 19.358494 0.282813 0.567142 0.000000 3.672177 0.432617
  122 1.617215 16.201905 0.331250 0.719830 0.000000 3.697663 0.439453
  123 1.672772 18.865365 0.339063 0.797612 0.000000 3.278648 0.497070
  124 1.548126 5.287995 0.314063 0.685408 0.000000 3.549332 0.445312
  125 1.584929 18.005494 0.338281 0.613775 0.000000 3.502455 0.452148
  126 1.636734 5.737549 0.267969 0.679488 0.000000 3.922410 0.413086
  127 1.664305 26.604495 0.342188 0.864539 0.000000 3.760362 0.423828
  128 1.564609 8.366431 0.380469 0.695271 0.000000 3.126617 0.500000
  129 1.319536 3.387104 0.322656 0.936637 0.000000 3.293274 0.421875
  130 1.380257 4.829459 0.321094 0.674336 0.000000 3.352128 0.468750
  131 1.649242 31.298215 0.339063 0.851752 0.000000 3.444709 0.488281
  132 1.335935 13.211881 0.350000 0.640490 0.000000 3.252349 0.466797
  133 1.323987 36.199938 0.373438 0.791651 0.000000 3.286107 0.467773
  134 1.831876 24.672160 0.316406 0.645435 0.000000 3.632523 0.462891
  135 1.643753 11.739447 0.368750 0.867925 0.000000 3.331682 0.462891
  136 1.162476 11.072780 0.393750 0.689121 0.000000 3.430043 0.449219
  137 1.605609 10.806556 0.393750 0.640934 0.000000 3.040346 0.494141
  138 1.699056 4.474715 0.279688 0.537844 0.000000 4.215369 0.394531
  139 1.636364 19.962982 0.286719 0.863723 0.000000 3.788220 0.406250
  140 1.465865 15.916576 0.350781 0.666344 0.000000 3.247145 0.484375
  141 1.726088 16.557217 0.330469 0.798525 0.000000 3.467633 0.450195
  142 2.131004 15.300147 0.299219 0.787261 0.000000 3.829207 0.431641
  143 1.493576 31.468120 0.310938 0.744558 0.000000 3.523256 0.434570
  144 1.749286 23.350740 0.384375 0.813136 0.000000 2.727123 0.522461
  145 1.175266 16.649938 0.439844 0.820493 0.000000 2.762364 0.540039
  146 1.737758 16.488033 0.289844 0.716935 0.000000 3.419356 0.472656
  147 1.562889 22.282230 0.314844 0.851318 0.000000 3.633745 0.422852
  148 1.427153 16.896537 0.293750 0.639899 0.000000 4.098366 0.389648
  149 1.498717 25.772332 0.316406 0.600834 0.000000 3.498614 0.442383
  150 1.556113 8.149221 0.372656 0.611070 0.000000 3.552362 0.424805
  151 1.180281 13.708492 0.377344 0.747078 0.000000 3.279624 0.507812
  152 1.126185 6.855629 0.410156 0.844657 0.000000 3.168433 0.477539
  153 1.610829 22.791118 0.333594 0.649955 0.000000 3.514702 0.446289
  154 1.480466 22.522992 0.341406 0.551132 0.000000 3.893253 0.438477
  155 1.953793 8.725579 0.284375 0.662710 0.000000 4.348662 0.336914
  156 1.820453 20.830271 0.362500 0.641561 0.000000 3.720352 0.462891
  157 1.492072 3.659694 0.339844 0.844403 0.000000 3.911216 0.392578
  158 1.519282 8.701457 0.342969 0.636881 0.000000 3.679019 0.438477
  159 1.459845 -1.363253 0.314063 0.655185 0.000000 4.167487 0.399414
  160 1.475127 -4.891022 0.303906 0.734883 0.000000 3.780903 0.418945
  161 1.619803 5.039114 0.257813 1.035444 0.000000 4.323832 0.348633
  162 2.144192 0.739243 0.301563 0.881813 0.000000 4.707461 0.376953
  163 1.672772 10.102709 0.287500 0.742856 0.000000 4.160408 0.402344
  164 1.545455 18.815810 0.326563 0.607525 0.000000 3.395964 0.461914
  165 1.719670 16.958494 0.263281 0.743165 0.000000 4.253290 0.381836
  166 1.917729 9.734930 0.276563 0.636767 0.000000 4.730495 0.366211
  167 2.651560 -1.544658 0.283594 0.611519 0.000000 5.759067 0.351562
  168 2.775450 -2.513615 0.272656 0.731455 0.000000 5.039217 0.375977
  169 2.627975 -14.093747 0.271094 0.869242 0.000000 5.721097 0.297852
  170 2.677542 4.654307 0.251563 0.587897 0.000000 5.409957 0.344727
  171 2.627975 -3.734036 0.243750 0.749956 0.000000 5.134980 0.356445
  172 1.605609 19.653655 0.302344 0.538625 0.000000 4.338219 0.395508
  173 1.612452 23.659240 0.404688 0.877602 0.000000 3.305508 0.472656
  174 1.586582 19.147112 0.394531 0.773195 0.000000 3.279986 0.490234
  175 1.581139 21.922665 0.385156 0.623601 0.000000 3.172139 0.507812
  176 1.811077 16.227126 0.387500 0.650826 0.000000 3.444886 0.475586
  177 1.955385 5.512385 0.346875 0.604938 0.000000 3.819978 0.433594
  178 2.173067 20.420665 0.346094 0.534204 0.000000 3.584226 0.453125
  179 1.736816 19.308494 0.331250 0.448095 0.000000 3.780916 0.444336
  180 1.343710 16.131858 0.355469 1.042126 0.000000 3.610215 0.419922
  181 1.548126 14.218735 0.405469 0.834931 0.000000 3.328211 0.478516
  182 1.737593 14.896195 0.373438 0.785387 0.000000 3.684788 0.440430
  183 1.831876 -3.657799 0.283594 0.804746 0.000000 4.325317 0.378906
  184 1.617215 20.775519 0.313281 0.650663 0.000000 3.934448 0.397461
  185 1.380257 9.654429 0.274219 1.132399 0.000000 4.408148 0.367188
  186 1.824829 -1.622789 0.252344 0.681986 0.000000 4.105207 0.378906
  187 1.747526 10.202939 0.277344 0.796302 0.000000 4.104194 0.367188
  188 2.186187 15.678693 0.302344 0.621574 0.000000 4.272318 0.395508
  189 1.380257 15.063294 0.371875 0.733266 0.000000 3.245477 0.482422
  190 1.205842 13.483004 0.339844 0.955204 0.000000 3.210617 0.445312
  191 1.562889 20.377211 0.317188 0.898115 0.000000 3.238863 0.454102
  192 1.237656 21.684018 0.412500 0.907409 0.000000 2.909154 0.507812
  193 1.309001 16.310403 0.392969 0.467294 0.000000 3.003470 0.517578
  194 1.343710 36.271215 0.354688 0.873667 0.000000 3.261750 0.468750
  195 1.562889 6.800384 0.367188 0.846805 0.000000 3.222821 0.490234
  196 1.926535 27.397109 0.353125 0.888080 0.000000 3.494658 0.469727
  197 1.711724 10.097297 0.310156 0.665936 0.000000 3.660490 0.443359
  198 1.584929 13.140104 0.310938 0.772417 0.000000 3.992977 0.408203
  199 2.043345 13.930954 0.346875 0.696055 0.000000 3.264560 0.486328
  200 2.009975 16.833672 0.333594 0.842541 0.000000 3.922360 0.409180
  201 1.712511 2.596589 0.291406 0.656723 0.000000 4.395662 0.402344
  202 1.411901 24.800964 0.360156 0.611921 0.000000 3.488139 0.495117
  203 1.765686 25.179410 0.386719 0.758947 0.000000 3.107893 0.503906
  204 1.301319 8.921301 0.396875 0.658332 0.000000 2.790262 0.525391
  205 1.459927 18.666427 0.348438 0.853164 0.000000 3.034964 0.482422
  206 1.699056 14.665773 0.282031 0.721567 0.000000 4.072004 0.392578
  207 1.860521 24.234908 0.316406 0.617507 0.000000 4.316631 0.407227
  208 1.236694 24.542659 0.396094 0.778399 0.000000 2.934449 0.489258
  209 1.156294 32.487340 0.374219 0.559397 0.000000 2.980559 0.522461
  210 1.493576 27.027530 0.366406 0.688984 0.000000 3.022425 0.493164
  211 1.309012 38.362327 0.371094 0.768724 0.000000 3.053276 0.492188
  212 1.187776 17.870064 0.347656 0.637047 0.000000 3.078741 0.497070
  213 1.498717 52.221328 0.419531 0.619626 0.000000 2.866834 0.536133
  214 1.253896 15.772332 0.320313 0.842558 0.000000 3.388418 0.451172
  215 1.531383 20.557425 0.377344 0.633626 0.000000 3.365035 0.463867
  216 1.528321 20.832547 0.332813 0.783590 0.000000 3.370193 0.470703
  217 1.910497 -0.119632 0.275781 0.794864 0.000000 4.097540 0.404297
  218 2.131004 11.516070 0.342969 0.572563 0.000000 3.750535 0.451172
  219 2.357023 7.298738 0.271094 0.809309 0.000000 4.762431 0.388672
  220 2.161154 7.703771 0.277344 0.952030 0.000000 4.547958 0.374023
  221 2.233306 6.005805 0.310938 0.854192 0.000000 5.079900 0.375000
  222 1.605609 -0.362494 0.269531 0.648214 0.000000 4.411502 0.401367
  223 1.808101 14.554941 0.251563 0.700959 0.000000 4.169296 0.420898
  224 1.699056 12.444828 0.307031 0.668940 0.000000 3.858584 0.415039
  225 1.406930 7.734420 0.308594 0.713751 0.000000 3.504914 0.424805
  226 1.386750 1.054589 0.314844 0.876608 0.000000 3.446797 0.452148
  227 1.556113 20.720437 0.337500 0.764700 0.000000 3.574637 0.436523
  228 2.131004 22.882327 0.316406 0.560804 0.000000 4.103036 0.441406
  229 1.564609 13.446106 0.292969 0.519960 0.000000 3.834801 0.443359
  230 1.204159 5.861058 0.352344 0.388030 0.000000 3.494471 0.452148
  231 1.351882 18.107081 0.338281 0.551033 0.000000 3.465071 0.447266
  232 1.351882 4.449938 0.317969 0.736590 0.000000 3.273246 0.480469
  233 1.562050 16.089273 0.324219 0.710356 0.000000 3.261985 0.462891
  234 1.416931 5.358494 0.320313 0.617369 0.000000 3.358306 0.460938
  235 1.636734 4.011843 0.341406 0.994017 0.000000 3.390856 0.453125
  236 1.954938 -5.702443 0.303125 0.551203 0.000000 3.646740 0.427734
  237 1.834758 -1.736108 0.301563 0.553869 0.000000 3.727757 0.447266
  238 2.027588 32.611226 0.286719 0.929408 0.000000 4.065881 0.414062
  239 2.003084 13.358523 0.325000 0.635809 0.000000 3.497596 0.443359
  240 1.726268 24.509498 0.353906 0.510042 0.000000 3.488763 0.480469
  241 1.649242 15.194124 0.299219 0.502261 0.000000 3.814904 0.445312
  242 1.498717 10.178904 0.332031 0.709297 0.000000 3.407377 0.461914
  243 2.404423 13.568403 0.346094 0.959091 0.000000 3.802580 0.435547
  244 1.827250 4.652493 0.326563 0.757975 0.000000 4.297124 0.395508
  245 1.802776 8.023883 0.258594 0.900521 0.000000 5.038007 0.338867
  246 2.012308 5.876025 0.225781 0.691162 0.000000 4.822868 0.348633
  247 2.672195 -2.059191 0.332813 0.752082 0.000000 4.294588 0.382812
  248 2.247083 -2.485477 0.294531 0.656061 0.000000 4.610096 0.367188
  249 1.556113 25.983895 0.342969 0.666918 0.000000 4.008483 0.411133
  250 1.562889 21.640723 0.381250 0.740737 0.000000 3.071980 0.491211
  251 1.846574 20.101002 0.339844 0.603147 0.000000 3.558685 0.433594
  252 2.233306 27.141828 0.339063 1.046024 0.000000 3.816569 0.433594
  253 1.646434 5.172477 0.264063 0.700928 0.000000 4.521167 0.398438
  254 1.736816 30.705107 0.377344 0.704957 0.000000 3.594524 0.456055
  255 1.470217 16.667021 0.308594 0.538003 0.000000 3.399925 0.467773
  256 1.643753 21.072780 0.354688 0.499521 0.000000 2.929174 0.525391
  257 1.605609 5.146919 0.362500 0.635099 0.000000 3.224160 0.471680
  258 1.548126 8.015859 0.332031 0.559407 0.000000 3.243665 0.467773
  259 1.204159 4.313159 0.297656 0.799069 0.000000 3.687759 0.418945
  260 1.308625 19.548970 0.320313 0.668008 0.000000 3.291754 0.458008
  261 1.257410 30.448661 0.374219 0.587188 0.000000 3.393085 0.473633
  262 1.286876 15.987027 0.337500 0.720965 0.000000 3.376509 0.460938
  263 1.368211 30.272160 0.368750 0.764541 0.000000 3.028182 0.499023
  264 1.137737 16.463218 0.377344 0.767019 0.000000 3.042251 0.481445
  265 1.427747 21.984822 0.324219 0.746230 0.000000 2.813598 0.491211
  266 1.138129 22.077845 0.396094 0.721190 0.000000 2.773018 0.539062
  267 1.520526 35.392095 0.428906 0.662945 0.000000 2.998410 0.514648
  268 1.319536 24.239677 0.344531 0.472118 0.000000 3.680902 0.439453
  269 1.562050 3.440414 0.271094 0.775661 0.000000 3.453037 0.434570
  270 1.234662 11.680407 0.300000 0.665296 0.000000 3.350899 0.461914
  271 1.209995 18.943048 0.326563 0.875551 0.000000 3.492399 0.450195
  272 1.307692 16.031333 0.305469 0.561609 0.000000 3.781640 0.431641
  273 1.621515 16.403426 0.382031 0.610908 0.000000 2.949539 0.509766
  274 2.224998 7.393835 0.303125 0.852215 0.000000 3.663778 0.429688
  275 1.831876 -0.607905 0.354688 0.845488 0.000000 4.042459 0.403320
  276 2.233306 -5.938475 0.296875 0.751714 0.000000 4.930788 0.375977
  277 3.000000 8.581612 0.290625 0.602979 0.000000 4.833404 0.374023
  278 2.122775 -0.545071 0.300781 0.754115 0.000000 4.694835 0.362305
  279 1.586582 11.425161 0.281250 0.632719 0.000000 4.218846 0.431641
  280 1.834758 -2.635980 0.267188 0.738027 0.000000 4.391829 0.392578
  281 1.902630 -4.892219 0.272656 0.765488 0.000000 4.659060 0.356445
  282 1.834758 6.384345 0.305469 0.797118 0.000000 4.391162 0.395508
  283 2.012338 12.560063 0.229688 0.624783 0.000000 4.925318 0.340820
  284 1.760942 6.696938 0.284375 0.783384 0.000000 4.645663 0.385742
  285 1.600000 27.767437 0.352344 0.814397 0.000000 3.964044 0.401367
  286 1.118034 25.896195 0.282813 1.077291 0.000000 3.636720 0.439453
  287 1.295408 0.838479 0.353125 0.694142 0.000000 3.141067 0.504883
  288 1.255055 12.762327 0.339844 0.593321 0.000000 3.109910 0.487305
  289 1.368211 1.751990 0.366406 0.869259 0.000000 3.063466 0.485352
  290 1.098751 23.633450 0.339844 0.735771 0.000000 3.067417 0.473633
  291 1.278275 0.837549 0.310156 0.598169 0.000000 3.365804 0.453125
  292 1.343710 12.120399 0.378125 0.670030 0.000000 2.956450 0.510742
  293 1.395102 18.614250 0.294531 0.882710 0.000000 3.393656 0.419922
  294 1.276079 6.482730 0.331250 0.833968 0.000000 2.902987 0.491211
  295 1.351882 20.987104 0.316406 0.773387 0.000000 3.307777 0.447266
  296 1.581139 11.649938 0.339844 0.578559 0.000000 3.479572 0.467773
  297 1.928604 10.434463 0.338281 0.846195 0.000000 3.636982 0.441406
  298 1.737593 19.329794 0.317969 0.531352 0.000000 3.658628 0.426758
  299 1.712511 9.541382 0.289063 0.654948 0.000000 4.057434 0.420898
  300 1.556113 6.741353 0.324219 0.536670 0.000000 3.426268 0.455078
  301 1.149464 23.805286 0.338281 0.762985 0.000000 3.354945 0.452148
  302 1.288602 22.068328 0.301563 0.745179 0.000000 3.491958 0.443359
  303 1.652122 15.454929 0.436719 0.698148 0.000000 3.095280 0.506836
  304 1.612452 40.213778 0.403906 0.808432 0.000000 3.257872 0.511719
  305 1.104536 15.468120 0.389063 0.770531 0.000000 3.152059 0.480469
  306 1.475127 33.301243 0.342188 0.718941 0.000000 3.237738 0.473633
  307 1.253896 26.345214 0.349219 1.115424 0.000000 3.097867 0.457031
  308 1.386750 21.023226 0.413281 0.627279 0.000000 2.997782 0.493164
  309 1.187332 16.428993 0.382031 0.563122 0.000000 2.739766 0.565430
  310 1.802089 41.247319 0.383594 0.865306 0.000000 2.844282 0.495117
  311 1.355669 15.585169 0.384375 0.607430 0.000000 2.840080 0.514648
  312 1.868523 12.606771 0.356250 0.466043 0.000000 3.042707 0.488281
  313 1.834758 10.981994 0.338281 0.625809 0.000000 3.573124 0.455078
  314 1.438482 0.108940 0.267188 0.990305 0.000000 4.415797 0.368164
  315 1.456022 14.193788 0.321094 0.778468 0.000000 4.016328 0.455078
  316 1.099054 17.197928 0.303906 0.932376 0.000000 3.217295 0.467773
  317 1.093216 19.579439 0.364844 0.538105 0.000000 2.995443 0.474609
  318 1.377411 17.135941 0.407813 0.773852 0.000000 2.985648 0.503906
  319 1.291884 2.959284 0.314844 0.551661 0.000000 3.313295 0.445312
  320 1.159897 24.714294 0.354688 0.810372 0.000000 3.138571 0.476562
  321 1.548126 29.295381 0.387500 0.677397 0.000000 3.059739 0.509766
  322 1.817348 -0.178099 0.282031 0.532152 0.000000 4.089454 0.394531
  323 1.907662 10.608049 0.303125 0.664733 0.000000 4.507363 0.383789
  324 1.923538 10.675993 0.314063 0.683543 0.000000 4.019024 0.420898
  325 2.000000 4.757676 0.288281 0.915830 0.000000 4.109066 0.398438
  326 1.355213 17.456326 0.365625 0.652295 0.000000 3.383587 0.525391
  327 1.913992 0.112772 0.309375 0.483880 0.000000 4.137633 0.373047
  328 1.649242 13.032855 0.325000 0.744838 0.000000 3.835701 0.424805
  329 1.581139 24.681400 0.388281 0.704812 0.000000 2.983631 0.512695
  330 1.209995 11.647569 0.346875 0.728586 0.000000 2.988214 0.501953
  331 1.380257 12.938827 0.321875 0.535230 0.000000 3.570120 0.473633
  332 1.278275 20.840045 0.318750 0.637427 0.000000 3.373542 0.426758
  333 1.426437 8.787066 0.364844 0.797687 0.000000 3.014770 0.520508
  334 1.277204 9.861058 0.390625 0.786722 0.000000 3.114403 0.500000
  335 1.267105 10.286302 0.323438 0.837021 0.000000 3.434693 0.416016
  336 1.475127 16.476409 0.311719 0.842863 0.000000 3.620821 0.446289
  337 1.219553 35.813846 0.381250 0.689186 0.000000 3.026733 0.516602
  338 1.566151 14.825161 0.379688 0.752500 0.000000 2.767601 0.511719
  339 1.545867 9.460663 0.351563 0.420447 0.000000 3.301791 0.495117
  340 1.343640 9.941382 0.311719 0.822865 0.000000 3.672642 0.436523
  341 1.475287 14.459153 0.389063 0.680544 0.000000 2.931841 0.513672
  342 1.156407 12.147499 0.375781 0.677988 0.000000 3.008016 0.523438
  343 1.161063 23.845287 0.360156 0.761054 0.000000 3.040674 0.500000
  344 1.586582 26.178904 0.339844 1.064121 0.000000 2.912436 0.477539
  345 1.411901 38.410604 0.375000 0.864658 0.000000 2.645725 0.514648
  346 1.748949 27.032942 0.393750 0.799349 0.000000 2.663788 0.517578
  347 1.337038 21.716643 0.385938 0.804457 0.000000 2.645412 0.522461
  348 1.797245 27.248661 0.418750 0.566667 0.000000 2.737446 0.541016
  349 1.860108 29.470883 0.387500 1.056633 0.000000 2.942707 0.515625
  350 1.204037 21.825161 0.342969 0.587482 0.000000 3.298756 0.477539
  351 1.170721 0.987995 0.343750 0.865362 0.000000 3.027538 0.487305
  352 1.953057 8.573913 0.323438 0.723093 0.000000 3.426429 0.445312
  353 1.561557 22.597829 0.298438 0.600470 0.000000 3.661592 0.422852
  354 1.261886 14.548274 0.293750 0.570205 0.000000 3.596914 0.414062
  355 1.362047 14.930954 0.335938 0.871406 0.000000 3.024503 0.463867
  356 1.442221 21.132138 0.368750 0.873001 0.000000 3.075160 0.477539
  357 1.201850 9.663218 0.342969 0.626531 0.000000 3.077551 0.489258
  358 1.712511 32.227716 0.392969 0.711229 0.000000 3.075808 0.497070
  359 2.137265 14.567566 0.289063 0.640982 0.000000 3.670300 0.444336
  360 1.605609 -0.302112 0.302344 0.551180 0.000000 3.787282 0.448242
  361 1.469225 8.875370 0.309375 0.549130 0.000000 3.923783 0.391602
  362 1.766981 26.973052 0.310156 0.656583 0.000000 3.365577 0.473633
  363 1.384931 15.916576 0.361719 0.861506 0.000000 2.936843 0.509766
  364 1.712511 9.750906 0.349219 0.812919 0.000000 3.616408 0.478516
  365 1.600781 54.267104 0.414063 0.536824 0.000000 3.292015 0.497070
  366 1.651186 10.660849 0.344531 0.627156 0.000000 4.029642 0.438477
  367 1.255055 3.800771 0.353125 0.596603 0.000000 3.369568 0.451172
  368 1.406393 11.220170 0.351563 0.610368 0.000000 3.154774 0.462891
  369 1.646434 5.923596 0.303906 0.461900 0.000000 3.431946 0.446289
  370 1.475127 4.131858 0.325781 0.752682 0.000000 3.646051 0.458008
  371 1.427153 15.312772 0.315625 0.782067 0.000000 3.371071 0.481445
  372 2.027588 -10.504340 0.271094 0.689026 0.000000 4.154942 0.406250
  373 2.233306 6.474715 0.246094 0.747497 0.000000 5.163400 0.340820
  374 2.798351 21.102084 0.254688 0.677874 0.000000 4.492656 0.380859
  375 2.233306 0.741056 0.282031 0.634058 0.000000 4.498405 0.387695
  376 2.111111 27.132299 0.314063 0.633477 0.000000 4.759059 0.399414
  377 1.860521 13.333659 0.299219 0.541370 0.000000 4.208232 0.408203
  378 1.811077 -2.460842 0.306250 0.544904 0.000000 3.911549 0.420898
  379 1.470217 19.767437 0.327344 0.900732 0.000000 3.542383 0.449219
  380 1.926535 13.634103 0.289063 1.067400 0.000000 3.857423 0.394531
  381 1.590571 28.340104 0.305469 0.748454 0.000000 3.878384 0.427734
  382 1.438858 27.427716 0.381250 0.694163 0.000000 2.942147 0.512695
  383 1.261062 1.612772 0.367188 0.679855 0.000000 2.994994 0.502930
  384 1.433587 32.211881 0.350781 0.938749 0.000000 3.128249 0.478516
  385 1.335935 25.168922 0.383594 0.844487 0.000000 2.824575 0.480469
  386 1.175266 4.824387 0.340625 0.733835 0.000000 3.212028 0.495117
  387 1.399580 24.960817 0.335156 0.681535 0.000000 3.332763 0.491211
  388 1.161063 0.146532 0.368750 0.636284 0.000000 2.992462 0.500000
  389 1.291884 17.377889 0.372656 0.581981 0.000000 3.278056 0.464844
  390 1.717701 8.787066 0.315625 0.559361 0.000000 3.391656 0.448242
  391 1.492072 4.773748 0.366406 0.762283 0.000000 3.425210 0.478516
  392 1.578410 24.557425 0.365625 0.692094 0.000000 3.482514 0.472656
  393 1.273303 38.537549 0.307031 0.910603 0.000000 3.183186 0.458008
  394 1.470217 30.053771 0.369531 0.680313 0.000000 2.997232 0.488281
  395 1.906344 22.641897 0.321875 0.939727 0.000000 3.807452 0.441406
  396 1.470217 21.826769 0.377344 0.663276 0.000000 3.641940 0.446289
  397 1.636364 15.818566 0.370313 0.633908 0.000000 3.110504 0.498047
  398 1.395102 16.478606 0.388281 0.588371 0.000000 3.297079 0.477539
  399 1.295408 6.156597 0.364844 0.891540 0.000000 2.986457 0.509766
  400 1.638887 9.870064 0.324219 0.689665 0.000000 3.261854 0.475586
  401 1.737758 -0.955133 0.332813 0.814396 0.000000 3.655900 0.442383
  402 2.124193 22.133717 0.303906 0.836376 0.000000 4.049751 0.409180
  403 1.828887 13.446106 0.352344 0.637387 0.000000 3.652802 0.461914
  404 1.974609 8.028459 0.365625 0.635733 0.000000 3.552004 0.458984
  405 1.586582 7.561166 0.307031 0.604267 0.000000 3.936529 0.404297
  406 1.438858 10.915054 0.353125 0.726462 0.000000 3.332916 0.461914
  407 1.719670 6.912117 0.278125 0.672187 0.000000 3.865223 0.410156
  408 1.699056 25.712772 0.378125 0.631075 0.000000 3.118134 0.471680
  409 1.438482 16.735614 0.385156 0.747405 0.000000 2.959924 0.496094
  410 1.395102 47.298738 0.392188 0.695141 0.000000 2.994448 0.500977
  411 1.438482 31.664822 0.348438 0.748408 0.000000 2.819568 0.512695
  412 1.325427 24.013489 0.371875 0.462740 0.000000 2.741363 0.527344
  413 1.297212 14.913546 0.386719 0.576071 0.000000 2.847075 0.542969
  414 1.166667 2.837549 0.369531 0.694121 0.000000 3.193084 0.470703
  415 1.581139 17.675606 0.388281 0.779120 0.000000 2.897433 0.502930
  416 1.355815 14.364020 0.323438 0.896803 0.000000 3.102799 0.472656
  417 1.248529 23.392095 0.357031 0.838163 0.000000 3.822516 0.409180
  418 1.447719 24.474715 0.389844 0.533127 0.000000 3.087705 0.532227
  419 1.382666 9.556251 0.325000 0.759190 0.000000 3.369019 0.452148
  420 1.148442 10.257565 0.325781 0.853259 0.000000 3.517607 0.445312
  421 1.342189 33.354286 0.372656 0.711462 0.000000 2.919403 0.499023
  422 1.386750 16.354662 0.382031 0.830264 0.000000 2.886602 0.491211
  423 1.219756 23.538130 0.339063 0.740071 0.000000 3.058683 0.471680
  424 1.370008 10.037549 0.365625 0.678842 0.000000 3.223330 0.477539
  425 1.365542 20.444828 0.379688 0.601955 0.000000 2.930060 0.538086
  426 1.785961 11.536272 0.310156 1.054516 0.000000 3.566977 0.410156
  427 1.459845 9.212772 0.337500 0.593316 0.000000 3.342512 0.493164
  428 1.291884 17.701313 0.342969 0.635054 0.000000 2.872550 0.488281
  429 1.433587 15.141344 0.332031 0.565156 0.000000 3.016394 0.470703
  430 1.459927 14.202666 0.313281 1.076036 0.000000 3.657914 0.406250
  431 1.586582 13.724270 0.335938 0.709551 0.000000 3.181658 0.454102
  432 2.134643 27.013159 0.337500 0.930299 0.000000 3.342573 0.468750
  433 1.562889 11.453732 0.358594 0.760932 0.000000 3.365363 0.447266
  434 1.343640 37.524029 0.355469 0.807032 0.000000 3.160740 0.477539
  435 1.351882 17.114708 0.392969 0.805487 0.000000 3.238671 0.484375
  436 1.937926 19.489930 0.396875 0.459828 0.000000 2.938315 0.507812
  437 1.295319 16.794972 0.395313 0.615232 0.000000 3.156031 0.486328
  438 1.564609 11.134995 0.273438 0.501286 0.000000 3.699432 0.429688
  439 1.616542 13.444247 0.256250 0.591547 0.000000 4.627630 0.351562
  440 1.729663 25.778161 0.389844 0.794123 0.000000 3.562476 0.465820
  441 1.660910 18.105839 0.371875 0.609931 0.000000 3.262115 0.496094
  442 1.278275 13.929923 0.343750 0.685135 0.000000 3.464640 0.443359
  443 1.369932 23.604216 0.370313 0.985249 0.000000 2.886702 0.485352
  444 1.250000 21.013740 0.392188 0.777781 0.000000 2.834368 0.527344
  445 1.085931 17.444247 0.328906 0.801614 0.000000 2.959291 0.476562
  446 1.150521 22.806556 0.325000 0.644806 0.000000 3.507293 0.467773
  447 1.338111 46.846951 0.383594 0.532501 0.000000 3.010759 0.499023
  448 1.498717 8.543279 0.385938 0.780342 0.000000 3.297981 0.462891
  449 1.801234 23.267329 0.321094 0.588051 0.000000 3.445668 0.471680
  450 1.860108 17.104503 0.256250 1.009124 0.000000 4.404661 0.361328
  451 1.953793 22.290797 0.271875 0.848560 0.000000 4.284186 0.384766
  452 2.169635 31.744935 0.327344 0.662435 0.000000 3.789731 0.434570
  453 2.247083 -3.425048 0.316406 0.561716 0.000000 3.953097 0.421875
  454 1.636734 -7.637712 0.300000 0.539473 0.000000 4.295771 0.409180
  455 1.955385 3.762841 0.272656 0.642730 0.000000 4.801901 0.361328
  456 2.404423 -3.238951 0.285938 0.684343 0.000000 4.774780 0.369141
  457 2.388122 -2.218317 0.241406 0.676725 0.000000 4.496503 0.376953
  458 2.026298 -5.106895 0.261719 0.529229 0.000000 4.292871 0.418945
  459 1.393136 15.123299 0.292188 0.690777 0.000000 3.986007 0.419922
  460 1.800000 -3.552344 0.343750 0.684418 0.000000 3.859803 0.443359
  461 2.000000 0.930954 0.289063 0.519144 0.000000 4.100743 0.408203
  462 2.003084 9.038352 0.290625 0.850658 0.000000 4.028646 0.395508
  463 1.492072 10.361049 0.369531 0.907451 0.000000 3.559384 0.451172
  464 1.562050 10.061525 0.319531 0.781920 0.000000 3.442589 0.449219
  465 1.711724 1.994925 0.342969 0.772244 0.000000 3.703726 0.432617
  466 1.453444 32.946575 0.330469 0.995281 0.000000 3.870147 0.406250
  467 2.063031 2.656458 0.332813 0.748577 0.000000 3.689492 0.458008
  468 1.570717 8.958494 0.306250 0.734947 0.000000 3.949766 0.414062
  469 1.380257 13.774715 0.392188 0.673632 0.000000 3.085634 0.523438
  470 1.170721 21.342874 0.351563 0.818722 0.000000 2.949503 0.496094
  471 1.068393 18.912772 0.414063 0.755169 0.000000 2.785940 0.530273
  472 1.488417 12.201905 0.342188 0.747426 0.000000 2.944412 0.504883
  473 1.233171 26.013574 0.410938 0.642393 0.000000 3.035442 0.505859
  474 1.456022 19.538130 0.413281 0.938355 0.000000 3.038780 0.472656
  475 1.444991 15.142428 0.407813 0.746258 0.000000 2.846023 0.514648
  476 1.490712 16.440182 0.362500 0.616617 0.000000 2.712023 0.541992
  477 1.362047 5.099106 0.338281 0.824858 0.000000 3.159186 0.486328
  478 1.278985 13.634724 0.339844 0.651126 0.000000 2.980569 0.485352
  479 1.482604 24.922665 0.329688 0.732518 0.000000 3.062826 0.497070
  480 1.312457 13.264185 0.355469 0.659586 0.000000 2.993483 0.515625
  481 1.545867 -1.462451 0.300000 0.547884 0.000000 3.611537 0.442383
  482 1.712511 3.481476 0.227344 0.870948 0.000000 4.533020 0.324219
  483 1.619803 10.997086 0.354688 0.689064 0.000000 3.572630 0.468750
  484 1.201850 37.506224 0.339844 0.741532 0.000000 3.006134 0.501953
  485 1.712511 0.403426 0.344531 0.727210 0.000000 2.959984 0.499023
  486 1.377411 18.882304 0.325000 0.843246 0.000000 3.614851 0.439453
  487 1.148442 12.152434 0.376563 0.836972 0.000000 3.128761 0.476562
  488 1.151881 45.808049 0.342188 1.042885 0.000000 3.076264 0.455078
  489 1.308906 12.487995 0.429688 0.772974 0.000000 2.776454 0.540039
  490 1.549722 11.504991 0.346094 0.377570 0.000000 3.164878 0.513672
  491 1.427153 -0.555753 0.342188 0.683697 0.000000 3.475900 0.451172
  492 1.652122 20.236658 0.303125 0.724239 0.000000 3.736240 0.449219
  493 1.767767 17.865773 0.320313 0.728171 0.000000 3.579656 0.458984
  494 2.012308 3.694726 0.285938 0.663288 0.000000 3.844799 0.424805
  495 1.459845 17.918848 0.305469 0.567609 0.000000 4.003233 0.403320
  496 1.411901 24.070845 0.335156 0.818338 0.000000 3.910575 0.438477
  497 1.453296 12.379439 0.359375 0.646005 0.000000 3.410597 0.454102
  498 1.343710 34.939154 0.397656 0.910572 0.000000 3.036880 0.464844
  499 1.536902 1.679013 0.392188 0.741942 0.000000 3.133550 0.478516
  500 1.465865 21.380509 0.289063 0.869161 0.000000 3.555107 0.421875
  501 1.702939 9.730616 0.317188 0.597870 0.000000 3.711702 0.454102
  502 2.124193 16.949938 0.295313 0.867175 0.000000 4.440391 0.380859
  503 1.840894 20.567318 0.286719 0.873248 0.000000 4.493028 0.385742
  504 1.636734 14.629899 0.313281 0.647419 0.000000 3.420014 0.465820
  505 1.586582 3.498058 0.326563 0.459819 0.000000 3.862299 0.431641
  506 1.323987 26.933717 0.361719 0.646126 0.000000 3.457187 0.474609
  507 1.922009 -3.828188 0.337500 0.697469 0.000000 3.497001 0.468750
  508 2.343891 26.133717 0.284375 1.129581 0.000000 4.087118 0.367188
  509 1.926535 8.078013 0.307031 0.914179 0.000000 4.075235 0.424805
  510 2.144192 1.173997 0.296875 0.651723 0.000000 4.374217 0.386719
  511 2.252370 3.402375 0.325781 0.669863 0.000000 4.263199 0.407227
  512 2.500000 -1.435709 0.288281 0.466236 0.000000 4.613312 0.384766
  513 2.247083 4.808049 0.237500 0.422466 0.000000 5.607441 0.322266
  514 2.233306 13.511463 0.250000 0.718651 0.000000 5.537138 0.317383
  515 2.224998 8.161672 0.289063 0.710175 0.000000 4.831983 0.364258
  516 2.317160 -11.699616 0.246875 0.386065 0.000000 4.472397 0.421875
  517 2.252370 8.401039 0.248438 0.670245 0.000000 5.536166 0.327148
  518 2.404423 4.425816 0.267188 0.708581 0.000000 5.141253 0.351562
  519 1.840894 -1.923426 0.316406 0.847301 0.000000 4.064067 0.442383
  520 1.712511 13.076680 0.317969 1.066876 0.000000 3.803820 0.422852
  521 1.295408 3.900384 0.293750 0.661620 0.000000 3.477652 0.436523
  522 1.257410 17.287995 0.377344 0.801109 0.000000 2.592994 0.536133
  523 1.271162 24.788797 0.342969 0.719980 0.000000 2.981917 0.495117
  524 1.098751 5.886098 0.338281 0.468133 0.000000 3.001668 0.498047
  525 1.291884 19.312012 0.375781 0.667474 0.000000 2.811114 0.519531
  526 1.574367 19.636747 0.396094 0.555613 0.000000 2.993308 0.503906
  527 1.249204 19.658227 0.401563 0.537522 0.000000 3.069602 0.520508
  528 1.233784 32.891382 0.393750 0.660600 0.000000 2.828740 0.512695
  529 1.937926 26.875370 0.360938 0.521902 0.000000 3.574084 0.432617
  530 1.556113 23.424270 0.350000 0.926826 0.000000 3.467174 0.452148
  531 1.380257 8.682496 0.340625 0.683746 0.000000 3.389786 0.445312
  532 1.700000 -0.599578 0.368750 0.667707 0.000000 3.687832 0.438477
  533 1.621515 10.131858 0.322656 0.696804 0.000000 4.073595 0.401367
  534 1.531716 0.800384 0.339844 0.659644 0.000000 3.639198 0.462891
  535 1.556113 18.425741 0.376563 0.717142 0.000000 3.201442 0.489258
  536 1.166667 17.775645 0.364063 0.516453 0.000000 3.351163 0.496094
  537 1.806696 26.058494 0.361719 1.022550 0.000000 3.251805 0.477539
  538 1.427153 21.644209 0.371875 0.627941 0.000000 3.015637 0.498047
  539 1.409460 24.815810 0.352344 0.603780 0.000000 2.662775 0.545898
  540 1.271162 46.196128 0.317969 0.704300 0.000000 3.131089 0.483398
  541 1.416931 15.952377 0.340625 0.646308 0.000000 3.021998 0.501953
  542 1.531283 15.161049 0.391406 1.001064 0.000000 3.298479 0.474609
  543 1.581139 6.543279 0.331250 0.829120 0.000000 3.653294 0.428711
  544 1.923538 23.897501 0.397656 0.913061 0.000000 3.296033 0.471680
  545 1.473815 26.835166 0.350000 0.661995 0.000000 3.624888 0.460938
  546 1.373081 3.172390 0.338281 0.659782 0.000000 3.531326 0.437500
  547 1.612452 0.787066 0.311719 0.734957 0.000000 3.512852 0.435547
  548 1.737593 3.659694 0.303125 0.609013 0.000000 3.375372 0.482422
  549 2.144192 -8.789611 0.288281 0.540559 0.000000 4.622784 0.392578
  550 1.831876 4.788797 0.287500 0.746553 0.000000 4.420502 0.414062
  551 1.955385 3.102879 0.251563 0.631714 0.000000 4.485053 0.382812
  552 1.815772 11.585113 0.261719 0.706988 0.000000 4.262502 0.370117
  553 2.026298 1.697888 0.303906 0.684103 0.000000 4.812205 0.360352
  554 1.816306 21.870460 0.295313 0.597950 0.000000 4.104565 0.439453
  555 1.797695 -0.494854 0.256250 0.588938 0.000000 3.990659 0.380859
  556 2.124193 -7.966798 0.228125 0.495976 0.000000 4.719437 0.372070
  557 1.475287 23.653771 0.365625 0.943485 0.000000 3.652973 0.443359
  558 1.704694 3.697888 0.317188 0.735653 0.000000 3.597318 0.430664
  559 1.475127 26.681400 0.333594 0.645144 0.000000 3.109433 0.495117
  560 1.381484 13.350740 0.353906 0.520972 0.000000 3.068545 0.494141
  561 1.205842 18.289986 0.307031 0.737551 0.000000 3.380254 0.484375
  562 1.337281 11.880368 0.297656 0.613293 0.000000 3.378653 0.438477
  563 1.295319 7.929923 0.278906 0.613573 0.000000 3.164159 0.474609
  564 1.605609 25.359822 0.300781 0.845331 0.000000 3.527382 0.457031
  565 1.737593 9.185826 0.353906 0.698297 0.000000 3.862111 0.400391
  566 1.737758 4.392095 0.307031 0.612586 0.000000 3.241449 0.469727
  567 1.456022 13.027716 0.377344 0.792263 0.000000 3.620839 0.444336
  568 1.329772 12.869605 0.333594 0.561449 0.000000 3.734510 0.431641
  569 1.480466 16.849938 0.285938 0.846612 0.000000 3.414704 0.466797
  570 1.328281 14.823264 0.300781 0.656194 0.000000 3.480371 0.448242
  571 1.550434 11.763604 0.353906 0.536858 0.000000 3.326084 0.493164
  572 1.564609 2.806556 0.302344 0.610531 0.000000 3.539321 0.458984
  573 1.817348 36.101002 0.321875 0.687313 0.000000 3.575488 0.449219
  574 1.380257 10.441536 0.303906 0.570872 0.000000 3.829629 0.452148
  575 1.319536 3.095660 0.329688 0.669667 0.000000 3.716523 0.427734
  576 1.278985 13.674715 0.271875 0.733520 0.000000 3.701146 0.426758
  577 1.227294 15.826322 0.342188 0.681915 0.000000 3.042670 0.474609
  578 1.160629 21.252981 0.404688 0.853660 0.000000 2.849523 0.517578
  579 1.672772 2.492897 0.367188 0.712491 0.000000 3.436161 0.462891
  580 2.512469 34.925607 0.287500 0.770495 0.000000 3.676466 0.454102
  581 2.114033 7.224715 0.285156 0.702810 0.000000 5.124003 0.356445
  582 2.144192 -2.740056 0.257031 0.691523 0.000000 4.777878 0.357422
  583 1.414214 28.287104 0.297656 0.931866 0.000000 3.895084 0.413086
  584 1.233171 12.949895 0.377344 0.876479 0.000000 3.057930 0.513672
  585 1.278275 23.846640 0.377344 0.709817 0.000000 2.892481 0.533203
  586 1.373081 12.850699 0.352344 0.640583 0.000000 3.377917 0.462891
  587 1.666667 28.546765 0.360938 0.637303 0.000000 2.969837 0.488281
  588 1.219756 38.380716 0.382031 0.772355 0.000000 2.866393 0.532227
  589 1.171303 16.728026 0.364063 0.749021 0.000000 2.895472 0.499023
  590 1.979305 37.797879 0.367188 0.695644 0.000000 2.834903 0.511719
  591 1.789392 51.935652 0.391406 0.561634 0.000000 2.794033 0.538086
  592 1.321069 26.725579 0.327344 1.018240 0.000000 2.648657 0.496094
  593 1.138129 27.205150 0.385156 0.722892 0.000000 2.805339 0.529297
  594 1.145374 27.061525 0.324219 0.791241 0.000000 3.244397 0.437500
  595 1.664332 22.094383 0.380469 0.591541 0.000000 2.890562 0.578125
  596 1.449677 20.939832 0.357813 0.691802 0.000000 2.742727 0.531250
  597 1.664305 38.872751 0.298438 0.527843 0.000000 3.372006 0.481445
  598 1.253896 19.835054 0.372656 0.694930 0.000000 2.988569 0.498047
  599 1.605609 -2.380104 0.392969 0.919294 0.000000 3.036526 0.491211
  600 1.236159 17.936028 0.338281 0.673295 0.000000 3.327145 0.461914
  601 1.084255 18.620510 0.380469 0.634741 0.000000 2.794784 0.512695
  602 1.362047 1.146919 0.367188 0.784229 0.000000 3.231325 0.483398
  603 1.556113 27.436544 0.406250 0.619659 0.000000 3.112445 0.536133
  604 1.687602 28.445660 0.346094 0.751574 0.000000 3.434285 0.489258
  605 1.327782 50.111435 0.350781 1.016352 0.000000 3.254298 0.457031
  606 1.278275 28.358585 0.339063 0.724085 0.000000 3.196619 0.491211
  607 1.500000 3.301186 0.337500 0.740510 0.000000 3.311686 0.465820
  608 1.427153 19.337549 0.311719 0.698930 0.000000 3.605337 0.431641
  609 1.932013 7.831756 0.342188 0.655740 0.000000 3.255062 0.479492
  610 2.057983 9.379063 0.313281 0.747160 0.000000 4.089658 0.392578
  611 1.240520 20.558456 0.337500 1.025103 0.000000 3.515118 0.442383
  612 1.072587 26.547035 0.351563 0.774275 0.000000 3.145437 0.479492
  613 1.493154 16.946091 0.399219 0.583948 0.000000 2.897146 0.533203
  614 1.388524 3.791595 0.340625 0.816297 0.000000 3.282423 0.469727
  615 1.590571 13.637593 0.323438 0.690113 0.000000 3.093643 0.485352
  616 1.295408 16.227096 0.389063 0.606969 0.000000 3.090992 0.474609
  617 1.460258 30.529380 0.349219 0.818362 0.000000 2.953528 0.468750
  618 1.178511 4.268870 0.339063 0.640704 0.000000 3.269055 0.450195
  619 1.711724 6.855629 0.363281 0.433891 0.000000 3.320744 0.480469
  620 1.584929 10.104484 0.401563 0.768744 0.000000 3.485914 0.458008
  621 1.395102 28.049938 0.359375 0.783467 0.000000 3.315721 0.486328
  622 1.418983 10.265346 0.364844 0.748176 0.000000 3.007923 0.490234
  623 1.339068 7.557955 0.327344 0.892744 0.000000 3.614801 0.430664
  624 1.390297 13.375606 0.300000 0.562543 0.000000 3.731232 0.436523
  625 1.351882 14.922722 0.352344 0.672602 0.000000 3.122033 0.476562
  626 1.638887 8.846808 0.324219 0.629895 0.000000 3.215902 0.482422
  627 1.670928 3.238354 0.361719 0.653690 0.000000 3.475572 0.469727
  628 1.480540 -7.167251 0.303906 0.620689 0.000000 3.994059 0.418945
  629 1.802776 12.000384 0.271094 0.632480 0.000000 3.874796 0.406250
  630 1.815772 24.199536 0.303906 0.587218 0.000000 3.933266 0.424805
  631 1.953057 18.400384 0.314063 0.460082 0.000000 3.772526 0.434570
  632 1.252775 8.187995 0.343750 0.687097 0.000000 3.340525 0.461914
  633 1.204037 10.987995 0.317969 0.699160 0.000000 2.909576 0.458984
  634 1.456022 17.143201 0.425781 0.704301 0.000000 2.995127 0.517578
  635 1.316065 32.759772 0.390625 0.765123 0.000000 3.044707 0.507812
  636 1.601990 27.739243 0.404688 1.007098 0.000000 3.077998 0.504883
  637 1.141360 20.703287 0.367188 0.636632 0.000000 2.837182 0.511719
  638 1.816306 8.217380 0.319531 0.570996 0.000000 3.360516 0.457031
  639 1.638887 24.161672 0.317969 0.932734 0.000000 3.507959 0.437500
  640 1.801234 4.946091 0.325000 0.514299 0.000000 3.838215 0.451172
  641 1.913992 4.879706 0.350000 0.652298 0.000000 3.845297 0.457031
  642 1.808101 -3.339238 0.299219 0.847289 0.000000 4.488758 0.386719
  643 2.057983 -8.494854 0.269531 0.604195 0.000000 4.147457 0.410156
  644 1.465865 31.813846 0.316406 0.671577 0.000000 3.883172 0.423828
  645 1.562889 15.079366 0.321094 0.761734 0.000000 3.671149 0.437500
  646 2.161154 7.021328 0.285156 0.666082 0.000000 4.074523 0.413086
  647 1.581139 4.375606 0.385938 0.768361 0.000000 3.756507 0.456055
  648 1.649242 9.289599 0.377344 0.634746 0.000000 3.666598 0.444336
  649 1.817348 23.079725 0.314063 0.838948 0.000000 3.914019 0.413086
  650 1.334474 9.712772 0.372656 0.622393 0.000000 3.303781 0.493164
  651 1.103265 4.937549 0.325781 0.927260 0.000000 3.576395 0.412109
  652 1.381498 21.119368 0.283594 0.577679 0.000000 3.352684 0.458984
  653 1.459715 20.273111 0.342969 0.616694 0.000000 2.815396 0.483398
  654 1.480540 17.069063 0.321094 0.743001 0.000000 3.211341 0.470703
  655 1.215610 10.373879 0.382813 0.506573 0.000000 2.895663 0.525391
  656 1.362047 26.863218 0.361719 0.576590 0.000000 2.911977 0.479492
  657 1.438482 20.265153 0.352344 0.786373 0.000000 2.725048 0.529297
  658 1.337038 38.866261 0.379688 0.742939 0.000000 2.956956 0.492188
  659 1.212678 11.687995 0.392969 0.724244 0.000000 3.073128 0.515625
  660 1.666667 14.203681 0.300781 0.873821 0.000000 3.378896 0.476562
  661 1.584929 19.427716 0.365625 0.577165 0.000000 3.314039 0.467773
  662 1.456022 8.573913 0.347656 0.687283 0.000000 3.506864 0.459961
  663 1.204037 2.838479 0.284375 0.529976 0.000000 3.397614 0.438477
  664 1.380257 -5.187228 0.275781 0.648923 0.000000 3.632665 0.434570
  665 1.334474 4.205512 0.292969 0.792460 0.000000 3.534026 0.446289
  666 1.223641 22.310217 0.356250 0.604067 0.000000 3.155876 0.467773
  667 1.045973 14.142234 0.303906 0.645469 0.000000 3.011943 0.491211
  668 1.278275 21.491828 0.328125 0.417118 0.000000 3.092427 0.482422
  669 1.711724 5.726129 0.341406 0.875110 0.000000 3.558977 0.453125
  670 1.531716 5.246027 0.319531 0.732563 0.000000 3.901437 0.385742
  671 1.605609 20.670883 0.277344 0.731709 0.000000 3.957040 0.402344
  672 1.818182 17.408838 0.281250 0.534957 0.000000 4.278534 0.410156
  673 1.646434 11.286302 0.319531 0.812498 0.000000 3.841234 0.416992
  674 1.369932 15.161049 0.340625 0.558595 0.000000 3.620644 0.449219
  675 1.426437 24.266675 0.384375 0.622156 0.000000 3.566593 0.459961
  676 1.702939 1.702436 0.348438 0.791634 0.000000 3.538575 0.440430
  677 1.646434 15.249938 0.317188 0.754248 0.000000 3.615837 0.437500
  678 1.712511 6.849745 0.367188 0.557539 0.000000 3.541364 0.483398
  679 1.327782 25.063805 0.354688 1.111566 0.000000 3.347941 0.438477
  680 1.411901 8.701949 0.343750 0.701878 0.000000 3.423829 0.438477
  681 1.601990 37.602889 0.349219 0.690633 0.000000 3.231888 0.464844
  682 1.261886 18.313427 0.380469 0.547200 0.000000 2.965447 0.510742
  683 1.112485 17.203681 0.341406 0.967233 0.000000 3.414070 0.454102
  684 1.163586 27.269605 0.307031 0.953937 0.000000 2.940810 0.483398
  685 1.480540 19.630890 0.364063 0.576237 0.000000 2.796934 0.511719
  686 1.696278 25.269813 0.393750 0.664090 0.000000 2.759739 0.514648
  687 1.480540 28.033361 0.335156 0.809926 0.000000 2.918271 0.489258
  688 1.900292 39.792343 0.317188 0.645481 0.000000 2.759237 0.512695
  689 1.766981 29.954662 0.342969 0.652881 0.000000 2.942084 0.490234
  690 1.789392 28.075563 0.385938 0.721480 0.000000 2.798943 0.525391
  691 1.941649 48.831153 0.401563 0.615267 0.000000 3.202456 0.489258
  692 1.617215 10.569915 0.377344 0.619946 0.000000 3.051668 0.500977
  693 1.288602 9.286302 0.322656 0.700240 0.000000 3.053270 0.479492
  694 1.098751 0.279400 0.305469 0.659789 0.000000 3.460244 0.481445
  695 1.418983 30.076574 0.363281 0.697087 0.000000 3.199260 0.487305
  696 1.646434 11.941382 0.345313 0.618648 0.000000 3.517816 0.472656
  697 1.811077 -1.169148 0.325000 0.671304 0.000000 4.042184 0.450195
  698 1.438482 17.966121 0.366406 0.695639 0.000000 3.908855 0.453125
  699 1.218227 15.352107 0.362500 0.619125 0.000000 3.450570 0.447266
  700 1.151086 8.581994 0.308594 0.581113 0.000000 3.695500 0.410156
  701 1.470217 14.567826 0.349219 0.619019 0.000000 3.101294 0.473633
  702 1.498717 17.315728 0.296094 0.953836 0.000000 3.987945 0.411133
  703 1.604449 3.725161 0.331250 0.822075 0.000000 4.005021 0.434570
  704 2.057983 9.353816 0.300000 0.847930 0.000000 3.723225 0.424805
  705 1.641057 9.722258 0.265625 0.407710 0.000000 4.585881 0.372070
  706 1.834758 17.511881 0.333594 0.696947 0.000000 3.772155 0.452148
  707 1.666667 9.357560 0.289844 0.585168 0.000000 4.006221 0.417969
  708 1.570717 13.220170 0.301563 0.823605 0.000000 3.803071 0.420898
  709 1.351882 15.132898 0.346094 0.746631 0.000000 3.472152 0.448242
  710 1.209995 6.893320 0.351563 0.709292 0.000000 3.104829 0.477539
  711 1.337038 26.205262 0.385156 0.702544 0.000000 3.507467 0.476562
  712 1.556411 20.435224 0.365625 0.797113 0.000000 2.886299 0.502930
  713 1.449677 11.829812 0.403125 0.532435 0.000000 2.623375 0.506836
  714 1.279681 20.391755 0.364844 0.680525 0.000000 2.895172 0.500977
  715 1.350858 22.311079 0.375000 0.674635 0.000000 2.817001 0.514648
  716 1.407029 27.922835 0.337500 1.102367 0.000000 2.821089 0.453125
  717 1.098751 34.804216 0.400781 0.581521 0.000000 3.008326 0.530273
  718 1.365542 33.115327 0.359375 0.780662 0.000000 3.181392 0.511719
  719 1.696278 23.141344 0.378906 0.522706 0.000000 2.718379 0.537109
  720 1.312833 43.618430 0.404688 0.505707 0.000000 2.621809 0.544922
  721 1.407029 29.987104 0.353906 0.652390 0.000000 2.537974 0.542969
  722 1.618477 30.779497 0.334375 0.890789 0.000000 2.998157 0.478516
  723 1.225924 27.495660 0.377344 0.570286 0.000000 2.851714 0.509766
  724 1.470217 13.074715 0.367188 0.544493 0.000000 2.900773 0.514648
  725 1.492072 11.891828 0.323438 0.562899 0.000000 3.442245 0.435547
  726 1.712511 7.522296 0.225000 0.629505 0.000000 4.382342 0.383789
  727 1.711724 7.522296 0.303125 0.588424 0.000000 3.763298 0.447266
  728 1.499333 16.105222 0.327344 0.636122 0.000000 3.648639 0.438477
  729 1.257410 -0.850062 0.387500 0.757745 0.000000 2.990161 0.513672
  730 1.808101 1.783233 0.329688 0.591523 0.000000 3.075839 0.487305
  731 2.636878 -1.223244 0.343750 0.685211 0.000000 4.353605 0.407227
  732 2.549510 8.487549 0.286719 0.822364 0.000000 4.962281 0.356445
  733 2.529822 2.976843 0.287500 0.595371 0.000000 4.873938 0.381836
  734 2.512469 -19.037673 0.238281 0.825888 0.000000 5.149844 0.350586
  735 1.953793 -0.687228 0.218750 0.574260 0.000000 5.297464 0.322266
  736 2.137265 -12.641564 0.278125 0.675326 0.000000 4.287147 0.403320
  737 2.612189 -5.363583 0.300781 0.753949 0.000000 4.214263 0.421875
  738 2.636878 -1.972896 0.261719 0.861006 0.000000 4.827155 0.383789
  739 2.252370 16.010645 0.264063 0.605193 0.000000 5.378970 0.333984
  740 2.512469 -10.269836 0.274219 0.655404 0.000000 5.155975 0.310547
  741 2.651560 8.289232 0.281250 0.846529 0.000000 4.651614 0.380859
  742 2.102380 9.657979 0.292188 0.600439 0.000000 4.445559 0.394531
  743 2.000000 -2.608172 0.264844 0.785773 0.000000 4.502552 0.385742
  744 1.729663 10.314207 0.264063 0.702381 0.000000 4.251389 0.372070
  745 1.556113 -2.462451 0.271094 0.583229 0.000000 4.171912 0.408203
  746 1.726746 28.870437 0.325000 0.486397 0.000000 3.867646 0.416016
  747 1.355213 10.367398 0.350000 0.819939 0.000000 3.403449 0.434570
  748 1.122256 7.360779 0.380469 0.679288 0.000000 2.980013 0.502930
  749 1.438482 21.744145 0.345313 0.683104 0.000000 3.715930 0.429688
  750 1.295408 13.098819 0.318750 0.531652 0.000000 3.199783 0.503906
  751 1.380257 25.592757 0.332813 0.816784 0.000000 3.014733 0.451172
  752 1.840894 20.567739 0.372656 0.868494 0.000000 3.173833 0.481445
  753 1.672772 5.962982 0.314063 0.938305 0.000000 3.547981 0.451172
  754 1.590571 40.354812 0.299219 0.668549 0.000000 3.730327 0.425781
  755 1.737593 9.476409 0.325781 0.834388 0.000000 3.518648 0.454102
  756 1.533930 14.516070 0.293750 0.705244 0.000000 3.956288 0.420898
  757 1.470217 12.447656 0.383594 0.515770 0.000000 3.311662 0.502930
  758 1.646434 22.616605 0.376563 0.596123 0.000000 3.580962 0.456055
  759 1.562889 11.854502 0.371094 0.827438 0.000000 3.662615 0.427734
  760 1.333333 17.084239 0.332813 0.547620 0.000000 3.356041 0.466797
  761 2.252370 0.315327 0.364063 0.774626 0.000000 3.851620 0.416992
  762 1.802776 0.889854 0.271094 0.517142 0.000000 4.759552 0.361328
  763 1.712511 4.428993 0.303125 0.860126 0.000000 4.318613 0.378906
  764 1.584929 6.417572 0.345313 0.651191 0.000000 3.688264 0.467773
  765 1.638887 17.955596 0.303125 0.716943 0.000000 3.836267 0.406250
  766 2.169635 -4.305617 0.309375 0.549678 0.000000 4.459549 0.394531
  767 2.000000 13.835054 0.267188 0.703584 0.000000 4.750239 0.334961
  768 1.492072 23.180716 0.316406 0.642419 0.000000 4.056111 0.436523
  769 1.760942 11.634723 0.296094 0.719209 0.000000 4.038582 0.413086
  770 1.255055 6.100384 0.371094 0.837562 0.000000 3.027934 0.485352
  771 1.414214 24.120158 0.364063 0.868620 0.000000 3.232322 0.491211
  772 1.816306 19.935365 0.360156 0.695540 0.000000 3.333176 0.463867
  773 1.937926 12.745590 0.342969 0.803866 0.000000 3.459012 0.482422
  774 1.827250 24.934290 0.322656 0.672426 0.000000 3.748389 0.441406
  775 1.209995 8.937549 0.314063 0.605479 0.000000 4.287226 0.374023
  776 1.766981 21.567318 0.351563 0.624426 0.000000 3.837095 0.443359
  777 1.650039 22.472568 0.375781 0.706599 0.000000 3.293324 0.465820
  778 1.277204 13.465191 0.377344 0.926756 0.000000 3.229064 0.480469
  779 1.928604 0.937549 0.316406 0.690989 0.000000 3.755272 0.452148
  780 2.002498 22.578161 0.337500 0.535267 0.000000 3.826303 0.436523
  781 1.712511 -8.129117 0.287500 0.984592 0.000000 4.202001 0.385742
  782 1.712511 2.937549 0.263281 0.410683 0.000000 4.417971 0.378906
  783 1.309001 23.835054 0.324219 0.640462 0.000000 3.484248 0.439453
  784 1.767767 25.633450 0.351563 0.606476 0.000000 3.317622 0.480469
  785 1.426437 16.442311 0.353125 0.625672 0.000000 3.339680 0.480469
  786 1.515684 49.255629 0.359375 0.710484 0.000000 3.427834 0.470703
  787 1.325825 8.168586 0.360938 0.570780 0.000000 3.243080 0.500000
  788 1.335935 15.931896 0.353125 0.891584 0.000000 3.416297 0.449219
  789 1.382666 4.448041 0.310938 0.708792 0.000000 3.429219 0.457031
  790 1.547416 30.226471 0.309375 0.605579 0.000000 3.460539 0.475586
  791 1.816306 10.087995 0.344531 0.579803 0.000000 3.569329 0.444336
  792 1.564609 18.875370 0.310156 0.379926 0.000000 3.507830 0.443359
  793 1.907662 -0.159955 0.267188 0.711839 0.000000 3.953689 0.408203
  794 1.892154 13.623883 0.285938 0.848378 0.000000 4.418208 0.384766
  795 1.672772 6.202666 0.369531 0.635875 0.000000 3.592492 0.457031
  796 1.900000 17.600384 0.331250 0.884533 0.000000 3.899281 0.401367
  797 1.350926 15.110217 0.317969 0.707796 0.000000 3.531974 0.465820
  798 1.212678 2.251835 0.319531 0.788440 0.000000 3.382890 0.455078
  799 1.475287 6.840045 0.361719 0.883975 0.000000 3.456215 0.451172
  800 1.704694 34.947555 0.361719 0.799984 0.000000 3.233665 0.455078
  801 1.414214 35.038352 0.376563 0.622666 0.000000 2.898831 0.534180
  802 1.350926 19.401988 0.400000 0.676693 0.000000 2.968623 0.519531
  803 1.257410 35.675470 0.382031 0.674680 0.000000 3.108941 0.501953
  804 1.470217 13.112772 0.340625 0.633089 0.000000 3.558894 0.456055
  805 1.913992 18.996883 0.350000 0.870077 0.000000 3.853281 0.415039
  806 1.760942 10.198690 0.318750 0.995222 0.000000 3.622945 0.440430
  807 1.562050 8.106513 0.261719 0.696608 0.000000 3.860242 0.417969
  808 1.556113 16.392095 0.355469 1.023304 0.000000 3.634955 0.419922
  809 1.590571 0.162327 0.317969 0.905484 0.000000 3.491583 0.433594
  810 2.247083 13.058494 0.328906 0.879428 0.000000 3.782421 0.440430
  811 1.827250 26.226471 0.307031 0.523446 0.000000 4.703346 0.398438
  812 2.009975 7.249938 0.300000 0.774854 0.000000 4.313584 0.392578
  813 2.144192 12.316605 0.296875 0.771499 0.000000 4.237939 0.400391
  814 3.000000 0.898343 0.259375 0.552146 0.000000 4.796510 0.384766
  815 2.773501 27.048188 0.284375 0.695807 0.000000 5.056658 0.362305
  816 2.877716 1.221328 0.257031 0.641959 0.000000 5.050100 0.355469
  817 1.817348 2.207115 0.283594 0.573325 0.000000 4.399110 0.419922
  818 1.562050 22.028993 0.289063 0.567267 0.000000 3.903852 0.449219
  819 1.932013 3.455350 0.306250 0.738704 0.000000 4.084877 0.421875
  820 1.824829 13.618430 0.356250 0.609254 0.000000 3.627223 0.457031
  821 1.672772 13.444928 0.321875 0.677753 0.000000 3.966818 0.434570
  822 1.355213 14.753872 0.307031 0.708275 0.000000 3.653215 0.423828
  823 1.447719 30.182202 0.332813 0.545630 0.000000 3.417201 0.478516
  824 1.638887 14.902767 0.312500 0.791746 0.000000 3.671879 0.461914
  825 2.036257 5.082583 0.293750 0.928470 0.000000 4.103697 0.401367
  826 1.817348 7.806771 0.289063 0.562023 0.000000 4.376207 0.366211
  827 2.276604 7.133717 0.283594 0.628736 0.000000 4.429424 0.407227
  828 2.512469 -0.017392 0.282813 0.648995 0.000000 5.332454 0.324219
  829 1.902630 33.062470 0.306250 0.620367 0.000000 4.114134 0.412109
  830 2.012308 6.110267 0.314063 0.709129 0.000000 4.529788 0.388672
  831 1.808101 11.334252 0.321094 0.481813 0.000000 4.091539 0.417969
  832 2.455486 5.955596 0.314063 0.561073 0.000000 3.922540 0.425781
  833 1.915675 16.271215 0.350781 0.790953 0.000000 3.806495 0.468750
  834 1.419116 16.583806 0.328125 0.637401 0.000000 3.766993 0.455078
  835 1.562889 11.668456 0.364063 0.761599 0.000000 3.381359 0.468750
  836 2.131004 4.077990 0.305469 0.795096 0.000000 3.645342 0.434570
  837 2.012308 -10.622402 0.290625 0.559722 0.000000 4.503650 0.372070
  838 2.114033 9.636747 0.275000 0.522466 0.000000 4.774725 0.404297
  839 1.697056 2.093725 0.299219 0.700255 0.000000 4.654529 0.383789
  840 1.548126 20.755731 0.316406 0.600649 0.000000 3.496228 0.437500
  841 1.520303 26.574297 0.345313 0.757470 0.000000 3.153071 0.477539
  842 1.187776 10.494168 0.400781 0.643787 0.000000 2.847889 0.545898
  843 1.670928 14.390378 0.328906 0.840811 0.000000 3.385994 0.452148
  844 1.737593 7.600384 0.271875 0.553223 0.000000 4.010471 0.394531
  845 2.137265 4.571677 0.316406 0.565362 0.000000 4.373087 0.396484
  846 2.029486 19.699492 0.249219 1.010366 0.000000 5.398852 0.343750
  847 2.114033 -0.761646 0.279688 0.794116 0.000000 4.656452 0.364258
  848 1.816306 19.334275 0.313281 0.671055 0.000000 4.466174 0.374023
  849 1.286876 2.341440 0.353125 0.867531 0.000000 3.522905 0.460938
  850 1.432581 10.120399 0.358594 0.705439 0.000000 3.464954 0.431641
  851 1.419116 16.447656 0.311719 0.717457 0.000000 3.557182 0.459961
  852 1.636734 0.400384 0.355469 0.626849 0.000000 3.643884 0.456055
  853 1.641950 -8.484673 0.262500 0.685441 0.000000 4.215176 0.385742
  854 1.726268 8.937549 0.303906 0.681791 0.000000 3.853966 0.425781
  855 1.913992 10.104484 0.280469 0.835358 0.000000 4.267250 0.391602
  856 1.617215 -2.165315 0.256250 0.701721 0.000000 4.445456 0.380859
  857 1.261886 12.360722 0.285156 0.765498 0.000000 4.105579 0.375977
  858 1.562889 9.815018 0.332031 0.776716 0.000000 3.699028 0.440430
  859 1.712511 25.268710 0.390625 0.477427 0.000000 3.238372 0.481445
  860 1.824829 -6.953894 0.351563 0.595181 0.000000 3.638804 0.488281
  861 1.093216 12.755731 0.365625 0.645260 0.000000 3.680423 0.425781
  862 1.584929 19.987549 0.339844 0.614791 0.000000 3.848190 0.412109
  863 1.830972 19.267955 0.295313 0.453842 0.000000 4.029573 0.410156
  864 2.236068 -6.405346 0.325781 0.607982 0.000000 4.387082 0.420898
  865 2.557042 8.914957 0.257813 0.742365 0.000000 4.818346 0.359375
  866 2.144192 9.976181 0.267188 0.671973 0.000000 5.416581 0.359375
  867 1.581139 31.959772 0.341406 0.654701 0.000000 3.849386 0.418945
  868 1.277204 7.089429 0.362500 0.704438 0.000000 2.989286 0.509766
  869 1.380257 4.257565 0.304688 0.711516 0.000000 3.519891 0.484375
  870 1.475127 20.633450 0.323438 0.764529 0.000000 3.243272 0.453125
  871 1.198012 30.078548 0.368750 0.553251 0.000000 3.267416 0.462891
  872 1.414214 25.119368 0.357813 0.736825 0.000000 3.191554 0.464844
  873 1.678484 30.810360 0.366406 0.855498 0.000000 2.892760 0.507812
  874 1.250000 29.712772 0.348438 0.763786 0.000000 2.801186 0.515625
  875 1.783044 22.359772 0.369531 0.569342 0.000000 3.223115 0.490234
  876 1.276484 -0.619829 0.343750 0.610735 0.000000 3.273371 0.467773
  877 1.280720 0.943722 0.295313 0.800292 0.000000 3.905152 0.399414
  878 1.473815 7.926639 0.283594 1.047106 0.000000 3.454178 0.441406
  879 1.726268 -0.552617 0.292188 0.683642 0.000000 3.791500 0.432617
  880 1.646434 7.783271 0.342969 0.604310 0.000000 3.930340 0.435547
  881 1.242730 14.104484 0.356250 0.657532 0.000000 3.279330 0.470703
  882 1.562050 9.179410 0.327344 0.762301 0.000000 3.579119 0.442383
  883 2.000000 0.649938 0.303125 0.824075 0.000000 3.466322 0.450195
  884 2.137265 -4.040228 0.303125 0.697939 0.000000 4.365699 0.403320
  885 2.151775 1.653236 0.253906 0.715132 0.000000 4.371954 0.388672
  886 2.122775 3.091293 0.288281 0.815467 0.000000 4.462729 0.397461
  887 1.808101 1.337549 0.296094 0.684741 0.000000 4.408381 0.415039
  888 2.672195 -14.775285 0.231250 0.876000 0.000000 5.499029 0.329102
  889 1.470217 2.765624 0.325781 0.541238 0.000000 4.161937 0.427734
  890 1.802776 0.545138 0.231250 0.878852 0.000000 4.483282 0.356445
  891 1.902630 19.168922 0.369531 0.785818 0.000000 3.535010 0.464844
  892 1.355815 19.585169 0.293750 0.872531 0.000000 3.441810 0.435547
  893 1.498717 9.939154 0.310156 0.515120 0.000000 3.295484 0.451172
  894 1.222222 16.665153 0.295313 0.728337 0.000000 3.176616 0.462891
  895 1.277204 22.832547 0.303906 0.695931 0.000000 3.269014 0.459961
  896 1.395102 11.101101 0.336719 0.674004 0.000000 3.654383 0.453125
  897 1.574367 14.804216 0.303125 0.646482 0.000000 3.634686 0.436523
  898 1.369932 19.134995 0.314844 0.670222 0.000000 3.650674 0.435547
  899 1.306094 14.773748 0.377344 0.738324 0.000000 3.284624 0.493164
  900 1.204159 3.410527 0.313281 0.695834 0.000000 3.127820 0.478516
  901 1.237656 15.411968 0.362500 0.639710 0.000000 3.287147 0.463867
  902 1.319536 -1.174839 0.351563 0.800712 0.000000 3.522962 0.467773
  903 1.328281 14.707894 0.292188 0.681811 0.000000 3.632514 0.426758
  904 1.261412 17.859289 0.315625 0.545250 0.000000 3.223644 0.503906
  905 1.094541 7.834685 0.334375 0.585183 0.000000 3.177190 0.495117
  906 1.333333 4.251835 0.300781 0.760800 0.000000 3.650202 0.415039
  907 1.900292 -0.053755 0.313281 0.720151 0.000000 3.905432 0.441406
  908 1.910497 30.488570 0.313281 0.603479 0.000000 3.747595 0.435547
  909 2.122775 6.986449 0.272656 0.901040 0.000000 4.710145 0.366211
  910 1.712511 -11.387228 0.300781 0.785351 0.000000 4.400798 0.385742
  911 2.122775 -3.707441 0.344531 0.807466 0.000000 3.954232 0.410156
  912 1.741490 30.123695 0.267188 0.713481 0.000000 4.279403 0.416992
  913 2.131004 6.306696 0.277344 0.813599 0.000000 4.641711 0.358398
  914 2.000000 22.336227 0.276563 0.646685 0.000000 4.144389 0.401367
  915 1.596025 29.419267 0.343750 0.720914 0.000000 3.766472 0.452148
  916 1.801234 2.927987 0.288281 0.724740 0.000000 3.963012 0.424805
  917 1.619803 -10.499616 0.308594 0.662703 0.000000 3.806675 0.425781
  918 1.343710 7.489930 0.322656 0.601073 0.000000 3.519145 0.450195
  919 1.473815 12.993363 0.326563 0.948312 0.000000 3.436975 0.462891
  920 1.427153 10.276237 0.317188 0.752405 0.000000 3.287522 0.432617
  921 1.414214 15.287147 0.386719 0.694890 0.000000 3.043812 0.519531
  922 1.227262 24.226438 0.402344 0.555743 0.000000 3.035422 0.555664
  923 1.343457 31.628993 0.343750 0.845367 0.000000 2.927146 0.458984
  924 1.046433 10.202319 0.396875 0.727293 0.000000 2.994889 0.491211
  925 1.280720 15.970108 0.302344 0.761044 0.000000 3.030955 0.461914
  926 1.646434 11.694383 0.378125 0.716981 0.000000 3.121533 0.487305
  927 2.247083 -0.197061 0.272656 0.914663 0.000000 4.263546 0.408203
  928 1.726268 -1.091031 0.287500 0.549718 0.000000 4.168538 0.410156
  929 2.529822 -3.199616 0.274219 0.707603 0.000000 4.406678 0.398438
  930 2.527969 -2.336782 0.248438 0.640369 0.000000 5.232323 0.342773
  931 2.233339 0.477335 0.277344 0.410623 0.000000 5.274579 0.364258
  932 2.416244 4.455055 0.245313 0.812161 0.000000 5.827935 0.333008
  933 1.614964 26.776756 0.274219 0.635560 0.000000 4.449804 0.405273
  934 1.824829 31.965601 0.295313 0.730230 0.000000 3.893135 0.390625
  935 2.022375 13.492897 0.317969 0.593620 0.000000 3.989418 0.423828
  936 2.446968 -2.417265 0.331250 0.636751 0.000000 4.191771 0.416992
  937 1.737593 2.094383 0.268750 0.613853 0.000000 5.190301 0.358398
  938 1.834758 -1.325285 0.299219 0.970666 0.000000 4.222287 0.388672
  939 1.744449 20.612327 0.300781 0.826673 0.000000 4.375690 0.428711
  940 1.556113 13.970615 0.349219 0.875618 0.000000 3.360813 0.452148
  941 1.369932 5.036745 0.306250 0.907015 0.000000 3.728712 0.428711
  942 1.711724 3.427058 0.329688 0.571712 0.000000 3.634749 0.449219
  943 1.562050 13.183603 0.288281 0.737840 0.000000 3.955096 0.416016
  944 1.380257 19.394692 0.350781 0.625058 0.000000 3.636614 0.470703
  945 1.414214 27.433857 0.315625 0.572665 0.000000 2.935537 0.499023
  946 1.150521 20.075606 0.389844 0.784941 0.000000 2.800369 0.513672
  947 1.702939 0.838479 0.376563 0.806526 0.000000 3.093243 0.517578
  948 1.386750 15.455350 0.346094 0.643029 0.000000 3.193281 0.454102
  949 1.426437 11.827443 0.352344 0.756092 0.000000 3.468398 0.451172
  950 1.892154 11.159772 0.367969 0.769987 0.000000 3.450204 0.480469
  951 1.502313 26.597829 0.359375 0.850928 0.000000 3.440616 0.469727
  952 1.135292 25.268630 0.350000 0.745335 0.000000 2.837300 0.496094
  953 2.109989 24.340824 0.343750 0.625560 0.000000 2.849979 0.519531
  954 1.545455 20.025161 0.372656 0.619400 0.000000 2.883565 0.511719
  955 1.513926 33.880127 0.391406 1.048279 0.000000 2.947976 0.489258
  956 1.127228 29.009079 0.373438 0.973845 0.000000 3.201854 0.446289
  957 1.250000 29.342659 0.360156 0.393190 0.000000 3.005160 0.526367
  958 1.212678 19.831548 0.344531 0.753926 0.000000 2.990424 0.492188
  959 1.328281 28.835054 0.350781 0.826671 0.000000 3.325720 0.470703
  960 1.386750 4.659114 0.338281 0.894691 0.000000 3.427654 0.453125
  961 1.646434 15.591081 0.372656 0.585493 0.000000 3.200996 0.491211
  962 1.670928 19.259831 0.360156 0.673140 0.000000 3.255029 0.489258
  963 1.554151 35.982608 0.341406 0.755249 0.000000 3.360686 0.448242
  964 1.636734 23.946245 0.365625 0.812377 0.000000 2.994049 0.473633
  965 1.509231 18.614250 0.375000 0.676432 0.000000 3.349483 0.458008
  966 1.915675 40.358245 0.355469 1.224078 0.000000 3.543180 0.452148
  967 1.783044 18.570883 0.300000 0.797116 0.000000 4.145972 0.392578
  968 1.156294 27.714050 0.354688 0.873826 0.000000 3.220955 0.485352
  969 1.584929 25.466516 0.381250 0.647977 0.000000 3.081860 0.505859
  970 1.435552 35.786816 0.346094 0.750817 0.000000 3.579234 0.479492
  971 1.273303 5.400422 0.347656 0.735460 0.000000 3.381050 0.458984
  972 1.468051 18.483004 0.357031 0.669612 0.000000 3.089636 0.503906
  973 1.141360 17.645254 0.414063 0.837703 0.000000 2.742848 0.507812
  974 1.236159 24.490317 0.382031 0.652426 0.000000 2.881247 0.517578
  975 1.093216 27.424506 0.414063 0.860249 0.000000 2.838873 0.515625
  976 1.328281 19.299454 0.435156 0.641993 0.000000 2.913671 0.544922
  977 1.162476 14.882304 0.380469 0.916620 0.000000 2.895782 0.516602
  978 1.368211 11.402281 0.310938 0.637119 0.000000 3.660150 0.411133
  979 1.473815 3.073361 0.355469 0.708337 0.000000 3.277701 0.484375
  980 1.562889 1.815018 0.372656 0.746859 0.000000 3.362391 0.475586
  981 2.342606 21.058494 0.288281 0.737171 0.000000 3.773239 0.439453
  982 2.276604 -3.358618 0.295313 0.688087 0.000000 4.307314 0.396484
  983 2.124193 8.256669 0.263281 0.553515 0.000000 4.802677 0.374023
  984 1.726746 37.257603 0.328125 0.636623 0.000000 3.370743 0.469727
  985 1.573710 21.008049 0.372656 1.086060 0.000000 3.388987 0.457031
  986 1.574367 3.117844 0.345313 0.782147 0.000000 3.266817 0.453125
  987 1.369932 9.963087 0.331250 0.564639 0.000000 3.132255 0.486328
  988 1.562050 0.352803 0.290625 0.865896 0.000000 3.694711 0.422852
  989 1.145374 10.311079 0.332813 0.638958 0.000000 3.463329 0.450195
  990 1.227294 22.542541 0.327344 0.890749 0.000000 3.430771 0.432617
  991 1.766981 27.104484 0.351563 0.622243 0.000000 2.895342 0.504883
  992 1.356748 17.028459 0.374219 0.608999 0.000000 2.986353 0.497070
  993 1.395102 25.805286 0.359375 0.678899 0.000000 3.077688 0.486328
  994 1.493576 27.290510 0.385938 0.810285 0.000000 2.808089 0.512695
  995 1.900292 46.427104 0.356250 0.690766 0.000000 3.057571 0.502930
  996 1.337038 24.404216 0.354688 0.924168 0.000000 3.004413 0.455078
  997 1.363474 12.807317 0.366406 0.754284 0.000000 3.245408 0.453125
  998 1.744449 18.303422 0.340625 0.779388 0.000000 3.026334 0.475586
  999 1.737593 14.805494 0.351563 0.847754 0.000000 3.634437 0.443359
 1000 2.036257 -6.143467 0.253125 0.639078 0.000000 4.504506 0.371094
