    0  135.894    0.000  317.000    0.000   56.000    0.000    1.000    0.000 
    1  143.590    0.422  312.000    0.000   57.000    0.000    1.043    0.000 
    2  138.047    0.344  318.000    0.000   56.000    0.000    1.024    0.000 
    3  137.938    0.469  318.000    0.000   56.000    0.000    1.097    0.000 
    4  141.062    0.500  316.000    0.000   57.000    0.000    1.055    0.000 
    5  143.130    0.469  318.000    0.000   57.000    0.000    1.040    0.000 
    6  141.966    0.344  314.000    0.000   57.000    0.000    1.055    0.000 
    7  149.603    0.516  311.000    0.000   59.000    0.000    1.039    0.000 
    8  138.667    0.469  315.000    0.000   58.000    0.000    1.144    0.000 
    9  133.406    0.359  316.000    0.000   56.000    0.000    1.144    0.000 
   10  136.801    0.281  314.000    0.000   56.000    0.000    1.170    0.000 
   11  135.276    0.328  317.000    0.000   56.000    0.000    1.225    0.000 
   12  137.649    0.344  321.000    0.000   56.000    0.000    1.161    0.000 
   13  140.475    0.375  317.000    0.000   57.000    0.000    1.159    0.000 
   14  136.197    0.391  312.000    0.000   56.000    0.000    1.184    0.000 
   15  140.797    0.281  320.000    0.000   56.000    0.000    1.112    0.000 
   16  146.029    0.406  316.000    0.000   58.000    0.000    1.169    0.000 
   17  145.018    0.250  318.000    0.000   58.000    0.000    1.206    0.000 
   18  140.357    0.422  315.000    0.000   57.000    0.000    1.168    0.000 
   19  139.475    0.375  317.000    0.000   57.000    0.000    1.195    0.000 
   20  148.703    0.453  318.000    0.000   59.000    0.000    1.261    0.000 
   21  146.422    0.312  318.000    0.000   58.000    0.000    1.251    0.000 
   22  147.082    0.312  318.000    0.000   59.000    0.000    1.285    0.000 
   23  145.618    0.359  317.000    0.000   57.000    0.000    1.261    0.000 
   24  141.840    0.391  312.000    0.000   57.000    0.000    1.321    0.000 
   25  144.246    0.328  313.000    0.000   57.000    0.000    1.261    0.000 
   26  145.912    0.484  312.000    0.000   57.000    0.000    1.261    0.000 
   27  154.769    0.359  313.000    0.000   58.000    0.000    1.249    0.000 
   28  144.884    0.391  320.000    0.000   57.000    0.000    1.236    0.000 
   29  145.455    0.469  316.000    0.000   57.000    0.000    1.235    0.000 
   30  141.828    0.406  318.000    0.000   56.000    0.000    1.306    0.000 
   31  143.781    0.422  315.000    0.000   56.000    0.000    1.297    0.000 
   32  146.348    0.422  316.000    0.000   57.000    0.000    1.159    0.000 
   33  136.964    0.344  314.000    0.000   55.000    0.000    1.159    0.000 
   34  138.404    0.469  318.000    0.000   55.000    0.000    1.163    0.000 
   35  143.130    0.375  318.000    0.000   57.000    0.000    1.226    0.000 
   36  147.161    0.453  321.000    0.000   57.000    0.000    1.162    0.000 
   37  145.362    0.391  316.000    0.000   58.000    0.000    1.226    0.000 
   38  145.653    0.359  317.000    0.000   57.000    0.000    1.162    0.000 
   39  135.083    0.469  317.000    0.000   54.000    0.000    1.105    0.000 
   40  141.555    0.328  320.000    0.000   54.000    0.000    1.099    0.000 
   41  143.033    0.391  317.000    0.000   55.000    0.000    1.055    0.000 
   42  135.667    0.359  312.000    0.000   54.000    0.000    1.053    0.000 
   43  133.318    0.297  315.000    0.000   54.000    0.000    1.107    0.000 
   44  130.683    0.250  313.000    0.000   53.000    0.000    1.109    0.000 
   45  134.058    0.453  318.000    0.000   54.000    0.000    1.171    0.000 
   46  133.058    0.234  319.000    0.000   54.000    0.000    1.110    0.000 
   47  133.356    0.406  315.000    0.000   54.000    0.000    1.112    0.000 
   48  135.762    0.344  317.000    0.000   54.000    0.000    1.162    0.000 
   49  132.781    0.344  317.000    0.000   54.000    0.000    1.119    0.000 
   50  134.086    0.375  309.000    0.000   54.000    0.000    1.163    0.000 
   51  133.270    0.484  314.000    0.000   53.000    0.000    1.119    0.000 
   52  142.345    0.375  318.000    0.000   57.000    0.000    1.171    0.000 
   53  139.552    0.406  318.000    0.000   55.000    0.000    1.291    0.000 
   54  137.900    0.406  312.000    0.000   55.000    0.000    1.237    0.000 
   55  134.104    0.328  313.000    0.000   55.000    0.000    1.171    0.000 
   56  131.557    0.391  314.000    0.000   55.000    0.000    1.223    0.000 
   57  136.038    0.156  314.000    0.000   56.000    0.000    1.223    0.000 
   58  146.568    0.234  311.000    0.000   59.000    0.000    1.223    0.000 
   59  151.861    0.406  317.000    0.000   60.000    0.000    1.299    0.000 
   60  151.796    0.312  313.000    0.000   60.000    0.000    1.225    0.000 
   61  140.421    0.406  315.000    0.000   58.000    0.000    1.292    0.000 
   62  145.841    0.391  318.000    0.000   59.000    0.000    1.287    0.000 
   63  144.214    0.297  315.000    0.000   57.000    0.000    1.287    0.000 
   64  141.100    0.344  319.000    0.000   57.000    0.000    1.226    0.000 
   65  139.447    0.328  312.000    0.000   57.000    0.000    1.237    0.000 
   66  139.869    0.375  312.000    0.000   56.000    0.000    1.280    0.000 
   67  143.067    0.297  313.000    0.000   55.000    0.000    1.227    0.000 
   68  137.552    0.359  318.000    0.000   55.000    0.000    1.255    0.000 
   69  138.295    0.391  315.000    0.000   55.000    0.000    1.158    0.000 
   70  145.840    0.328  312.000    0.000   57.000    0.000    1.287    0.000 
   71  139.255    0.359  317.000    0.000   55.000    0.000    1.159    0.000 
   72  139.663    0.203  318.000    0.000   55.000    0.000    1.159    0.000 
   73  141.141    0.422  313.000    0.000   55.000    0.000    1.228    0.000 
   74  143.931    0.312  317.000    0.000   56.000    0.000    1.105    0.000 
   75  153.614    0.469  315.000    0.000   58.000    0.000    1.105    0.000 
   76  155.171    0.500  313.000    0.000   59.000    0.000    1.105    0.000 
   77  150.661    0.453  316.000    0.000   58.000    0.000    1.146    0.000 
   78  142.544    0.453  315.000    0.000   56.000    0.000    1.167    0.000 
   79  134.858    0.359  308.000    0.000   53.000    0.000    1.228    0.000 
   80  136.596    0.250  310.000    0.000   53.000    0.000    1.237    0.000 
   81  135.945    0.406  318.000    0.000   54.000    0.000    1.295    0.000 
   82  141.285    0.266  319.000    0.000   54.000    0.000    1.295    0.000 
   83  142.969    0.359  316.000    0.000   56.000    0.000    1.218    0.000 
   84  142.665    0.312  318.000    0.000   56.000    0.000    1.389    0.000 
   85  141.779    0.234  319.000    0.000   57.000    0.000    1.276    0.000 
   86  143.697    0.297  316.000    0.000   56.000    0.000    1.112    0.000 
   87  142.003    0.359  317.000    0.000   56.000    0.000    1.153    0.000 
   88  147.510    0.391  322.000    0.000   56.000    0.000    1.301    0.000 
   89  145.574    0.344  318.000    0.000   56.000    0.000    1.295    0.000 
   90  145.392    0.359  315.000    0.000   57.000    0.000    1.295    0.000 
   91  141.719    0.422  318.000    0.000   56.000    0.000    1.103    0.000 
   92  142.485    0.266  321.000    0.000   56.000    0.000    1.099    0.000 
   93  139.626    0.406  317.000    0.000   55.000    0.000    1.055    0.000 
   94  137.734    0.375  313.000    0.000   55.000    0.000    1.103    0.000 
   95  141.201    0.422  314.000    0.000   56.000    0.000    1.232    0.000 
   96  140.219    0.500  314.000    0.000   56.000    0.000    1.313    0.000 
   97  147.071    0.391  315.000    0.000   57.000    0.000    1.309    0.000 
   98  139.259    0.484  322.000    0.000   55.000    0.000    1.218    0.000 
   99  133.473    0.344  314.000    0.000   54.000    0.000    1.224    0.000 
  100  133.803    0.328  313.000    0.000   54.000    0.000    1.229    0.000 
  101  134.111    0.375  315.000    0.000   54.000    0.000    1.063    0.000 
  102  140.610    0.406  311.000    0.000   55.000    0.000    1.117    0.000 
  103  141.021    0.250  319.000    0.000   54.000    0.000    1.112    0.000 
  104  139.701    0.297  318.000    0.000   55.000    0.000    1.112    0.000 
  105  135.848    0.391  317.000    0.000   55.000    0.000    1.058    0.000 
  106  137.599    0.500  315.000    0.000   56.000    0.000    1.110    0.000 
  107  134.143    0.438  313.000    0.000   54.000    0.000    1.112    0.000 
  108  131.624    0.312  319.000    0.000   54.000    0.000    1.171    0.000 
  109  133.144    0.281  317.000    0.000   55.000    0.000    1.112    0.000 
  110  138.965    0.203  322.000    0.000   56.000    0.000    1.162    0.000 
  111  135.688    0.469  316.000    0.000   55.000    0.000    1.161    0.000 
  112  136.725    0.375  316.000    0.000   55.000    0.000    1.162    0.000 
  113  135.552    0.391  317.000    0.000   55.000    0.000    1.112    0.000 
  114  133.366    0.406  317.000    0.000   55.000    0.000    1.185    0.000 
  115  136.949    0.281  317.000    0.000   56.000    0.000    1.127    0.000 
  116  131.916    0.344  313.000    0.000   54.000    0.000    1.163    0.000 
  117  137.886    0.297  318.000    0.000   55.000    0.000    1.112    0.000 
  118  141.651    0.281  312.000    0.000   56.000    0.000    1.162    0.000 
  119  142.707    0.359  319.000    0.000   57.000    0.000    1.162    0.000 
  120  143.717    0.359  322.000    0.000   57.000    0.000    1.163    0.000 
  121  137.764    0.359  319.000    0.000   55.000    0.000    1.173    0.000 
  122  137.451    0.312  321.000    0.000   55.000    0.000    1.170    0.000 
  123  137.099    0.344  319.000    0.000   56.000    0.000    1.224    0.000 
  124  143.024    0.391  324.000    0.000   56.000    0.000    1.237    0.000 
  125  138.132    0.344  316.000    0.000   55.000    0.000    1.237    0.000 
  126  136.775    0.250  318.000    0.000   55.000    0.000    1.236    0.000 
  127  142.883    0.344  318.000    0.000   56.000    0.000    1.184    0.000 
  128  142.872    0.359  315.000    0.000   56.000    0.000    1.227    0.000 
  129  147.849    0.328  320.000    0.000   57.000    0.000    1.227    0.000 
  130  140.738    0.406  318.000    0.000   57.000    0.000    1.184    0.000 
  131  131.577    0.328  313.000    0.000   54.000    0.000    1.163    0.000 
  132  135.823    0.359  308.000    0.000   55.000    0.000    1.261    0.000 
  133  136.540    0.297  313.000    0.000   56.000    0.000    1.122    0.000 
  134  133.344    0.375  315.000    0.000   56.000    0.000    1.227    0.000 
  135  133.660    0.359  316.000    0.000   56.000    0.000    1.235    0.000 
  136  138.697    0.391  313.000    0.000   55.000    0.000    1.307    0.000 
  137  146.119    0.422  318.000    0.000   56.000    0.000    1.283    0.000 
  138  140.626    0.484  319.000    0.000   56.000    0.000    1.362    0.000 
  139  142.038    0.516  314.000    0.000   56.000    0.000    1.386    0.000 
  140  143.823    0.375  314.000    0.000   57.000    0.000    1.322    0.000 
  141  139.085    0.453  313.000    0.000   56.000    0.000    1.299    0.000 
  142  142.342    0.359  312.000    0.000   56.000    0.000    1.299    0.000 
  143  138.739    0.328  315.000    0.000   55.000    0.000    1.279    0.000 
  144  146.884    0.391  316.000    0.000   57.000    0.000    1.354    0.000 
  145  132.058    0.375  316.000    0.000   55.000    0.000    1.285    0.000 
  146  136.095    0.312  316.000    0.000   55.000    0.000    1.226    0.000 
  147  139.180    0.375  314.000    0.000   57.000    0.000    1.226    0.000 
  148  133.001    0.312  314.000    0.000   55.000    0.000    1.227    0.000 
  149  134.108    0.328  315.000    0.000   56.000    0.000    1.226    0.000 
  150  132.318    0.266  316.000    0.000   55.000    0.000    1.227    0.000 
  151  141.197    0.406  320.000    0.000   56.000    0.000    1.052    0.000 
  152  148.772    0.297  315.000    0.000   58.000    0.000    1.052    0.000 
  153  148.001    0.328  318.000    0.000   58.000    0.000    1.236    0.000 
  154  146.773    0.375  318.000    0.000   57.000    0.000    1.162    0.000 
  155  134.169    0.344  316.000    0.000   55.000    0.000    1.171    0.000 
  156  137.422    0.391  317.000    0.000   56.000    0.000    1.063    0.000 
  157  134.515    0.297  318.000    0.000   55.000    0.000    1.170    0.000 
  158  135.990    0.422  311.000    0.000   56.000    0.000    1.171    0.000 
  159  139.103    0.344  313.000    0.000   57.000    0.000    1.171    0.000 
  160  134.133    0.234  316.000    0.000   56.000    0.000    1.251    0.000 
  161  135.283    0.391  319.000    0.000   55.000    0.000    1.167    0.000 
  162  131.115    0.328  318.000    0.000   54.000    0.000    1.125    0.000 
  163  138.108    0.375  318.000    0.000   55.000    0.000    1.184    0.000 
  164  138.001    0.344  314.000    0.000   55.000    0.000    1.119    0.000 
  165  134.724    0.375  312.000    0.000   54.000    0.000    1.109    0.000 
  166  142.549    0.391  313.000    0.000   55.000    0.000    1.110    0.000 
  167  146.169    0.266  316.000    0.000   56.000    0.000    1.111    0.000 
  168  150.878    0.438  318.000    0.000   58.000    0.000    1.170    0.000 
  169  144.258    0.391  317.000    0.000   56.000    0.000    1.162    0.000 
  170  147.787    0.266  314.000    0.000   57.000    0.000    1.159    0.000 
  171  145.090    0.328  315.000    0.000   56.000    0.000    1.101    0.000 
  172  134.249    0.406  319.000    0.000   53.000    0.000    1.112    0.000 
  173  137.037    0.141  316.000    0.000   54.000    0.000    1.170    0.000 
  174  139.388    0.266  313.000    0.000   54.000    0.000    1.057    0.000 
  175  147.378    0.375  307.000    0.000   55.000    0.000    1.156    0.000 
  176  144.461    0.266  306.000    0.000   54.000    0.000    1.156    0.000 
  177  138.719    0.391  319.000    0.000   54.000    0.000    1.112    0.000 
  178  143.915    0.391  316.000    0.000   56.000    0.000    1.112    0.000 
  179  142.512    0.266  313.000    0.000   55.000    0.000    1.098    0.000 
  180  140.660    0.406  313.000    0.000   55.000    0.000    1.152    0.000 
  181  141.367    0.406  311.000    0.000   54.000    0.000    1.206    0.000 
  182  143.817    0.500  313.000    0.000   57.000    0.000    1.273    0.000 
  183  150.680    0.312  319.000    0.000   58.000    0.000    1.275    0.000 
  184  145.669    0.266  316.000    0.000   57.000    0.000    1.222    0.000 
  185  146.233    0.391  321.000    0.000   57.000    0.000    1.224    0.000 
  186  144.575    0.344  319.000    0.000   58.000    0.000    1.103    0.000 
  187  137.789    0.391  312.000    0.000   55.000    0.000    1.049    0.000 
  188  140.107    0.297  317.000    0.000   55.000    0.000    1.159    0.000 
  189  140.463    0.312  311.000    0.000   56.000    0.000    1.104    0.000 
  190  140.838    0.375  319.000    0.000   55.000    0.000    1.136    0.000 
  191  143.348    0.453  316.000    0.000   57.000    0.000    1.115    0.000 
  192  134.752    0.453  315.000    0.000   54.000    0.000    1.117    0.000 
  193  137.762    0.359  316.000    0.000   55.000    0.000    1.107    0.000 
  194  137.441    0.281  318.000    0.000   55.000    0.000    1.110    0.000 
  195  140.256    0.312  318.000    0.000   55.000    0.000    1.101    0.000 
  196  142.438    0.406  314.000    0.000   56.000    0.000    1.134    0.000 
  197  145.451    0.375  320.000    0.000   56.000    0.000    1.101    0.000 
  198  140.367    0.344  318.000    0.000   55.000    0.000    1.101    0.000 
  199  133.770    0.375  314.000    0.000   53.000    0.000    1.159    0.000 
  200  135.096    0.406  312.000    0.000   52.000    0.000    1.098    0.000 
  201  143.819    0.281  314.000    0.000   56.000    0.000    1.103    0.000 
  202  147.454    0.484  315.000    0.000   56.000    0.000    1.049    0.000 
  203  147.319    0.359  318.000    0.000   56.000    0.000    1.151    0.000 
  204  141.037    0.312  316.000    0.000   54.000    0.000    1.235    0.000 
  205  134.644    0.359  313.000    0.000   53.000    0.000    1.301    0.000 
  206  138.169    0.328  316.000    0.000   54.000    0.000    1.233    0.000 
  207  144.367    0.391  317.000    0.000   56.000    0.000    1.233    0.000 
  208  141.964    0.453  314.000    0.000   55.000    0.000    1.228    0.000 
  209  148.205    0.344  316.000    0.000   57.000    0.000    1.287    0.000 
  210  145.465    0.406  318.000    0.000   56.000    0.000    1.287    0.000 
  211  143.454    0.391  315.000    0.000   56.000    0.000    1.290    0.000 
  212  146.501    0.422  314.000    0.000   57.000    0.000    1.218    0.000 
  213  140.823    0.344  314.000    0.000   57.000    0.000    1.104    0.000 
  214  139.601    0.469  314.000    0.000   56.000    0.000    1.104    0.000 
  215  144.590    0.438  312.000    0.000   57.000    0.000    1.104    0.000 
  216  144.653    0.359  317.000    0.000   57.000    0.000    1.050    0.000 
  217  145.499    0.406  319.000    0.000   56.000    0.000    1.099    0.000 
  218  145.415    0.453  320.000    0.000   56.000    0.000    1.101    0.000 
  219  145.884    0.375  320.000    0.000   57.000    0.000    1.055    0.000 
  220  145.180    0.344  314.000    0.000   57.000    0.000    1.117    0.000 
  221  138.606    0.438  316.000    0.000   56.000    0.000    1.233    0.000 
  222  135.145    0.375  318.000    0.000   55.000    0.000    1.178    0.000 
  223  132.869    0.266  309.000    0.000   53.000    0.000    1.103    0.000 
  224  136.191    0.281  311.000    0.000   53.000    0.000    1.157    0.000 
  225  129.227    0.438  313.000    0.000   51.000    0.000    1.220    0.000 
  226  131.541    0.312  317.000    0.000   52.000    0.000    1.156    0.000 
  227  134.633    0.281  319.000    0.000   53.000    0.000    1.162    0.000 
  228  136.199    0.234  318.000    0.000   53.000    0.000    1.226    0.000 
  229  140.997    0.406  318.000    0.000   55.000    0.000    1.099    0.000 
  230  134.094    0.438  316.000    0.000   54.000    0.000    1.103    0.000 
  231  139.996    0.422  317.000    0.000   55.000    0.000    1.222    0.000 
  232  140.431    0.406  319.000    0.000   55.000    0.000    1.158    0.000 
  233  140.669    0.391  320.000    0.000   55.000    0.000    1.295    0.000 
  234  139.369    0.406  316.000    0.000   56.000    0.000    1.048    0.000 
  235  136.508    0.359  315.000    0.000   56.000    0.000    1.158    0.000 
  236  128.781    0.312  317.000    0.000   54.000    0.000    1.097    0.000 
  237  133.318    0.234  316.000    0.000   55.000    0.000    1.062    0.000 
  238  139.796    0.328  317.000    0.000   57.000    0.000    1.060    0.000 
  239  140.595    0.453  318.000    0.000   57.000    0.000    1.047    0.000 
  240  141.250    0.328  315.000    0.000   57.000    0.000    1.119    0.000 
  241  145.702    0.359  318.000    0.000   57.000    0.000    1.171    0.000 
  242  140.760    0.406  320.000    0.000   56.000    0.000    1.180    0.000 
  243  143.599    0.266  315.000    0.000   56.000    0.000    1.249    0.000 
  244  142.749    0.406  311.000    0.000   57.000    0.000    1.119    0.000 
  245  138.356    0.438  311.000    0.000   57.000    0.000    1.122    0.000 
  246  138.348    0.406  313.000    0.000   58.000    0.000    1.073    0.000 
  247  134.669    0.359  316.000    0.000   57.000    0.000    1.118    0.000 
  248  135.777    0.344  316.000    0.000   57.000    0.000    1.150    0.000 
  249  144.036    0.375  314.000    0.000   59.000    0.000    1.156    0.000 
  250  151.117    0.438  318.000    0.000   59.000    0.000    1.202    0.000 
  251  143.353    0.359  319.000    0.000   56.000    0.000    1.170    0.000 
  252  147.169    0.391  316.000    0.000   59.000    0.000    1.154    0.000 
  253  145.519    0.469  312.000    0.000   57.000    0.000    1.117    0.000 
  254  147.509    0.453  309.000    0.000   57.000    0.000    1.119    0.000 
  255  159.449    0.453  318.000    0.000   60.000    0.000    1.110    0.000 
  256  147.703    0.406  318.000    0.000   59.000    0.000    1.170    0.000 
  257  140.384    0.406  320.000    0.000   57.000    0.000    1.079    0.000 
  258  141.832    0.297  317.000    0.000   57.000    0.000    1.180    0.000 
  259  141.522    0.344  313.000    0.000   56.000    0.000    1.109    0.000 
  260  146.130    0.422  318.000    0.000   57.000    0.000    1.119    0.000 
  261  142.892    0.500  322.000    0.000   56.000    0.000    1.028    0.000 
  262  136.557    0.438  314.000    0.000   55.000    0.000    1.227    0.000 
  263  138.840    0.453  317.000    0.000   56.000    0.000    1.248    0.000 
  264  135.674    0.359  314.000    0.000   56.000    0.000    1.257    0.000 
  265  138.103    0.391  313.000    0.000   57.000    0.000    1.193    0.000 
  266  141.884    0.422  316.000    0.000   57.000    0.000    1.351    0.000 
  267  138.724    0.344  320.000    0.000   56.000    0.000    1.162    0.000 
  268  140.172    0.359  319.000    0.000   57.000    0.000    1.351    0.000 
  269  152.810    0.406  317.000    0.000   60.000    0.000    1.280    0.000 
  270  143.142    0.469  315.000    0.000   57.000    0.000    1.280    0.000 
  271  139.641    0.391  312.000    0.000   55.000    0.000    1.161    0.000 
  272  140.785    0.266  315.000    0.000   57.000    0.000    1.227    0.000 
  273  141.746    0.406  313.000    0.000   57.000    0.000    1.224    0.000 
  274  139.529    0.266  314.000    0.000   56.000    0.000    1.217    0.000 
  275  136.222    0.453  317.000    0.000   56.000    0.000    1.169    0.000 
  276  144.550    0.344  321.000    0.000   58.000    0.000    1.224    0.000 
  277  138.238    0.359  318.000    0.000   57.000    0.000    1.247    0.000 
  278  145.886    0.328  317.000    0.000   59.000    0.000    1.183    0.000 
  279  143.965    0.438  315.000    0.000   58.000    0.000    1.267    0.000 
  280  138.857    0.344  315.000    0.000   57.000    0.000    1.236    0.000 
  281  137.906    0.328  312.000    0.000   56.000    0.000    1.184    0.000 
  282  138.892    0.391  311.000    0.000   57.000    0.000    1.216    0.000 
  283  140.269    0.297  312.000    0.000   56.000    0.000    1.216    0.000 
  284  149.075    0.406  312.000    0.000   58.000    0.000    1.227    0.000 
  285  141.663    0.312  318.000    0.000   55.000    0.000    1.103    0.000 
  286  140.858    0.328  321.000    0.000   55.000    0.000    1.169    0.000 
  287  140.801    0.312  319.000    0.000   55.000    0.000    1.169    0.000 
  288  142.155    0.375  321.000    0.000   55.000    0.000    1.196    0.000 
  289  140.776    0.438  315.000    0.000   55.000    0.000    1.196    0.000 
  290  140.688    0.391  316.000    0.000   55.000    0.000    1.214    0.000 
  291  132.310    0.312  312.000    0.000   53.000    0.000    1.162    0.000 
  292  137.209    0.359  319.000    0.000   54.000    0.000    1.173    0.000 
  293  144.261    0.297  320.000    0.000   55.000    0.000    1.236    0.000 
  294  144.153    0.391  319.000    0.000   56.000    0.000    1.235    0.000 
  295  138.404    0.297  318.000    0.000   55.000    0.000    1.299    0.000 
  296  154.566    0.312  324.000    0.000   59.000    0.000    1.227    0.000 
  297  151.305    0.328  321.000    0.000   59.000    0.000    1.105    0.000 
  298  144.381    0.359  314.000    0.000   59.000    0.000    1.297    0.000 
  299  145.811    0.438  322.000    0.000   58.000    0.000    1.386    0.000 
  300  137.494    0.422  317.000    0.000   56.000    0.000    1.281    0.000 
  301  149.507    0.344  317.000    0.000   59.000    0.000    1.364    0.000 
  302  141.067    0.344  313.000    0.000   57.000    0.000    1.355    0.000 
  303  144.186    0.297  310.000    0.000   57.000    0.000    1.387    0.000 
  304  139.760    0.219  312.000    0.000   56.000    0.000    1.399    0.000 
  305  143.854    0.375  316.000    0.000   58.000    0.000    1.387    0.000 
  306  143.886    0.422  317.000    0.000   59.000    0.000    1.356    0.000 
  307  143.817    0.344  317.000    0.000   59.000    0.000    1.362    0.000 
  308  138.892    0.344  315.000    0.000   57.000    0.000    1.420    0.000 
  309  145.430    0.328  320.000    0.000   59.000    0.000    1.364    0.000 
  310  147.474    0.312  318.000    0.000   58.000    0.000    1.420    0.000 
  311  144.785    0.391  323.000    0.000   58.000    0.000    1.342    0.000 
  312  141.706    0.266  320.000    0.000   58.000    0.000    1.342    0.000 
  313  137.494    0.266  317.000    0.000   56.000    0.000    1.287    0.000 
  314  142.225    0.250  317.000    0.000   57.000    0.000    1.362    0.000 
  315  142.246    0.344  313.000    0.000   57.000    0.000    1.341    0.000 
  316  146.363    0.344  315.000    0.000   56.000    0.000    1.306    0.000 
  317  146.282    0.391  314.000    0.000   58.000    0.000    1.268    0.000 
  318  148.213    0.453  311.000    0.000   57.000    0.000    1.358    0.000 
  319  143.894    0.375  317.000    0.000   56.000    0.000    1.283    0.000 
  320  134.038    0.453  314.000    0.000   56.000    0.000    1.300    0.000 
  321  133.858    0.328  317.000    0.000   56.000    0.000    1.200    0.000 
  322  133.319    0.266  318.000    0.000   56.000    0.000    1.362    0.000 
  323  137.424    0.234  313.000    0.000   57.000    0.000    1.362    0.000 
  324  140.001    0.359  314.000    0.000   58.000    0.000    1.245    0.000 
  325  145.825    0.391  315.000    0.000   58.000    0.000    1.332    0.000 
  326  152.292    0.297  320.000    0.000   59.000    0.000    1.321    0.000 
  327  149.179    0.281  322.000    0.000   58.000    0.000    1.332    0.000 
  328  149.685    0.328  321.000    0.000   59.000    0.000    1.303    0.000 
  329  144.450    0.391  316.000    0.000   58.000    0.000    1.303    0.000 
  330  137.122    0.391  313.000    0.000   56.000    0.000    1.290    0.000 
  331  136.358    0.344  313.000    0.000   56.000    0.000    1.219    0.000 
  332  140.394    0.359  314.000    0.000   57.000    0.000    1.364    0.000 
  333  141.172    0.328  319.000    0.000   57.000    0.000    1.396    0.000 
  334  141.678    0.203  316.000    0.000   58.000    0.000    1.363    0.000 
  335  145.055    0.281  312.000    0.000   57.000    0.000    1.363    0.000 
  336  142.527    0.406  316.000    0.000   57.000    0.000    1.377    0.000 
  337  134.331    0.297  317.000    0.000   56.000    0.000    1.361    0.000 
  338  141.563    0.297  320.000    0.000   57.000    0.000    1.361    0.000 
  339  132.144    0.266  317.000    0.000   55.000    0.000    1.289    0.000 
  340  133.454    0.375  315.000    0.000   56.000    0.000    1.306    0.000 
  341  132.937    0.359  312.000    0.000   55.000    0.000    1.303    0.000 
  342  131.223    0.375  314.000    0.000   55.000    0.000    1.383    0.000 
  343  136.088    0.344  312.000    0.000   56.000    0.000    1.249    0.000 
  344  139.912    0.375  312.000    0.000   57.000    0.000    1.303    0.000 
  345  137.840    0.406  312.000    0.000   57.000    0.000    1.308    0.000 
  346  137.314    0.391  319.000    0.000   57.000    0.000    1.267    0.000 
  347  136.738    0.297  318.000    0.000   57.000    0.000    1.216    0.000 
  348  133.058    0.344  316.000    0.000   55.000    0.000    1.321    0.000 
  349  134.290    0.266  315.000    0.000   56.000    0.000    1.321    0.000 
  350  138.883    0.234  318.000    0.000   56.000    0.000    1.361    0.000 
  351  144.663    0.375  324.000    0.000   57.000    0.000    1.420    0.000 
  352  142.472    0.391  315.000    0.000   56.000    0.000    1.432    0.000 
  353  136.562    0.312  321.000    0.000   55.000    0.000    1.377    0.000 
  354  134.122    0.250  311.000    0.000   54.000    0.000    1.303    0.000 
  355  134.660    0.375  313.000    0.000   55.000    0.000    1.341    0.000 
  356  133.271    0.469  317.000    0.000   54.000    0.000    1.249    0.000 
  357  141.174    0.328  318.000    0.000   56.000    0.000    1.237    0.000 
  358  136.891    0.219  320.000    0.000   55.000    0.000    1.247    0.000 
  359  140.293    0.281  318.000    0.000   55.000    0.000    1.232    0.000 
  360  139.293    0.359  309.000    0.000   54.000    0.000    1.283    0.000 
  361  141.288    0.453  312.000    0.000   56.000    0.000    1.297    0.000 
  362  136.187    0.344  320.000    0.000   55.000    0.000    1.226    0.000 
  363  139.297    0.406  316.000    0.000   56.000    0.000    1.226    0.000 
  364  141.884    0.344  316.000    0.000   57.000    0.000    1.283    0.000 
  365  139.151    0.344  316.000    0.000   56.000    0.000    1.226    0.000 
  366  141.651    0.312  312.000    0.000   56.000    0.000    1.057    0.000 
  367  145.435    0.297  323.000    0.000   56.000    0.000    1.279    0.000 
  368  146.911    0.344  321.000    0.000   57.000    0.000    1.283    0.000 
  369  137.366    0.344  317.000    0.000   55.000    0.000    1.227    0.000 
  370  140.215    0.375  313.000    0.000   55.000    0.000    1.227    0.000 
  371  150.059    0.328  318.000    0.000   57.000    0.000    1.279    0.000 
  372  147.619    0.312  322.000    0.000   56.000    0.000    1.279    0.000 
  373  143.634    0.406  316.000    0.000   57.000    0.000    1.170    0.000 
  374  134.585    0.312  316.000    0.000   54.000    0.000    1.170    0.000 
  375  133.922    0.391  315.000    0.000   54.000    0.000    1.211    0.000 
  376  140.578    0.359  320.000    0.000   56.000    0.000    1.162    0.000 
  377  137.186    0.406  314.000    0.000   55.000    0.000    1.163    0.000 
  378  134.663    0.375  318.000    0.000   55.000    0.000    1.171    0.000 
  379  137.071    0.344  318.000    0.000   55.000    0.000    1.159    0.000 
  380  139.854    0.312  320.000    0.000   55.000    0.000    1.212    0.000 
  381  136.949    0.391  317.000    0.000   56.000    0.000    1.211    0.000 
  382  137.124    0.234  320.000    0.000   56.000    0.000    1.211    0.000 
  383  137.849    0.359  313.000    0.000   56.000    0.000    1.299    0.000 
  384  132.848    0.469  317.000    0.000   55.000    0.000    1.283    0.000 
  385  135.894    0.406  317.000    0.000   56.000    0.000    1.283    0.000 
  386  134.197    0.328  312.000    0.000   56.000    0.000    1.358    0.000 
  387  133.522    0.359  313.000    0.000   56.000    0.000    1.358    0.000 
  388  138.775    0.219  309.000    0.000   55.000    0.000    1.295    0.000 
  389  140.604    0.312  309.000    0.000   56.000    0.000    1.378    0.000 
  390  137.959    0.344  317.000    0.000   55.000    0.000    1.448    0.000 
  391  144.440    0.406  317.000    0.000   56.000    0.000    1.554    0.000 
  392  135.951    0.359  316.000    0.000   56.000    0.000    1.446    0.000 
  393  139.963    0.328  311.000    0.000   57.000    0.000    1.386    0.000 
  394  151.519    0.359  314.000    0.000   59.000    0.000    1.321    0.000 
  395  138.438    0.375  314.000    0.000   56.000    0.000    1.401    0.000 
  396  148.528    0.375  314.000    0.000   58.000    0.000    1.374    0.000 
  397  143.842    0.391  317.000    0.000   58.000    0.000    1.374    0.000 
  398  144.996    0.281  319.000    0.000   58.000    0.000    1.297    0.000 
  399  147.093    0.281  317.000    0.000   59.000    0.000    1.238    0.000 
  400  144.352    0.391  318.000    0.000   58.000    0.000    1.238    0.000 
  401  143.401    0.266  313.000    0.000   58.000    0.000    1.070    0.000 
  402  143.643    0.422  316.000    0.000   58.000    0.000    1.171    0.000 
  403  150.119    0.500  320.000    0.000   59.000    0.000    1.171    0.000 
  404  148.518    0.422  315.000    0.000   59.000    0.000    1.161    0.000 
  405  144.281    0.375  315.000    0.000   58.000    0.000    1.183    0.000 
  406  143.474    0.344  315.000    0.000   58.000    0.000    1.239    0.000 
  407  138.219    0.391  314.000    0.000   56.000    0.000    1.232    0.000 
  408  132.705    0.359  317.000    0.000   54.000    0.000    1.223    0.000 
  409  140.965    0.422  320.000    0.000   55.000    0.000    1.171    0.000 
  410  140.872    0.234  315.000    0.000   56.000    0.000    1.109    0.000 
  411  142.472    0.406  315.000    0.000   56.000    0.000    1.110    0.000 
  412  145.769    0.328  312.000    0.000   57.000    0.000    1.103    0.000 
  413  140.937    0.344  312.000    0.000   55.000    0.000    1.226    0.000 
  414  150.296    0.328  317.000    0.000   57.000    0.000    1.211    0.000 
  415  150.205    0.328  316.000    0.000   57.000    0.000    1.046    0.000 
  416  152.871    0.469  316.000    0.000   58.000    0.000    1.315    0.000 
  417  156.001    0.406  314.000    0.000   59.000    0.000    1.266    0.000 
  418  147.856    0.578  311.000    0.000   57.000    0.000    1.250    0.000 
  419  144.749    0.312  311.000    0.000   57.000    0.000    1.255    0.000 
  420  145.468    0.391  316.000    0.000   58.000    0.000    1.315    0.000 
  421  148.569    0.453  311.000    0.000   58.000    0.000    1.315    0.000 
  422  148.684    0.469  317.000    0.000   58.000    0.000    1.295    0.000 
  423  150.984    0.422  314.000    0.000   58.000    0.000    1.226    0.000 
  424  144.786    0.359  319.000    0.000   58.000    0.000    1.290    0.000 
  425  148.775    0.297  320.000    0.000   59.000    0.000    1.290    0.000 
  426  152.585    0.391  319.000    0.000   59.000    0.000    1.287    0.000 
  427  150.074    0.422  322.000    0.000   59.000    0.000    1.287    0.000 
  428  146.738    0.375  318.000    0.000   58.000    0.000    1.383    0.000 
  429  142.261    0.328  317.000    0.000   57.000    0.000    1.295    0.000 
  430  148.825    0.422  316.000    0.000   59.000    0.000    1.228    0.000 
  431  143.259    0.453  309.000    0.000   57.000    0.000    1.303    0.000 
  432  142.653    0.312  317.000    0.000   57.000    0.000    1.151    0.000 
  433  146.250    0.469  315.000    0.000   57.000    0.000    1.156    0.000 
  434  147.321    0.406  315.000    0.000   57.000    0.000    1.370    0.000 
  435  145.313    0.312  317.000    0.000   56.000    0.000    1.278    0.000 
  436  148.564    0.469  319.000    0.000   57.000    0.000    1.220    0.000 
  437  146.634    0.516  316.000    0.000   57.000    0.000    1.297    0.000 
  438  144.658    0.422  317.000    0.000   56.000    0.000    1.220    0.000 
  439  144.533    0.422  316.000    0.000   56.000    0.000    1.226    0.000 
  440  144.008    0.422  319.000    0.000   56.000    0.000    1.280    0.000 
  441  145.305    0.422  312.000    0.000   57.000    0.000    1.368    0.000 
  442  145.529    0.359  319.000    0.000   57.000    0.000    1.281    0.000 
  443  143.285    0.344  321.000    0.000   56.000    0.000    1.340    0.000 
  444  149.344    0.406  319.000    0.000   59.000    0.000    1.303    0.000 
  445  146.866    0.438  321.000    0.000   58.000    0.000    1.255    0.000 
  446  149.947    0.281  325.000    0.000   57.000    0.000    1.250    0.000 
  447  139.640    0.281  317.000    0.000   56.000    0.000    1.233    0.000 
  448  137.992    0.422  310.000    0.000   56.000    0.000    1.175    0.000 
  449  133.816    0.344  314.000    0.000   55.000    0.000    1.196    0.000 
  450  138.024    0.406  316.000    0.000   56.000    0.000    1.170    0.000 
  451  138.642    0.375  316.000    0.000   56.000    0.000    1.067    0.000 
  452  144.287    0.375  314.000    0.000   57.000    0.000    1.159    0.000 
  453  143.205    0.406  316.000    0.000   57.000    0.000    1.067    0.000 
  454  143.000    0.359  315.000    0.000   57.000    0.000    1.246    0.000 
  455  136.475    0.375  313.000    0.000   55.000    0.000    1.103    0.000 
  456  134.403    0.312  317.000    0.000   55.000    0.000    1.152    0.000 
  457  142.767    0.344  317.000    0.000   56.000    0.000    1.159    0.000 
  458  145.758    0.406  321.000    0.000   56.000    0.000    1.099    0.000 
  459  130.106    0.281  313.000    0.000   53.000    0.000    1.048    0.000 
  460  137.394    0.406  315.000    0.000   54.000    0.000    1.110    0.000 
  461  135.886    0.328  314.000    0.000   53.000    0.000    1.104    0.000 
  462  134.554    0.469  316.000    0.000   53.000    0.000    1.055    0.000 
  463  141.478    0.500  318.000    0.000   55.000    0.000    1.220    0.000 
  464  135.064    0.375  320.000    0.000   54.000    0.000    1.105    0.000 
  465  137.959    0.484  307.000    0.000   54.000    0.000    1.111    0.000 
  466  137.085    0.406  313.000    0.000   56.000    0.000    1.171    0.000 
  467  141.563    0.250  307.000    0.000   55.000    0.000    1.111    0.000 
  468  135.204    0.344  307.000    0.000   54.000    0.000    1.171    0.000 
  469  132.956    0.406  313.000    0.000   55.000    0.000    1.121    0.000 
  470  136.751    0.266  314.000    0.000   57.000    0.000    1.238    0.000 
  471  126.869    0.328  309.000    0.000   53.000    0.000    1.238    0.000 
  472  129.133    0.234  314.000    0.000   54.000    0.000    1.297    0.000 
  473  133.444    0.375  308.000    0.000   54.000    0.000    1.238    0.000 
  474  131.798    0.391  313.000    0.000   53.000    0.000    1.251    0.000 
  475  132.535    0.281  315.000    0.000   53.000    0.000    1.297    0.000 
  476  130.144    0.438  313.000    0.000   53.000    0.000    1.215    0.000 
  477  138.626    0.281  317.000    0.000   55.000    0.000    1.281    0.000 
  478  138.357    0.344  319.000    0.000   55.000    0.000    1.283    0.000 
  479  135.841    0.344  313.000    0.000   54.000    0.000    1.226    0.000 
  480  133.167    0.297  320.000    0.000   53.000    0.000    1.281    0.000 
  481  133.694    0.375  314.000    0.000   53.000    0.000    1.281    0.000 
  482  130.425    0.312  312.000    0.000   53.000    0.000    1.224    0.000 
  483  132.683    0.453  313.000    0.000   53.000    0.000    1.224    0.000 
  484  140.552    0.281  317.000    0.000   55.000    0.000    1.214    0.000 
  485  134.941    0.406  315.000    0.000   54.000    0.000    1.237    0.000 
  486  131.228    0.219  315.000    0.000   53.000    0.000    1.264    0.000 
  487  131.541    0.328  312.000    0.000   53.000    0.000    1.281    0.000 
  488  135.530    0.344  318.000    0.000   54.000    0.000    1.289    0.000 
  489  134.579    0.375  312.000    0.000   53.000    0.000    1.215    0.000 
  490  133.881    0.266  315.000    0.000   53.000    0.000    1.214    0.000 
  491  131.139    0.297  314.000    0.000   52.000    0.000    1.173    0.000 
  492  138.057    0.375  310.000    0.000   53.000    0.000    1.125    0.000 
  493  135.961    0.328  311.000    0.000   53.000    0.000    1.174    0.000 
  494  129.266    0.219  317.000    0.000   52.000    0.000    1.214    0.000 
  495  129.008    0.250  313.000    0.000   52.000    0.000    1.237    0.000 
  496  134.579    0.359  312.000    0.000   53.000    0.000    1.116    0.000 
  497  138.040    0.391  319.000    0.000   54.000    0.000    1.214    0.000 
  498  137.959    0.406  317.000    0.000   55.000    0.000    1.214    0.000 
  499  137.013    0.328  320.000    0.000   53.000    0.000    1.214    0.000 
  500  136.248    0.312  316.000    0.000   52.000    0.000    1.214    0.000 
  501  133.864    0.297  319.000    0.000   53.000    0.000    1.099    0.000 
  502  137.792    0.328  316.000    0.000   54.000    0.000    1.112    0.000 
  503  135.208    0.219  316.000    0.000   53.000    0.000    1.154    0.000 
  504  136.153    0.297  311.000    0.000   53.000    0.000    1.162    0.000 
  505  138.520    0.250  313.000    0.000   54.000    0.000    1.105    0.000 
  506  137.490    0.328  316.000    0.000   54.000    0.000    1.185    0.000 
  507  135.997    0.359  315.000    0.000   53.000    0.000    1.273    0.000 
  508  135.501    0.266  314.000    0.000   53.000    0.000    1.151    0.000 
  509  136.752    0.328  315.000    0.000   54.000    0.000    1.208    0.000 
  510  143.849    0.312  313.000    0.000   56.000    0.000    1.273    0.000 
  511  140.293    0.422  318.000    0.000   55.000    0.000    1.273    0.000 
  512  143.428    0.406  318.000    0.000   56.000    0.000    1.208    0.000 
  513  136.878    0.484  309.000    0.000   54.000    0.000    1.295    0.000 
  514  137.981    0.312  311.000    0.000   55.000    0.000    1.222    0.000 
  515  143.643    0.266  310.000    0.000   55.000    0.000    1.280    0.000 
  516  139.290    0.375  312.000    0.000   54.000    0.000    1.222    0.000 
  517  138.630    0.266  317.000    0.000   54.000    0.000    1.278    0.000 
  518  131.491    0.359  314.000    0.000   52.000    0.000    1.226    0.000 
  519  134.760    0.391  313.000    0.000   53.000    0.000    1.300    0.000 
  520  149.085    0.406  313.000    0.000   58.000    0.000    1.353    0.000 
  521  146.858    0.453  314.000    0.000   57.000    0.000    1.308    0.000 
  522  140.628    0.422  315.000    0.000   55.000    0.000    1.280    0.000 
  523  146.351    0.359  316.000    0.000   56.000    0.000    1.280    0.000 
  524  141.529    0.406  312.000    0.000   55.000    0.000    1.280    0.000 
  525  138.454    0.438  314.000    0.000   54.000    0.000    1.300    0.000 
  526  147.860    0.406  318.000    0.000   58.000    0.000    1.293    0.000 
  527  146.062    0.500  316.000    0.000   57.000    0.000    1.291    0.000 
  528  150.610    0.297  319.000    0.000   58.000    0.000    1.334    0.000 
  529  151.228    0.469  315.000    0.000   58.000    0.000    1.222    0.000 
  530  148.563    0.422  314.000    0.000   58.000    0.000    1.334    0.000 
  531  140.290    0.484  315.000    0.000   56.000    0.000    1.343    0.000 
  532  144.821    0.438  315.000    0.000   57.000    0.000    1.247    0.000 
  533  140.245    0.406  311.000    0.000   56.000    0.000    1.215    0.000 
  534  139.680    0.422  310.000    0.000   55.000    0.000    1.119    0.000 
  535  133.548    0.250  314.000    0.000   54.000    0.000    1.132    0.000 
  536  135.159    0.344  312.000    0.000   55.000    0.000    1.204    0.000 
  537  137.922    0.422  313.000    0.000   56.000    0.000    1.202    0.000 
  538  141.684    0.344  315.000    0.000   58.000    0.000    1.229    0.000 
  539  143.506    0.344  313.000    0.000   58.000    0.000    1.170    0.000 
  540  148.408    0.469  315.000    0.000   60.000    0.000    1.114    0.000 
  541  146.302    0.453  320.000    0.000   58.000    0.000    1.086    0.000 
  542  144.860    0.406  322.000    0.000   57.000    0.000    1.118    0.000 
  543  137.111    0.344  322.000    0.000   55.000    0.000    1.170    0.000 
  544  134.747    0.328  321.000    0.000   55.000    0.000    1.180    0.000 
  545  133.826    0.266  312.000    0.000   55.000    0.000    1.145    0.000 
  546  147.860    0.391  315.000    0.000   58.000    0.000    1.261    0.000 
  547  138.906    0.406  311.000    0.000   55.000    0.000    1.149    0.000 
  548  146.062    0.484  316.000    0.000   57.000    0.000    1.247    0.000 
  549  138.329    0.344  314.000    0.000   56.000    0.000    1.247    0.000 
  550  137.635    0.391  315.000    0.000   56.000    0.000    1.247    0.000 
  551  142.193    0.438  317.000    0.000   58.000    0.000    1.306    0.000 
  552  142.505    0.469  319.000    0.000   58.000    0.000    1.321    0.000 
  553  147.475    0.344  317.000    0.000   57.000    0.000    1.249    0.000 
  554  140.996    0.406  313.000    0.000   57.000    0.000    1.143    0.000 
  555  149.017    0.391  316.000    0.000   60.000    0.000    1.291    0.000 
  556  142.841    0.406  318.000    0.000   59.000    0.000    1.291    0.000 
  557  139.491    0.359  317.000    0.000   58.000    0.000    1.251    0.000 
  558  138.491    0.328  316.000    0.000   57.000    0.000    1.291    0.000 
  559  137.598    0.375  316.000    0.000   57.000    0.000    1.439    0.000 
  560  140.013    0.406  318.000    0.000   59.000    0.000    1.377    0.000 
  561  142.381    0.406  314.000    0.000   59.000    0.000    1.399    0.000 
  562  143.175    0.328  317.000    0.000   58.000    0.000    1.399    0.000 
  563  140.763    0.219  315.000    0.000   56.000    0.000    1.399    0.000 
  564  143.194    0.359  318.000    0.000   58.000    0.000    1.387    0.000 
  565  135.129    0.312  314.000    0.000   56.000    0.000    1.306    0.000 
  566  136.940    0.328  313.000    0.000   56.000    0.000    1.387    0.000 
  567  136.261    0.375  317.000    0.000   57.000    0.000    1.412    0.000 
  568  138.634    0.266  320.000    0.000   57.000    0.000    1.412    0.000 
  569  145.827    0.328  319.000    0.000   59.000    0.000    1.412    0.000 
  570  140.821    0.281  319.000    0.000   58.000    0.000    1.438    0.000 
  571  139.067    0.312  313.000    0.000   57.000    0.000    1.354    0.000 
  572  140.947    0.359  314.000    0.000   56.000    0.000    1.358    0.000 
  573  140.763    0.359  315.000    0.000   56.000    0.000    1.354    0.000 
  574  138.763    0.312  315.000    0.000   56.000    0.000    1.283    0.000 
  575  135.458    0.375  317.000    0.000   56.000    0.000    1.438    0.000 
  576  135.915    0.328  316.000    0.000   56.000    0.000    1.413    0.000 
  577  133.540    0.281  316.000    0.000   55.000    0.000    1.413    0.000 
  578  141.981    0.203  323.000    0.000   56.000    0.000    1.417    0.000 
  579  137.894    0.344  317.000    0.000   56.000    0.000    1.417    0.000 
  580  142.403    0.281  317.000    0.000   58.000    0.000    1.417    0.000 
  581  141.688    0.375  309.000    0.000   57.000    0.000    1.352    0.000 
  582  141.247    0.484  318.000    0.000   56.000    0.000    1.364    0.000 
  583  138.153    0.328  319.000    0.000   56.000    0.000    1.358    0.000 
  584  143.576    0.344  321.000    0.000   56.000    0.000    1.334    0.000 
  585  141.108    0.359  314.000    0.000   57.000    0.000    1.283    0.000 
  586  142.731    0.391  317.000    0.000   56.000    0.000    1.287    0.000 
  587  140.338    0.391  318.000    0.000   56.000    0.000    1.358    0.000 
  588  141.092    0.406  314.000    0.000   56.000    0.000    1.355    0.000 
  589  133.707    0.453  311.000    0.000   54.000    0.000    1.358    0.000 
  590  139.910    0.484  316.000    0.000   55.000    0.000    1.362    0.000 
  591  135.591    0.391  315.000    0.000   55.000    0.000    1.283    0.000 
  592  139.377    0.375  321.000    0.000   55.000    0.000    1.268    0.000 
  593  132.246    0.297  316.000    0.000   53.000    0.000    1.334    0.000 
  594  129.990    0.297  313.000    0.000   53.000    0.000    1.362    0.000 
  595  132.094    0.422  316.000    0.000   54.000    0.000    1.333    0.000 
  596  132.950    0.281  312.000    0.000   54.000    0.000    1.412    0.000 
  597  132.337    0.297  315.000    0.000   54.000    0.000    1.412    0.000 
  598  131.756    0.328  318.000    0.000   54.000    0.000    1.358    0.000 
  599  137.700    0.328  317.000    0.000   55.000    0.000    1.283    0.000 
  600  138.849    0.297  318.000    0.000   55.000    0.000    1.281    0.000 
  601  132.813    0.281  318.000    0.000   54.000    0.000    1.223    0.000 
  602  134.144    0.141  317.000    0.000   55.000    0.000    1.227    0.000 
  603  136.034    0.266  318.000    0.000   55.000    0.000    1.227    0.000 
  604  136.049    0.328  321.000    0.000   56.000    0.000    1.227    0.000 
  605  137.019    0.359  314.000    0.000   56.000    0.000    1.217    0.000 
  606  136.292    0.438  314.000    0.000   56.000    0.000    1.203    0.000 
  607  137.283    0.453  319.000    0.000   55.000    0.000    1.164    0.000 
  608  140.167    0.375  323.000    0.000   55.000    0.000    1.127    0.000 
  609  134.206    0.297  316.000    0.000   55.000    0.000    1.185    0.000 
  610  132.984    0.344  316.000    0.000   55.000    0.000    1.164    0.000 
  611  137.210    0.281  318.000    0.000   56.000    0.000    1.217    0.000 
  612  140.457    0.328  319.000    0.000   57.000    0.000    1.184    0.000 
  613  138.034    0.422  318.000    0.000   55.000    0.000    1.143    0.000 
  614  139.403    0.328  317.000    0.000   55.000    0.000    1.110    0.000 
  615  137.203    0.469  317.000    0.000   56.000    0.000    1.156    0.000 
  616  139.317    0.438  319.000    0.000   56.000    0.000    1.195    0.000 
  617  135.651    0.359  312.000    0.000   56.000    0.000    1.144    0.000 
  618  137.190    0.234  311.000    0.000   56.000    0.000    1.171    0.000 
  619  137.772    0.250  311.000    0.000   56.000    0.000    1.171    0.000 
  620  134.566    0.266  312.000    0.000   55.000    0.000    1.171    0.000 
  621  130.532    0.344  310.000    0.000   55.000    0.000    1.118    0.000 
  622  132.853    0.375  314.000    0.000   55.000    0.000    1.103    0.000 
  623  143.979    0.406  312.000    0.000   56.000    0.000    1.119    0.000 
  624  138.104    0.422  313.000    0.000   56.000    0.000    1.236    0.000 
  625  138.206    0.359  316.000    0.000   55.000    0.000    1.227    0.000 
  626  144.038    0.375  314.000    0.000   55.000    0.000    1.171    0.000 
  627  142.552    0.469  318.000    0.000   55.000    0.000    1.261    0.000 
  628  142.031    0.297  313.000    0.000   57.000    0.000    1.055    0.000 
  629  140.338    0.453  318.000    0.000   56.000    0.000    1.171    0.000 
  630  139.944    0.266  311.000    0.000   55.000    0.000    1.119    0.000 
  631  145.394    0.359  314.000    0.000   57.000    0.000    1.195    0.000 
  632  141.026    0.453  319.000    0.000   56.000    0.000    1.159    0.000 
  633  141.521    0.359  320.000    0.000   55.000    0.000    1.171    0.000 
  634  142.447    0.219  318.000    0.000   56.000    0.000    1.184    0.000 
  635  138.849    0.344  318.000    0.000   55.000    0.000    1.184    0.000 
  636  141.072    0.484  315.000    0.000   55.000    0.000    1.184    0.000 
  637  141.028    0.359  318.000    0.000   56.000    0.000    1.251    0.000 
  638  137.540    0.281  316.000    0.000   55.000    0.000    1.111    0.000 
  639  136.099    0.422  311.000    0.000   56.000    0.000    1.170    0.000 
  640  132.178    0.344  313.000    0.000   55.000    0.000    1.223    0.000 
  641  136.939    0.375  317.000    0.000   57.000    0.000    1.200    0.000 
  642  135.588    0.328  316.000    0.000   56.000    0.000    1.217    0.000 
  643  131.997    0.281  318.000    0.000   55.000    0.000    1.233    0.000 
  644  136.048    0.406  312.000    0.000   55.000    0.000    1.233    0.000 
  645  134.942    0.250  310.000    0.000   53.000    0.000    1.324    0.000 
  646  133.841    0.422  309.000    0.000   52.000    0.000    1.134    0.000 
  647  130.616    0.312  313.000    0.000   52.000    0.000    1.122    0.000 
  648  133.118    0.359  312.000    0.000   53.000    0.000    1.235    0.000 
  649  137.138    0.344  318.000    0.000   56.000    0.000    1.171    0.000 
  650  141.202    0.281  318.000    0.000   57.000    0.000    1.226    0.000 
  651  138.849    0.344  320.000    0.000   57.000    0.000    1.226    0.000 
  652  139.465    0.438  318.000    0.000   56.000    0.000    1.235    0.000 
  653  130.558    0.328  313.000    0.000   54.000    0.000    1.183    0.000 
  654  140.779    0.344  319.000    0.000   57.000    0.000    1.279    0.000 
  655  136.069    0.297  320.000    0.000   56.000    0.000    1.279    0.000 
  656  139.257    0.250  316.000    0.000   58.000    0.000    1.227    0.000 
  657  132.092    0.359  311.000    0.000   55.000    0.000    1.235    0.000 
  658  139.458    0.375  317.000    0.000   56.000    0.000    1.162    0.000 
  659  136.281    0.484  316.000    0.000   55.000    0.000    1.101    0.000 
  660  142.772    0.359  319.000    0.000   56.000    0.000    1.101    0.000 
  661  134.585    0.297  316.000    0.000   54.000    0.000    1.055    0.000 
  662  135.856    0.406  312.000    0.000   54.000    0.000    1.117    0.000 
  663  137.961    0.453  315.000    0.000   55.000    0.000    1.094    0.000 
  664  138.384    0.359  310.000    0.000   55.000    0.000    1.112    0.000 
  665  133.312    0.266  313.000    0.000   54.000    0.000    1.146    0.000 
  666  135.075    0.328  316.000    0.000   54.000    0.000    1.057    0.000 
  667  135.436    0.266  319.000    0.000   54.000    0.000    1.151    0.000 
  668  140.021    0.234  316.000    0.000   55.000    0.000    1.106    0.000 
  669  139.443    0.359  315.000    0.000   55.000    0.000    1.106    0.000 
  670  134.450    0.359  310.000    0.000   54.000    0.000    1.015    0.000 
  671  140.908    0.266  315.000    0.000   56.000    0.000    1.046    0.000 
  672  136.139    0.312  317.000    0.000   54.000    0.000    1.058    0.000 
  673  134.513    0.297  320.000    0.000   53.000    0.000    1.058    0.000 
  674  140.112    0.375  314.000    0.000   55.000    0.000    1.099    0.000 
  675  136.422    0.406  312.000    0.000   54.000    0.000    1.099    0.000 
  676  146.647    0.438  310.000    0.000   56.000    0.000    1.159    0.000 
  677  148.456    0.328  315.000    0.000   58.000    0.000    1.057    0.000 
  678  140.492    0.359  312.000    0.000   55.000    0.000    1.111    0.000 
  679  141.122    0.406  312.000    0.000   55.000    0.000    1.218    0.000 
  680  150.106    0.391  315.000    0.000   58.000    0.000    1.111    0.000 
  681  154.426    0.375  319.000    0.000   60.000    0.000    1.228    0.000 
  682  149.790    0.422  318.000    0.000   58.000    0.000    1.233    0.000 
  683  146.884    0.344  316.000    0.000   57.000    0.000    1.233    0.000 
  684  143.899    0.359  319.000    0.000   56.000    0.000    1.287    0.000 
  685  143.345    0.328  318.000    0.000   57.000    0.000    1.226    0.000 
  686  139.785    0.359  317.000    0.000   56.000    0.000    1.290    0.000 
  687  137.512    0.281  313.000    0.000   55.000    0.000    1.233    0.000 
  688  136.307    0.422  312.000    0.000   55.000    0.000    1.226    0.000 
  689  133.151    0.297  315.000    0.000   53.000    0.000    1.115    0.000 
  690  129.305    0.375  315.000    0.000   53.000    0.000    1.097    0.000 
  691  133.984    0.297  316.000    0.000   55.000    0.000    1.172    0.000 
  692  141.321    0.297  315.000    0.000   57.000    0.000    1.167    0.000 
  693  143.559    0.328  318.000    0.000   57.000    0.000    1.156    0.000 
  694  141.706    0.344  320.000    0.000   56.000    0.000    1.218    0.000 
  695  141.067    0.328  321.000    0.000   56.000    0.000    1.156    0.000 
  696  143.903    0.281  317.000    0.000   57.000    0.000    1.156    0.000 
  697  142.095    0.297  318.000    0.000   57.000    0.000    1.156    0.000 
  698  140.124    0.312  312.000    0.000   56.000    0.000    1.218    0.000 
  699  132.735    0.312  316.000    0.000   54.000    0.000    1.167    0.000 
  700  134.120    0.312  312.000    0.000   54.000    0.000    1.156    0.000 
  701  134.564    0.297  315.000    0.000   54.000    0.000    1.156    0.000 
  702  137.403    0.312  317.000    0.000   55.000    0.000    1.099    0.000 
  703  141.251    0.391  312.000    0.000   56.000    0.000    1.151    0.000 
  704  147.826    0.250  314.000    0.000   58.000    0.000    1.151    0.000 
  705  141.746    0.359  313.000    0.000   57.000    0.000    1.067    0.000 
  706  141.317    0.281  313.000    0.000   57.000    0.000    1.043    0.000 
  707  146.084    0.281  319.000    0.000   58.000    0.000    1.111    0.000 
  708  140.737    0.438  315.000    0.000   58.000    0.000    1.114    0.000 
  709  146.480    0.297  316.000    0.000   59.000    0.000    1.113    0.000 
  710  147.238    0.281  316.000    0.000   59.000    0.000    1.113    0.000 
  711  152.870    0.391  317.000    0.000   61.000    0.000    1.157    0.000 
  712  144.913    0.281  311.000    0.000   59.000    0.000    1.210    0.000 
  713  152.687    0.453  316.000    0.000   59.000    0.000    1.157    0.000 
  714  153.692    0.391  317.000    0.000   60.000    0.000    1.156    0.000 
  715  157.164    0.375  325.000    0.000   60.000    0.000    1.156    0.000 
  716  158.272    0.359  320.000    0.000   61.000    0.000    1.111    0.000 
  717  146.840    0.422  321.000    0.000   57.000    0.000    1.140    0.000 
  718  141.419    0.391  316.000    0.000   57.000    0.000    1.146    0.000 
  719  148.438    0.406  314.000    0.000   56.000    0.000    1.226    0.000 
  720  148.807    0.391  315.000    0.000   58.000    0.000    1.227    0.000 
