    0 315136.940    0.000  317.000    0.000   56.000    0.000    1.000    0.000 
    1 315136.940    0.000  317.000    0.000   56.000    0.000    1.000    0.000 
    2 315136.940    0.000  317.000    0.000   56.000    0.000    1.000    0.000 
    3 315136.940    0.000  317.000    0.000   56.000    0.000    1.000    0.000 
    4 311677.868    1.000  317.000    0.000   56.000    0.000    1.000    0.000 
    5 311677.868    0.000  317.000    0.000   56.000    0.000    1.000    0.000 
    6 311677.868    0.000  317.000    0.000   56.000    0.000    1.000    0.000 
    7 311677.868    0.000  317.000    0.000   56.000    0.000    1.000    0.000 
    8 311677.868    0.000  317.000    0.000   56.000    0.000    1.000    0.000 
    9 307793.174    1.000  317.000    0.000   56.000    0.000    1.000    0.000 
   10 304897.726    1.000  317.000    0.000   56.000    0.000    1.000    0.000 
   11 304897.726    0.000  317.000    0.000   56.000    0.000    1.000    0.000 
   12 303211.371    1.000  317.000    0.000   56.000    0.000    1.000    0.000 
   13 300586.444    1.000  317.000    0.000   56.000    0.000    1.000    0.000 
   14 300586.444    0.000  317.000    0.000   56.000    0.000    1.000    0.000 
   15 299147.257    1.000  317.000    0.000   56.000    0.000    1.000    0.000 
   16 299147.257    0.000  317.000    0.000   56.000    0.000    1.000    0.000 
   17 296076.243    1.000  317.000    0.000   56.000    0.000    1.000    0.000 
   18 296076.243    0.000  317.000    0.000   56.000    0.000    1.000    0.000 
   19 296063.792    1.000  317.000    0.000   56.000    0.000    1.000    0.000 
   20 296063.792    0.000  317.000    0.000   56.000    0.000    1.000    0.000 
   21 296063.792    0.000  317.000    0.000   56.000    0.000    1.000    0.000 
   22 296063.792    0.000  317.000    0.000   56.000    0.000    1.000    0.000 
   23 296063.792    0.000  317.000    0.000   56.000    0.000    1.000    0.000 
   24 296063.792    0.000  317.000    0.000   56.000    0.000    1.000    0.000 
   25 296063.792    0.000  317.000    0.000   56.000    0.000    1.000    0.000 
   26 296063.792    0.000  317.000    0.000   56.000    0.000    1.000    0.000 
   27 296063.792    0.000  317.000    0.000   56.000    0.000    1.000    0.000 
   28 296063.792    0.000  317.000    0.000   56.000    0.000    1.000    0.000 
   29 296063.792    0.000  317.000    0.000   56.000    0.000    1.000    0.000 
   30 296063.792    0.000  317.000    0.000   56.000    0.000    1.000    0.000 
   31 295133.079    1.000  317.000    0.000   56.000    0.000    1.000    0.000 
   32 295133.079    0.000  317.000    0.000   56.000    0.000    1.000    0.000 
   33 291946.133    1.000  317.000    0.000   56.000    0.000    1.000    0.000 
   34 291946.133    0.000  317.000    0.000   56.000    0.000    1.000    0.000 
   35 289691.578    1.000  317.000    0.000   56.000    0.000    1.000    0.000 
   36 289691.578    0.000  317.000    0.000   56.000    0.000    1.000    0.000 
   37 289691.578    0.000  317.000    0.000   56.000    0.000    1.000    0.000 
   38 288563.218    1.000  317.000    0.000   56.000    0.000    1.000    0.000 
   39 287658.740    1.000  317.000    0.000   56.000    0.000    1.000    0.000 
   40 287658.740    0.000  317.000    0.000   56.000    0.000    1.000    0.000 
   41 286103.542    1.000  317.000    0.000   56.000    0.000    1.000    0.000 
   42 283667.859    1.000  317.000    0.000   56.000    0.000    1.000    0.000 
   43 283667.859    0.000  317.000    0.000   56.000    0.000    1.000    0.000 
   44 279950.072    1.000  317.000    0.000   56.000    0.000    1.000    0.000 
   45 279950.072    0.000  317.000    0.000   56.000    0.000    1.000    0.000 
   46 279932.910    1.000  317.000    0.000   56.000    0.000    1.000    0.000 
   47 279932.910    0.000  317.000    0.000   56.000    0.000    1.000    0.000 
   48 279932.910    0.000  317.000    0.000   56.000    0.000    1.000    0.000 
   49 278411.602    1.000  317.000    0.000   56.000    0.000    1.000    0.000 
   50 278411.602    0.000  317.000    0.000   56.000    0.000    1.000    0.000 
   51 278411.602    0.000  317.000    0.000   56.000    0.000    1.000    0.000 
   52 278411.602    0.000  317.000    0.000   56.000    0.000    1.000    0.000 
   53 278411.602    0.000  317.000    0.000   56.000    0.000    1.000    0.000 
   54 278411.602    0.000  317.000    0.000   56.000    0.000    1.000    0.000 
   55 276284.540    1.000  317.000    0.000   56.000    0.000    1.000    0.000 
   56 276284.540    0.000  317.000    0.000   56.000    0.000    1.000    0.000 
   57 275224.154    1.000  317.000    0.000   56.000    0.000    1.000    0.000 
   58 273322.195    1.000  317.000    0.000   56.000    0.000    1.000    0.000 
   59 272465.731    1.000  317.000    0.000   56.000    0.000    1.000    0.000 
   60 270989.851    1.000  317.000    0.000   56.000    0.000    1.000    0.000 
   61 270989.851    0.000  317.000    0.000   56.000    0.000    1.000    0.000 
   62 270989.851    0.000  317.000    0.000   56.000    0.000    1.000    0.000 
   63 270355.428    1.000  317.000    0.000   56.000    0.000    1.000    0.000 
   64 270355.428    0.000  317.000    0.000   56.000    0.000    1.000    0.000 
   65 266838.241    1.000  317.000    0.000   56.000    0.000    1.000    0.000 
   66 266002.760    1.000  317.000    0.000   56.000    0.000    1.000    0.000 
   67 266002.760    0.000  317.000    0.000   56.000    0.000    1.000    0.000 
   68 265589.796    1.000  317.000    0.000   56.000    0.000    1.000    0.000 
   69 265589.796    0.000  317.000    0.000   56.000    0.000    1.000    0.000 
   70 265589.796    0.000  317.000    0.000   56.000    0.000    1.000    0.000 
   71 265575.543    1.000  317.000    0.000   56.000    0.000    1.000    0.000 
   72 265567.071    1.000  317.000    0.000   56.000    0.000    1.000    0.000 
   73 265567.071    0.000  317.000    0.000   56.000    0.000    1.000    0.000 
   74 264358.754    1.000  317.000    0.000   56.000    0.000    1.000    0.000 
   75 264358.754    0.000  317.000    0.000   56.000    0.000    1.000    0.000 
   76 263348.342    1.000  317.000    0.000   56.000    0.000    1.000    0.000 
   77 263348.342    0.000  317.000    0.000   56.000    0.000    1.000    0.000 
   78 263319.721    1.000  317.000    0.000   56.000    0.000    1.000    0.000 
   79 263319.721    0.000  317.000    0.000   56.000    0.000    1.000    0.000 
   80 261341.166    1.000  317.000    0.000   56.000    0.000    1.000    0.000 
   81 261341.166    0.000  317.000    0.000   56.000    0.000    1.000    0.000 
   82 261341.166    0.000  317.000    0.000   56.000    0.000    1.000    0.000 
   83 261341.166    0.000  317.000    0.000   56.000    0.000    1.000    0.000 
   84 261341.166    0.000  317.000    0.000   56.000    0.000    1.000    0.000 
   85 259600.613    1.000  317.000    0.000   56.000    0.000    1.000    0.000 
   86 259004.113    1.000  317.000    0.000   56.000    0.000    1.000    0.000 
   87 258037.773    1.000  317.000    0.000   56.000    0.000    1.000    0.000 
   88 256879.589    1.000  317.000    0.000   56.000    0.000    1.000    0.000 
   89 255536.087    1.000  317.000    0.000   56.000    0.000    1.000    0.000 
   90 253823.559    1.000  317.000    0.000   56.000    0.000    1.000    0.000 
   91 253823.559    0.000  317.000    0.000   56.000    0.000    1.000    0.000 
   92 251003.659    1.000  317.000    0.000   56.000    0.000    1.000    0.000 
   93 250054.546    1.000  317.000    0.000   56.000    0.000    1.000    0.000 
   94 250054.546    0.000  317.000    0.000   56.000    0.000    1.000    0.000 
   95 250054.546    0.000  317.000    0.000   56.000    0.000    1.000    0.000 
   96 250054.546    0.000  317.000    0.000   56.000    0.000    1.000    0.000 
   97 250054.546    0.000  317.000    0.000   56.000    0.000    1.000    0.000 
   98 250054.546    0.000  317.000    0.000   56.000    0.000    1.000    0.000 
   99 249127.559    1.000  317.000    0.000   56.000    0.000    1.000    0.000 
  100 249127.559    0.000  317.000    0.000   56.000    0.000    1.000    0.000 
