    0 -221.192    0.000  317.000    0.000   56.000    0.000    1.000    0.000 
    1 -245.260    0.484  330.000    0.000   66.000    0.000    1.068    0.000 
    2 -251.259    0.312  330.000    0.000   70.000    0.000    1.066    0.000 
    3 -248.679    0.359  331.000    0.000   67.000    0.000    1.066    0.000 
    4 -251.082    0.328  332.000    0.000   69.000    0.000    1.030    0.000 
    5 -256.302    0.312  332.000    0.000   69.000    0.000    1.138    0.000 
    6 -259.501    0.219  344.000    0.000   70.000    0.000    1.064    0.000 
    7 -264.668    0.172  343.000    0.000   73.000    0.000    1.137    0.000 
    8 -265.472    0.188  341.000    0.000   72.000    0.000    1.137    0.000 
    9 -264.757    0.391  344.000    0.000   72.000    0.000    1.133    0.000 
   10 -258.963    0.312  344.000    0.000   69.000    0.000    1.004    0.000 
   11 -264.494    0.188  346.000    0.000   69.000    0.000    1.096    0.000 
   12 -261.244    0.172  349.000    0.000   69.000    0.000    1.133    0.000 
   13 -265.057    0.188  353.000    0.000   71.000    0.000    1.133    0.000 
   14 -265.711    0.250  353.000    0.000   70.000    0.000    1.168    0.000 
   15 -263.606    0.219  355.000    0.000   71.000    0.000    1.168    0.000 
   16 -275.196    0.219  353.000    0.000   72.000    0.000    1.129    0.000 
   17 -278.565    0.125  357.000    0.000   74.000    0.000    1.059    0.000 
   18 -277.794    0.203  358.000    0.000   73.000    0.000    1.094    0.000 
   19 -271.629    0.109  359.000    0.000   73.000    0.000    1.199    0.000 
   20 -270.602    0.109  356.000    0.000   75.000    0.000    1.163    0.000 
   21 -273.360    0.203  359.000    0.000   76.000    0.000    1.252    0.000 
   22 -268.479    0.125  363.000    0.000   76.000    0.000    1.199    0.000 
   23 -268.279    0.250  363.000    0.000   76.000    0.000    1.252    0.000 
   24 -270.007    0.234  362.000    0.000   77.000    0.000    1.131    0.000 
   25 -270.222    0.172  359.000    0.000   77.000    0.000    1.283    0.000 
   26 -267.342    0.328  360.000    0.000   74.000    0.000    1.343    0.000 
   27 -262.172    0.297  363.000    0.000   79.000    0.000    1.272    0.000 
   28 -259.684    0.188  361.000    0.000   81.000    0.000    1.364    0.000 
   29 -257.428    0.203  360.000    0.000   78.000    0.000    1.364    0.000 
   30 -263.689    0.172  357.000    0.000   72.000    0.000    1.095    0.000 
   31 -264.754    0.203  356.000    0.000   74.000    0.000    1.062    0.000 
   32 -266.779    0.250  356.000    0.000   78.000    0.000    1.173    0.000 
   33 -265.575    0.219  350.000    0.000   77.000    0.000    1.173    0.000 
   34 -271.107    0.172  347.000    0.000   75.000    0.000    1.173    0.000 
   35 -262.921    0.219  351.000    0.000   78.000    0.000    1.303    0.000 
   36 -261.113    0.188  355.000    0.000   78.000    0.000    1.161    0.000 
   37 -263.965    0.234  348.000    0.000   73.000    0.000    1.245    0.000 
   38 -268.982    0.203  345.000    0.000   74.000    0.000    1.303    0.000 
   39 -274.573    0.203  340.000    0.000   73.000    0.000    1.220    0.000 
   40 -279.288    0.141  343.000    0.000   72.000    0.000    1.220    0.000 
   41 -280.229    0.234  344.000    0.000   76.000    0.000    1.231    0.000 
   42 -278.989    0.188  340.000    0.000   76.000    0.000    1.231    0.000 
   43 -269.911    0.203  341.000    0.000   79.000    0.000    1.382    0.000 
   44 -274.970    0.156  343.000    0.000   74.000    0.000    1.373    0.000 
   45 -281.289    0.219  341.000    0.000   74.000    0.000    1.373    0.000 
   46 -278.021    0.188  345.000    0.000   78.000    0.000    1.428    0.000 
   47 -278.888    0.141  346.000    0.000   78.000    0.000    1.419    0.000 
   48 -278.941    0.125  346.000    0.000   77.000    0.000    1.419    0.000 
   49 -273.885    0.219  350.000    0.000   79.000    0.000    1.419    0.000 
   50 -274.656    0.344  356.000    0.000   75.000    0.000    1.428    0.000 
   51 -280.293    0.172  359.000    0.000   76.000    0.000    1.419    0.000 
   52 -287.224    0.188  355.000    0.000   74.000    0.000    1.400    0.000 
   53 -283.072    0.172  358.000    0.000   73.000    0.000    1.373    0.000 
   54 -287.425    0.188  356.000    0.000   74.000    0.000    1.401    0.000 
   55 -288.311    0.125  360.000    0.000   75.000    0.000    1.365    0.000 
   56 -279.062    0.188  354.000    0.000   78.000    0.000    1.444    0.000 
   57 -280.658    0.172  355.000    0.000   78.000    0.000    1.390    0.000 
   58 -284.874    0.250  351.000    0.000   75.000    0.000    1.308    0.000 
   59 -282.546    0.094  353.000    0.000   77.000    0.000    1.276    0.000 
   60 -284.282    0.156  355.000    0.000   79.000    0.000    1.440    0.000 
   61 -283.632    0.219  353.000    0.000   79.000    0.000    1.342    0.000 
   62 -285.640    0.141  354.000    0.000   77.000    0.000    1.305    0.000 
   63 -283.854    0.109  355.000    0.000   76.000    0.000    1.305    0.000 
   64 -283.014    0.234  352.000    0.000   76.000    0.000    1.342    0.000 
   65 -280.673    0.141  353.000    0.000   80.000    0.000    1.400    0.000 
   66 -280.873    0.234  352.000    0.000   79.000    0.000    1.421    0.000 
   67 -275.412    0.078  357.000    0.000   82.000    0.000    1.421    0.000 
   68 -280.152    0.203  356.000    0.000   80.000    0.000    1.301    0.000 
   69 -280.922    0.156  354.000    0.000   79.000    0.000    1.301    0.000 
   70 -276.430    0.281  354.000    0.000   77.000    0.000    1.308    0.000 
   71 -274.351    0.219  358.000    0.000   78.000    0.000    1.400    0.000 
   72 -281.790    0.188  354.000    0.000   78.000    0.000    1.266    0.000 
   73 -281.413    0.219  358.000    0.000   80.000    0.000    1.440    0.000 
   74 -282.288    0.141  357.000    0.000   79.000    0.000    1.305    0.000 
   75 -280.847    0.156  357.000    0.000   76.000    0.000    1.266    0.000 
   76 -279.834    0.156  355.000    0.000   77.000    0.000    1.419    0.000 
   77 -276.631    0.250  355.000    0.000   75.000    0.000    1.401    0.000 
   78 -282.809    0.219  351.000    0.000   77.000    0.000    1.401    0.000 
   79 -285.348    0.172  348.000    0.000   76.000    0.000    1.370    0.000 
   80 -284.688    0.141  347.000    0.000   75.000    0.000    1.286    0.000 
   81 -278.771    0.203  344.000    0.000   72.000    0.000    1.129    0.000 
   82 -278.916    0.125  342.000    0.000   70.000    0.000    1.174    0.000 
   83 -281.976    0.266  351.000    0.000   74.000    0.000    1.281    0.000 
   84 -279.874    0.125  355.000    0.000   75.000    0.000    1.242    0.000 
   85 -279.470    0.141  354.000    0.000   74.000    0.000    1.205    0.000 
   86 -282.494    0.188  356.000    0.000   75.000    0.000    1.205    0.000 
   87 -275.397    0.172  357.000    0.000   73.000    0.000    1.205    0.000 
   88 -272.081    0.203  358.000    0.000   74.000    0.000    1.242    0.000 
   89 -272.786    0.250  352.000    0.000   77.000    0.000    1.242    0.000 
   90 -281.485    0.188  342.000    0.000   73.000    0.000    1.205    0.000 
   91 -281.107    0.109  347.000    0.000   75.000    0.000    1.242    0.000 
   92 -280.164    0.219  349.000    0.000   77.000    0.000    1.197    0.000 
   93 -285.209    0.203  346.000    0.000   73.000    0.000    1.197    0.000 
   94 -279.343    0.234  347.000    0.000   79.000    0.000    1.197    0.000 
   95 -280.821    0.266  346.000    0.000   74.000    0.000    1.128    0.000 
   96 -277.415    0.234  347.000    0.000   76.000    0.000    1.121    0.000 
   97 -281.954    0.141  350.000    0.000   76.000    0.000    1.266    0.000 
   98 -290.016    0.141  345.000    0.000   75.000    0.000    1.266    0.000 
   99 -287.222    0.094  345.000    0.000   76.000    0.000    1.266    0.000 
  100 -286.720    0.266  344.000    0.000   73.000    0.000    1.231    0.000 
  101 -293.219    0.188  348.000    0.000   77.000    0.000    1.266    0.000 
  102 -294.864    0.078  345.000    0.000   73.000    0.000    1.231    0.000 
  103 -284.100    0.156  345.000    0.000   73.000    0.000    1.231    0.000 
  104 -286.405    0.172  348.000    0.000   71.000    0.000    1.199    0.000 
  105 -285.466    0.219  348.000    0.000   74.000    0.000    1.276    0.000 
  106 -276.858    0.188  348.000    0.000   72.000    0.000    1.200    0.000 
  107 -269.254    0.219  356.000    0.000   72.000    0.000    1.205    0.000 
  108 -266.885    0.219  356.000    0.000   75.000    0.000    1.242    0.000 
  109 -270.894    0.234  351.000    0.000   76.000    0.000    1.293    0.000 
  110 -270.263    0.234  350.000    0.000   75.000    0.000    1.251    0.000 
  111 -279.931    0.125  346.000    0.000   73.000    0.000    1.293    0.000 
  112 -280.996    0.234  347.000    0.000   74.000    0.000    1.210    0.000 
  113 -276.271    0.188  343.000    0.000   74.000    0.000    1.168    0.000 
  114 -274.575    0.203  348.000    0.000   74.000    0.000    1.257    0.000 
  115 -270.960    0.281  344.000    0.000   75.000    0.000    1.257    0.000 
  116 -272.543    0.188  344.000    0.000   77.000    0.000    1.254    0.000 
  117 -265.316    0.156  346.000    0.000   78.000    0.000    1.343    0.000 
  118 -264.929    0.172  347.000    0.000   78.000    0.000    1.099    0.000 
  119 -272.422    0.250  345.000    0.000   76.000    0.000    1.033    0.000 
  120 -273.722    0.156  343.000    0.000   77.000    0.000    1.033    0.000 
  121 -266.748    0.219  343.000    0.000   77.000    0.000    1.139    0.000 
  122 -268.086    0.281  339.000    0.000   75.000    0.000    1.336    0.000 
  123 -273.758    0.312  339.000    0.000   71.000    0.000    1.102    0.000 
  124 -274.212    0.188  337.000    0.000   71.000    0.000    1.137    0.000 
  125 -277.597    0.250  339.000    0.000   74.000    0.000    1.167    0.000 
  126 -277.927    0.250  339.000    0.000   73.000    0.000    1.094    0.000 
  127 -274.711    0.203  340.000    0.000   73.000    0.000    1.199    0.000 
  128 -281.152    0.203  341.000    0.000   74.000    0.000    1.294    0.000 
  129 -275.109    0.156  345.000    0.000   80.000    0.000    1.167    0.000 
  130 -278.983    0.203  346.000    0.000   75.000    0.000    1.251    0.000 
  131 -275.790    0.141  347.000    0.000   74.000    0.000    1.241    0.000 
  132 -276.834    0.109  346.000    0.000   72.000    0.000    1.167    0.000 
  133 -272.175    0.203  347.000    0.000   77.000    0.000    1.167    0.000 
  134 -271.299    0.203  350.000    0.000   77.000    0.000    1.167    0.000 
  135 -273.347    0.250  352.000    0.000   76.000    0.000    1.167    0.000 
  136 -274.388    0.203  353.000    0.000   77.000    0.000    1.061    0.000 
  137 -273.349    0.266  356.000    0.000   77.000    0.000    1.125    0.000 
  138 -273.602    0.312  360.000    0.000   79.000    0.000    1.125    0.000 
  139 -273.744    0.250  356.000    0.000   77.000    0.000    1.319    0.000 
  140 -277.173    0.141  357.000    0.000   77.000    0.000    1.319    0.000 
  141 -278.473    0.141  360.000    0.000   79.000    0.000    1.319    0.000 
  142 -282.680    0.094  354.000    0.000   77.000    0.000    1.241    0.000 
  143 -274.294    0.188  356.000    0.000   76.000    0.000    1.241    0.000 
  144 -271.186    0.266  355.000    0.000   83.000    0.000    1.200    0.000 
  145 -275.871    0.172  352.000    0.000   80.000    0.000    1.200    0.000 
  146 -274.755    0.156  352.000    0.000   82.000    0.000    1.200    0.000 
  147 -268.311    0.203  347.000    0.000   84.000    0.000    1.059    0.000 
  148 -268.516    0.109  346.000    0.000   79.000    0.000    1.059    0.000 
  149 -271.748    0.203  347.000    0.000   76.000    0.000    1.096    0.000 
  150 -271.215    0.141  348.000    0.000   76.000    0.000    1.200    0.000 
  151 -279.644    0.125  348.000    0.000   74.000    0.000    1.200    0.000 
  152 -277.728    0.203  347.000    0.000   75.000    0.000    1.200    0.000 
  153 -276.668    0.203  352.000    0.000   77.000    0.000    1.284    0.000 
  154 -276.699    0.188  348.000    0.000   74.000    0.000    1.200    0.000 
  155 -282.647    0.281  350.000    0.000   72.000    0.000    1.200    0.000 
  156 -278.169    0.156  356.000    0.000   75.000    0.000    1.200    0.000 
  157 -279.181    0.141  353.000    0.000   76.000    0.000    1.200    0.000 
  158 -274.187    0.141  352.000    0.000   78.000    0.000    1.200    0.000 
  159 -284.128    0.281  350.000    0.000   77.000    0.000    1.276    0.000 
  160 -287.429    0.156  346.000    0.000   75.000    0.000    1.276    0.000 
  161 -288.735    0.219  342.000    0.000   75.000    0.000    1.200    0.000 
  162 -289.002    0.141  345.000    0.000   75.000    0.000    1.284    0.000 
  163 -288.762    0.078  344.000    0.000   76.000    0.000    1.284    0.000 
  164 -289.638    0.109  341.000    0.000   77.000    0.000    1.193    0.000 
  165 -281.525    0.297  342.000    0.000   77.000    0.000    1.241    0.000 
  166 -280.285    0.094  344.000    0.000   75.000    0.000    1.241    0.000 
  167 -276.782    0.266  341.000    0.000   75.000    0.000    1.293    0.000 
  168 -283.650    0.094  337.000    0.000   76.000    0.000    1.377    0.000 
  169 -269.487    0.172  336.000    0.000   75.000    0.000    1.161    0.000 
  170 -272.963    0.203  339.000    0.000   76.000    0.000    1.161    0.000 
  171 -263.241    0.188  343.000    0.000   78.000    0.000    1.288    0.000 
  172 -259.902    0.188  347.000    0.000   81.000    0.000    1.329    0.000 
  173 -264.911    0.344  347.000    0.000   80.000    0.000    1.329    0.000 
  174 -270.279    0.203  350.000    0.000   81.000    0.000    1.329    0.000 
  175 -266.536    0.125  352.000    0.000   77.000    0.000    1.432    0.000 
  176 -268.995    0.172  349.000    0.000   76.000    0.000    1.600    0.000 
  177 -268.420    0.203  348.000    0.000   79.000    0.000    1.485    0.000 
  178 -274.786    0.250  350.000    0.000   77.000    0.000    1.485    0.000 
  179 -274.591    0.219  352.000    0.000   79.000    0.000    1.554    0.000 
  180 -271.934    0.203  361.000    0.000   81.000    0.000    1.453    0.000 
  181 -276.035    0.266  354.000    0.000   77.000    0.000    1.428    0.000 
  182 -276.681    0.188  352.000    0.000   76.000    0.000    1.428    0.000 
  183 -277.171    0.141  351.000    0.000   75.000    0.000    1.428    0.000 
  184 -279.469    0.172  348.000    0.000   77.000    0.000    1.428    0.000 
  185 -275.986    0.188  354.000    0.000   79.000    0.000    1.428    0.000 
  186 -281.899    0.156  352.000    0.000   79.000    0.000    1.476    0.000 
  187 -282.986    0.141  349.000    0.000   81.000    0.000    1.536    0.000 
  188 -281.173    0.203  348.000    0.000   81.000    0.000    1.536    0.000 
  189 -274.467    0.234  357.000    0.000   79.000    0.000    1.381    0.000 
  190 -263.928    0.297  358.000    0.000   82.000    0.000    1.476    0.000 
  191 -268.011    0.281  360.000    0.000   83.000    0.000    1.558    0.000 
  192 -276.330    0.266  357.000    0.000   80.000    0.000    1.476    0.000 
  193 -277.429    0.234  356.000    0.000   79.000    0.000    1.536    0.000 
  194 -278.247    0.219  358.000    0.000   78.000    0.000    1.485    0.000 
  195 -280.491    0.234  353.000    0.000   79.000    0.000    1.446    0.000 
  196 -287.077    0.281  351.000    0.000   78.000    0.000    1.446    0.000 
  197 -282.606    0.156  353.000    0.000   79.000    0.000    1.500    0.000 
  198 -278.230    0.266  354.000    0.000   79.000    0.000    1.500    0.000 
  199 -285.280    0.172  353.000    0.000   83.000    0.000    1.499    0.000 
  200 -283.094    0.125  351.000    0.000   79.000    0.000    1.385    0.000 
  201 -280.490    0.281  351.000    0.000   81.000    0.000    1.578    0.000 
  202 -288.632    0.125  353.000    0.000   79.000    0.000    1.464    0.000 
  203 -283.010    0.125  351.000    0.000   80.000    0.000    1.670    0.000 
  204 -283.400    0.188  357.000    0.000   78.000    0.000    1.464    0.000 
  205 -282.201    0.125  359.000    0.000   79.000    0.000    1.464    0.000 
  206 -279.160    0.203  356.000    0.000   76.000    0.000    1.500    0.000 
  207 -280.794    0.156  354.000    0.000   76.000    0.000    1.419    0.000 
  208 -285.880    0.250  354.000    0.000   78.000    0.000    1.422    0.000 
  209 -281.736    0.203  351.000    0.000   82.000    0.000    1.422    0.000 
  210 -285.881    0.094  355.000    0.000   83.000    0.000    1.616    0.000 
  211 -288.502    0.141  354.000    0.000   81.000    0.000    1.557    0.000 
  212 -285.780    0.156  358.000    0.000   84.000    0.000    1.557    0.000 
  213 -286.206    0.406  348.000    0.000   80.000    0.000    1.500    0.000 
  214 -286.817    0.156  348.000    0.000   79.000    0.000    1.500    0.000 
  215 -290.429    0.203  339.000    0.000   76.000    0.000    1.332    0.000 
  216 -289.704    0.062  341.000    0.000   77.000    0.000    1.332    0.000 
  217 -286.595    0.203  346.000    0.000   76.000    0.000    1.446    0.000 
  218 -281.975    0.109  349.000    0.000   80.000    0.000    1.446    0.000 
  219 -279.325    0.250  349.000    0.000   83.000    0.000    1.531    0.000 
  220 -284.361    0.250  349.000    0.000   81.000    0.000    1.407    0.000 
  221 -279.862    0.141  346.000    0.000   81.000    0.000    1.356    0.000 
  222 -274.239    0.203  345.000    0.000   81.000    0.000    1.419    0.000 
  223 -281.592    0.172  350.000    0.000   81.000    0.000    1.366    0.000 
  224 -272.699    0.250  358.000    0.000   87.000    0.000    1.356    0.000 
  225 -282.017    0.203  357.000    0.000   82.000    0.000    1.327    0.000 
  226 -283.780    0.203  358.000    0.000   81.000    0.000    1.500    0.000 
  227 -278.316    0.234  361.000    0.000   79.000    0.000    1.284    0.000 
  228 -276.243    0.203  364.000    0.000   84.000    0.000    1.356    0.000 
  229 -276.124    0.188  362.000    0.000   87.000    0.000    1.393    0.000 
  230 -273.576    0.281  362.000    0.000   83.000    0.000    1.393    0.000 
  231 -278.535    0.234  359.000    0.000   82.000    0.000    1.440    0.000 
  232 -273.944    0.156  359.000    0.000   80.000    0.000    1.440    0.000 
  233 -279.744    0.172  356.000    0.000   81.000    0.000    1.521    0.000 
  234 -277.631    0.109  359.000    0.000   85.000    0.000    1.521    0.000 
  235 -275.881    0.250  365.000    0.000   82.000    0.000    1.521    0.000 
  236 -279.522    0.141  362.000    0.000   84.000    0.000    1.521    0.000 
  237 -284.980    0.234  357.000    0.000   82.000    0.000    1.411    0.000 
  238 -275.502    0.250  353.000    0.000   86.000    0.000    1.535    0.000 
  239 -277.390    0.234  350.000    0.000   86.000    0.000    1.366    0.000 
  240 -278.273    0.141  349.000    0.000   86.000    0.000    1.366    0.000 
  241 -279.093    0.234  352.000    0.000   86.000    0.000    1.507    0.000 
  242 -281.294    0.266  357.000    0.000   86.000    0.000    1.562    0.000 
  243 -284.018    0.156  355.000    0.000   87.000    0.000    1.562    0.000 
  244 -282.362    0.188  361.000    0.000   87.000    0.000    1.562    0.000 
  245 -279.700    0.281  355.000    0.000   88.000    0.000    1.617    0.000 
  246 -283.051    0.156  357.000    0.000   90.000    0.000    1.562    0.000 
  247 -282.543    0.156  355.000    0.000   91.000    0.000    1.562    0.000 
  248 -280.510    0.203  352.000    0.000   89.000    0.000    1.652    0.000 
  249 -285.064    0.203  351.000    0.000   89.000    0.000    1.712    0.000 
  250 -283.208    0.250  359.000    0.000   90.000    0.000    1.562    0.000 
  251 -282.339    0.141  360.000    0.000   86.000    0.000    1.562    0.000 
  252 -284.321    0.234  357.000    0.000   87.000    0.000    1.611    0.000 
  253 -285.327    0.141  356.000    0.000   91.000    0.000    1.611    0.000 
  254 -286.415    0.203  349.000    0.000   84.000    0.000    1.595    0.000 
  255 -288.523    0.016  350.000    0.000   85.000    0.000    1.595    0.000 
  256 -286.627    0.219  354.000    0.000   91.000    0.000    1.444    0.000 
  257 -291.652    0.172  349.000    0.000   92.000    0.000    1.557    0.000 
  258 -286.048    0.172  348.000    0.000   89.000    0.000    1.557    0.000 
  259 -290.494    0.172  347.000    0.000   87.000    0.000    1.611    0.000 
  260 -293.234    0.141  350.000    0.000   89.000    0.000    1.668    0.000 
  261 -285.248    0.203  351.000    0.000   90.000    0.000    1.668    0.000 
  262 -292.525    0.188  353.000    0.000   91.000    0.000    1.824    0.000 
  263 -293.266    0.094  353.000    0.000   89.000    0.000    1.824    0.000 
  264 -290.661    0.250  353.000    0.000   88.000    0.000    1.824    0.000 
  265 -294.916    0.141  352.000    0.000   86.000    0.000    1.723    0.000 
  266 -291.235    0.156  350.000    0.000   88.000    0.000    1.824    0.000 
  267 -285.925    0.141  353.000    0.000   90.000    0.000    1.723    0.000 
  268 -288.005    0.141  356.000    0.000   89.000    0.000    1.824    0.000 
  269 -289.719    0.188  354.000    0.000   94.000    0.000    1.779    0.000 
  270 -290.397    0.188  356.000    0.000   94.000    0.000    1.834    0.000 
  271 -288.091    0.188  356.000    0.000   93.000    0.000    1.890    0.000 
  272 -285.512    0.234  353.000    0.000   93.000    0.000    1.890    0.000 
  273 -284.200    0.219  353.000    0.000   99.000    0.000    1.945    0.000 
  274 -289.795    0.203  352.000    0.000   97.000    0.000    2.003    0.000 
  275 -286.180    0.312  348.000    0.000   96.000    0.000    2.004    0.000 
  276 -293.771    0.141  351.000    0.000   97.000    0.000    2.003    0.000 
  277 -295.129    0.125  349.000    0.000   98.000    0.000    2.003    0.000 
  278 -294.661    0.250  349.000    0.000  101.000    0.000    2.060    0.000 
  279 -289.556    0.203  350.000    0.000  103.000    0.000    2.060    0.000 
  280 -290.264    0.188  348.000    0.000  103.000    0.000    2.060    0.000 
  281 -295.848    0.188  340.000    0.000  100.000    0.000    2.060    0.000 
  282 -296.764    0.172  345.000    0.000   99.000    0.000    2.062    0.000 
  283 -298.759    0.234  342.000    0.000   97.000    0.000    2.062    0.000 
  284 -308.458    0.188  338.000    0.000  100.000    0.000    2.121    0.000 
  285 -299.697    0.078  339.000    0.000   99.000    0.000    2.121    0.000 
  286 -304.013    0.297  334.000    0.000  101.000    0.000    2.180    0.000 
  287 -309.936    0.234  337.000    0.000   99.000    0.000    2.180    0.000 
  288 -307.195    0.234  338.000    0.000  100.000    0.000    2.121    0.000 
  289 -303.342    0.219  336.000    0.000   99.000    0.000    2.121    0.000 
  290 -297.623    0.219  340.000    0.000  101.000    0.000    2.121    0.000 
  291 -294.576    0.219  342.000    0.000  102.000    0.000    2.121    0.000 
  292 -301.196    0.297  335.000    0.000  103.000    0.000    2.121    0.000 
  293 -305.213    0.203  332.000    0.000  107.000    0.000    2.121    0.000 
  294 -299.062    0.156  330.000    0.000  106.000    0.000    2.121    0.000 
  295 -306.635    0.234  327.000    0.000  103.000    0.000    2.121    0.000 
  296 -310.677    0.234  326.000    0.000  102.000    0.000    2.056    0.000 
  297 -308.068    0.156  330.000    0.000  105.000    0.000    2.056    0.000 
  298 -308.239    0.125  332.000    0.000  103.000    0.000    2.056    0.000 
  299 -309.127    0.188  326.000    0.000  105.000    0.000    2.056    0.000 
  300 -306.889    0.203  327.000    0.000  107.000    0.000    2.112    0.000 
  301 -312.915    0.203  334.000    0.000  109.000    0.000    2.167    0.000 
  302 -310.519    0.219  340.000    0.000  108.000    0.000    2.223    0.000 
  303 -310.681    0.312  340.000    0.000  107.000    0.000    2.223    0.000 
  304 -319.057    0.250  340.000    0.000  110.000    0.000    2.223    0.000 
  305 -317.041    0.281  344.000    0.000  112.000    0.000    2.225    0.000 
  306 -321.078    0.219  346.000    0.000  112.000    0.000    2.280    0.000 
  307 -328.379    0.203  343.000    0.000  113.000    0.000    2.391    0.000 
  308 -327.343    0.297  348.000    0.000  113.000    0.000    2.751    0.000 
  309 -321.918    0.172  347.000    0.000  112.000    0.000    2.751    0.000 
  310 -331.713    0.297  342.000    0.000  113.000    0.000    2.690    0.000 
  311 -333.641    0.156  344.000    0.000  111.000    0.000    2.473    0.000 
  312 -331.942    0.234  347.000    0.000  111.000    0.000    2.389    0.000 
  313 -327.059    0.219  347.000    0.000  110.000    0.000    2.389    0.000 
  314 -327.017    0.250  353.000    0.000  108.000    0.000    2.389    0.000 
  315 -334.179    0.219  349.000    0.000  111.000    0.000    2.389    0.000 
  316 -335.639    0.109  348.000    0.000  111.000    0.000    2.389    0.000 
  317 -331.387    0.172  353.000    0.000  113.000    0.000    2.389    0.000 
  318 -332.772    0.156  349.000    0.000  113.000    0.000    2.389    0.000 
  319 -331.254    0.062  349.000    0.000  113.000    0.000    2.389    0.000 
  320 -340.543    0.219  351.000    0.000  114.000    0.000    2.444    0.000 
  321 -341.090    0.156  347.000    0.000  113.000    0.000    2.588    0.000 
  322 -336.003    0.156  349.000    0.000  114.000    0.000    2.588    0.000 
  323 -334.317    0.141  350.000    0.000  112.000    0.000    2.588    0.000 
  324 -331.934    0.078  347.000    0.000  115.000    0.000    2.750    0.000 
  325 -334.778    0.172  346.000    0.000  120.000    0.000    2.750    0.000 
  326 -335.256    0.266  349.000    0.000  120.000    0.000    2.588    0.000 
  327 -333.605    0.172  352.000    0.000  119.000    0.000    2.588    0.000 
  328 -330.118    0.141  357.000    0.000  122.000    0.000    2.500    0.000 
  329 -333.137    0.156  353.000    0.000  122.000    0.000    2.500    0.000 
  330 -343.562    0.141  358.000    0.000  125.000    0.000    2.765    0.000 
  331 -343.568    0.281  356.000    0.000  122.000    0.000    2.824    0.000 
  332 -345.015    0.219  356.000    0.000  120.000    0.000    2.824    0.000 
  333 -344.617    0.234  353.000    0.000  119.000    0.000    2.824    0.000 
  334 -350.155    0.219  345.000    0.000  121.000    0.000    2.824    0.000 
  335 -357.489    0.297  346.000    0.000  119.000    0.000    2.824    0.000 
  336 -357.132    0.203  347.000    0.000  121.000    0.000    2.824    0.000 
  337 -366.299    0.172  344.000    0.000  124.000    0.000    2.824    0.000 
  338 -363.483    0.172  347.000    0.000  124.000    0.000    2.824    0.000 
  339 -363.738    0.141  344.000    0.000  124.000    0.000    2.824    0.000 
  340 -365.795    0.109  343.000    0.000  125.000    0.000    2.824    0.000 
  341 -369.095    0.312  341.000    0.000  128.000    0.000    2.824    0.000 
  342 -371.210    0.156  339.000    0.000  127.000    0.000    2.824    0.000 
  343 -375.356    0.219  337.000    0.000  132.000    0.000    2.883    0.000 
  344 -371.278    0.109  338.000    0.000  131.000    0.000 2402.000    0.000 
  345 -364.511    0.203  339.000    0.000  133.000    0.000 2402.000    0.000 
  346 -372.685    0.219  345.000    0.000  133.000    0.000 2402.000    0.000 
  347 -376.264    0.172  342.000    0.000  133.000    0.000 2402.000    0.000 
  348 -384.637    0.109  339.000    0.000  131.000    0.000    3.125    0.000 
  349 -387.659    0.219  343.000    0.000  129.000    0.000    3.125    0.000 
  350 -389.565    0.156  345.000    0.000  131.000    0.000    3.188    0.000 
  351 -395.672    0.219  337.000    0.000  136.000    0.000    3.400    0.000 
  352 -404.267    0.203  336.000    0.000  136.000    0.000    3.250    0.000 
  353 -403.021    0.234  339.000    0.000  137.000    0.000    3.313    0.000 
  354 -398.077    0.203  336.000    0.000  138.000    0.000    3.313    0.000 
  355 -399.523    0.172  331.000    0.000  143.000    0.000    3.313    0.000 
  356 -399.238    0.250  335.000    0.000  142.000    0.000    3.118    0.000 
  357 -408.854    0.281  331.000    0.000  143.000    0.000    3.376    0.000 
  358 -417.558    0.094  335.000    0.000  143.000    0.000    3.438    0.000 
  359 -418.740    0.109  332.000    0.000  144.000    0.000    3.438    0.000 
  360 -416.335    0.141  329.000    0.000  148.000    0.000    3.438    0.000 
  361 -418.123    0.156  331.000    0.000  147.000    0.000    3.667    0.000 
  362 -418.946    0.203  328.000    0.000  146.000    0.000    3.667    0.000 
  363 -424.627    0.172  327.000    0.000  146.000    0.000    3.667    0.000 
  364 -423.329    0.281  329.000    0.000  142.000    0.000    3.438    0.000 
  365 -432.853    0.234  326.000    0.000  142.000    0.000    3.501    0.000 
  366 -432.322    0.125  334.000    0.000  144.000    0.000    3.501    0.000 
  367 -428.885    0.219  330.000    0.000  148.000    0.000    3.501    0.000 
  368 -435.315    0.125  334.000    0.000  148.000    0.000    3.501    0.000 
  369 -444.154    0.172  337.000    0.000  144.000    0.000    3.563    0.000 
  370 -442.307    0.172  336.000    0.000  143.000    0.000    3.563    0.000 
  371 -440.621    0.109  335.000    0.000  143.000    0.000    3.801    0.000 
  372 -440.333    0.141  336.000    0.000  147.000    0.000    3.801    0.000 
  373 -444.528    0.156  332.000    0.000  143.000    0.000    3.801    0.000 
  374 -448.342    0.188  332.000    0.000  142.000    0.000    3.801    0.000 
  375 -455.354    0.203  339.000    0.000  142.000    0.000    4.143    0.000 
  376 -456.137    0.156  339.000    0.000  144.000    0.000    4.215    0.000 
  377 -456.341    0.078  336.000    0.000  145.000    0.000    3.934    0.000 
  378 -462.094    0.203  331.000    0.000  144.000    0.000    4.000    0.000 
  379 -460.914    0.125  331.000    0.000  145.000    0.000    4.000    0.000 
  380 -463.026    0.188  333.000    0.000  147.000    0.000    4.001    0.000 
  381 -465.060    0.156  331.000    0.000  146.000    0.000    4.001    0.000 
  382 -464.059    0.188  335.000    0.000  145.000    0.000    4.001    0.000 
  383 -464.613    0.281  329.000    0.000  147.000    0.000    4.286    0.000 
  384 -466.435    0.109  332.000    0.000  145.000    0.000    4.286    0.000 
  385 -467.891    0.094  334.000    0.000  146.000    0.000    4.286    0.000 
  386 -470.149    0.141  333.000    0.000  147.000    0.000    3.751    0.000 
  387 -464.249    0.266  342.000    0.000  146.000    0.000    3.751    0.000 
  388 -458.297    0.156  346.000    0.000  148.000    0.000    3.751    0.000 
  389 -458.474    0.203  349.000    0.000  148.000    0.000    4.001    0.000 
  390 -458.619    0.062  351.000    0.000  147.000    0.000    4.001    0.000 
  391 -460.145    0.172  356.000    0.000  150.000    0.000    4.001    0.000 
  392 -463.130    0.125  352.000    0.000  150.000    0.000    4.001    0.000 
  393 -474.697    0.188  348.000    0.000  149.000    0.000    4.001    0.000 
  394 -477.159    0.125  346.000    0.000  149.000    0.000    4.001    0.000 
  395 -476.416    0.094  346.000    0.000  149.000    0.000    4.001    0.000 
  396 -477.603    0.156  340.000    0.000  147.000    0.000 3601.000    0.000 
  397 -474.775    0.156  340.000    0.000  149.000    0.000 3601.000    0.000 
  398 -479.918    0.172  339.000    0.000  148.000    0.000 3601.000    0.000 
  399 -476.667    0.141  338.000    0.000  152.000    0.000    3.751    0.000 
  400 -478.590    0.141  335.000    0.000  151.000    0.000    4.001    0.000 
  401 -476.262    0.156  341.000    0.000  151.000    0.000    3.751    0.000 
  402 -481.416    0.125  337.000    0.000  151.000    0.000    3.751    0.000 
  403 -488.528    0.188  335.000    0.000  156.000    0.000    3.751    0.000 
  404 -486.366    0.156  335.000    0.000  156.000    0.000    3.751    0.000 
  405 -487.212    0.219  333.000    0.000  152.000    0.000    3.751    0.000 
  406 -487.713    0.141  336.000    0.000  150.000    0.000    3.751    0.000 
  407 -489.322    0.172  337.000    0.000  153.000    0.000 3601.000    0.000 
  408 -490.242    0.172  342.000    0.000  153.000    0.000 3601.000    0.000 
  409 -489.950    0.094  338.000    0.000  151.000    0.000 3601.000    0.000 
  410 -491.050    0.203  333.000    0.000  151.000    0.000 3601.000    0.000 
  411 -490.107    0.141  332.000    0.000  153.000    0.000 3601.000    0.000 
  412 -493.019    0.203  331.000    0.000  153.000    0.000 3601.000    0.000 
  413 -497.546    0.141  332.000    0.000  152.000    0.000 3601.000    0.000 
  414 -498.667    0.078  331.000    0.000  154.000    0.000 3601.000    0.000 
  415 -502.275    0.188  327.000    0.000  159.000    0.000 3601.000    0.000 
  416 -497.887    0.125  331.000    0.000  160.000    0.000 3601.000    0.000 
  417 -501.075    0.188  333.000    0.000  161.000    0.000 3601.000    0.000 
  418 -505.592    0.172  330.000    0.000  159.000    0.000 3601.000    0.000 
  419 -505.371    0.078  331.000    0.000  160.000    0.000 3601.000    0.000 
  420 -505.108    0.172  332.000    0.000  159.000    0.000 3601.000    0.000 
  421 -504.462    0.203  331.000    0.000  162.000    0.000 3601.000    0.000 
  422 -510.388    0.141  326.000    0.000  163.000    0.000 3601.000    0.000 
  423 -514.072    0.188  328.000    0.000  163.000    0.000 3601.000    0.000 
  424 -514.022    0.156  330.000    0.000  161.000    0.000 3601.000    0.000 
  425 -513.839    0.047  333.000    0.000  158.000    0.000 3601.000    0.000 
  426 -513.487    0.203  334.000    0.000  164.000    0.000 3601.000    0.000 
  427 -510.605    0.125  338.000    0.000  164.000    0.000 3601.000    0.000 
  428 -512.449    0.141  339.000    0.000  164.000    0.000 3601.000    0.000 
  429 -515.546    0.156  339.000    0.000  167.000    0.000 3601.000    0.000 
  430 -515.996    0.156  333.000    0.000  166.000    0.000 3601.000    0.000 
  431 -519.764    0.156  333.000    0.000  167.000    0.000 3601.000    0.000 
  432 -526.420    0.125  333.000    0.000  164.000    0.000 3601.000    0.000 
  433 -527.221    0.125  337.000    0.000  163.000    0.000 3601.000    0.000 
  434 -525.484    0.094  337.000    0.000  165.000    0.000 3601.000    0.000 
  435 -533.353    0.172  340.000    0.000  166.000    0.000    5.001    0.000 
  436 -534.435    0.109  339.000    0.000  166.000    0.000    5.001    0.000 
  437 -536.428    0.141  332.000    0.000  168.000    0.000    5.001    0.000 
  438 -536.555    0.109  335.000    0.000  168.000    0.000    5.001    0.000 
  439 -538.067    0.125  337.000    0.000  170.000    0.000   30.004    0.000 
  440 -537.091    0.094  337.000    0.000  170.000    0.000   30.004    0.000 
  441 -539.753    0.250  337.000    0.000  168.000    0.000   30.004    0.000 
  442 -543.434    0.234  338.000    0.000  171.000    0.000   30.004    0.000 
  443 -543.176    0.172  337.000    0.000  169.000    0.000   30.004    0.000 
  444 -543.162    0.203  338.000    0.000  170.000    0.000   30.004    0.000 
  445 -545.730    0.109  337.000    0.000  170.000    0.000   30.004    0.000 
  446 -546.759    0.125  337.000    0.000  168.000    0.000   30.004    0.000 
  447 -548.632    0.078  336.000    0.000  170.000    0.000   30.004    0.000 
  448 -550.854    0.203  337.000    0.000  169.000    0.000 3604.000    0.000 
  449 -554.431    0.078  336.000    0.000  170.000    0.000 3604.000    0.000 
  450 -552.577    0.109  337.000    0.000  171.000    0.000    6.003    0.000 
  451 -549.667    0.109  338.000    0.000  172.000    0.000    6.003    0.000 
  452 -539.746    0.141  343.000    0.000  174.000    0.000    5.458    0.000 
  453 -542.351    0.109  338.000    0.000  174.000    0.000    5.458    0.000 
  454 -543.992    0.109  343.000    0.000  172.000    0.000    5.458    0.000 
  455 -550.106    0.141  340.000    0.000  172.000    0.000    5.458    0.000 
  456 -558.023    0.172  341.000    0.000  177.000    0.000 3604.000    0.000 
  457 -561.391    0.094  335.000    0.000  178.000    0.000 3604.000    0.000 
  458 -563.662    0.062  335.000    0.000  179.000    0.000    5.458    0.000 
  459 -569.495    0.141  336.000    0.000  178.000    0.000    8.576    0.000 
  460 -564.691    0.188  340.000    0.000  180.000    0.000   30.037    0.000 
  461 -566.152    0.109  337.000    0.000  180.000    0.000 3609.000    0.000 
  462 -563.384    0.172  334.000    0.000  182.000    0.000 3609.000    0.000 
  463 -562.847    0.078  331.000    0.000  184.000    0.000 3609.000    0.000 
  464 -560.148    0.125  331.000    0.000  187.000    0.000 3609.000    0.000 
  465 -573.049    0.156  327.000    0.000  183.000    0.000 3609.000    0.000 
  466 -570.848    0.109  326.000    0.000  181.000    0.000 3609.000    0.000 
  467 -569.325    0.109  325.000    0.000  181.000    0.000 3609.000    0.000 
  468 -575.258    0.109  328.000    0.000  185.000    0.000 3609.000    0.000 
  469 -574.184    0.078  327.000    0.000  187.000    0.000 3609.000    0.000 
  470 -576.392    0.062  325.000    0.000  186.000    0.000 3609.000    0.000 
  471 -576.713    0.078  326.000    0.000  184.000    0.000 3609.000    0.000 
  472 -582.078    0.125  322.000    0.000  183.000    0.000 3604.000    0.000 
  473 -578.279    0.109  323.000    0.000  182.000    0.000 3604.000    0.000 
  474 -581.004    0.109  324.000    0.000  181.000    0.000 3604.000    0.000 
  475 -582.601    0.188  330.000    0.000  182.000    0.000 3604.000    0.000 
  476 -587.108    0.141  331.000    0.000  180.000    0.000   30.017    0.000 
  477 -582.575    0.062  329.000    0.000  181.000    0.000   30.017    0.000 
  478 -587.962    0.141  332.000    0.000  180.000    0.000   30.017    0.000 
  479 -589.092    0.094  332.000    0.000  179.000    0.000   30.017    0.000 
  480 -592.176    0.125  332.000    0.000  182.000    0.000   30.017    0.000 
  481 -593.129    0.047  329.000    0.000  182.000    0.000   30.017    0.000 
  482 -594.246    0.125  323.000    0.000  182.000    0.000   30.017    0.000 
  483 -589.012    0.109  326.000    0.000  182.000    0.000   30.017    0.000 
  484 -592.380    0.125  330.000    0.000  182.000    0.000   30.017    0.000 
  485 -592.919    0.156  328.000    0.000  182.000    0.000   30.017    0.000 
  486 -599.290    0.078  327.000    0.000  182.000    0.000   30.017    0.000 
  487 -599.289    0.094  329.000    0.000  182.000    0.000   30.017    0.000 
  488 -606.185    0.109  330.000    0.000  181.000    0.000   30.017    0.000 
  489 -610.181    0.141  331.000    0.000  180.000    0.000   30.017    0.000 
  490 -615.640    0.109  330.000    0.000  182.000    0.000 3604.000    0.000 
  491 -618.844    0.094  330.000    0.000  182.000    0.000 3604.000    0.000 
  492 -618.001    0.062  328.000    0.000  182.000    0.000 3604.000    0.000 
  493 -618.995    0.109  331.000    0.000  184.000    0.000 3604.000    0.000 
  494 -619.677    0.078  330.000    0.000  184.000    0.000 3604.000    0.000 
  495 -622.165    0.062  330.000    0.000  185.000    0.000 3604.000    0.000 
  496 -617.625    0.125  328.000    0.000  186.000    0.000 3604.000    0.000 
  497 -619.610    0.109  331.000    0.000  187.000    0.000 3604.000    0.000 
  498 -619.284    0.062  329.000    0.000  186.000    0.000 3604.000    0.000 
  499 -622.405    0.078  328.000    0.000  185.000    0.000 3604.000    0.000 
  500 -620.752    0.062  330.000    0.000  185.000    0.000 3604.000    0.000 
  501 -621.431    0.062  330.000    0.000  185.000    0.000 3604.000    0.000 
  502 -623.161    0.094  326.000    0.000  184.000    0.000 3604.000    0.000 
  503 -617.815    0.203  335.000    0.000  184.000    0.000   30.037    0.000 
  504 -613.948    0.047  332.000    0.000  184.000    0.000   30.037    0.000 
  505 -616.104    0.109  331.000    0.000  185.000    0.000 3609.000    0.000 
  506 -616.113    0.062  329.000    0.000  185.000    0.000 3609.000    0.000 
  507 -623.884    0.062  329.000    0.000  185.000    0.000 3604.000    0.000 
  508 -622.404    0.156  325.000    0.000  184.000    0.000 3604.000    0.000 
  509 -626.267    0.094  329.000    0.000  184.000    0.000 3604.000    0.000 
  510 -626.849    0.109  326.000    0.000  184.000    0.000 3604.000    0.000 
  511 -628.857    0.141  329.000    0.000  185.000    0.000 3604.000    0.000 
  512 -625.569    0.062  331.000    0.000  186.000    0.000 3604.000    0.000 
  513 -625.045    0.062  333.000    0.000  186.000    0.000 3604.000    0.000 
  514 -617.608    0.172  336.000    0.000  186.000    0.000 3609.000    0.000 
  515 -620.972    0.203  335.000    0.000  191.000    0.000   30.037    0.000 
  516 -620.469    0.078  336.000    0.000  189.000    0.000   30.037    0.000 
  517 -629.740    0.109  335.000    0.000  192.000    0.000 3604.000    0.000 
  518 -632.327    0.109  338.000    0.000  192.000    0.000 3604.000    0.000 
  519 -635.764    0.125  338.000    0.000  191.000    0.000 3604.000    0.000 
  520 -635.933    0.125  336.000    0.000  193.000    0.000 3604.000    0.000 
  521 -636.321    0.062  334.000    0.000  195.000    0.000 3604.000    0.000 
  522 -636.940    0.062  334.000    0.000  195.000    0.000 3604.000    0.000 
  523 -633.125    0.141  333.000    0.000  198.000    0.000 3604.000    0.000 
  524 -634.902    0.109  330.000    0.000  198.000    0.000 3604.000    0.000 
  525 -633.226    0.109  327.000    0.000  201.000    0.000 3604.000    0.000 
  526 -631.241    0.094  327.000    0.000  200.000    0.000 3604.000    0.000 
  527 -635.581    0.094  329.000    0.000  195.000    0.000    4.618    0.000 
  528 -640.208    0.188  329.000    0.000  196.000    0.000    4.618    0.000 
  529 -640.593    0.078  330.000    0.000  196.000    0.000    4.618    0.000 
  530 -642.517    0.078  331.000    0.000  199.000    0.000   30.017    0.000 
  531 -642.980    0.094  331.000    0.000  197.000    0.000    5.003    0.000 
  532 -643.722    0.078  328.000    0.000  197.000    0.000    5.003    0.000 
  533 -646.531    0.078  327.000    0.000  196.000    0.000    5.003    0.000 
  534 -648.368    0.109  326.000    0.000  197.000    0.000    5.003    0.000 
  535 -650.255    0.109  327.000    0.000  198.000    0.000    5.003    0.000 
  536 -650.713    0.078  328.000    0.000  195.000    0.000    5.003    0.000 
  537 -651.183    0.031  328.000    0.000  193.000    0.000    5.003    0.000 
  538 -652.988    0.078  327.000    0.000  194.000    0.000   30.017    0.000 
  539 -652.988    0.031  327.000    0.000  194.000    0.000   30.017    0.000 
  540 -652.725    0.109  328.000    0.000  196.000    0.000   30.017    0.000 
  541 -653.157    0.047  329.000    0.000  196.000    0.000   30.017    0.000 
  542 -657.118    0.047  326.000    0.000  197.000    0.000   30.017    0.000 
  543 -657.202    0.125  324.000    0.000  195.000    0.000   30.017    0.000 
  544 -656.199    0.078  321.000    0.000  193.000    0.000   30.017    0.000 
  545 -660.206    0.094  319.000    0.000  194.000    0.000 3604.000    0.000 
  546 -654.533    0.094  319.000    0.000  194.000    0.000 3604.000    0.000 
  547 -655.646    0.031  321.000    0.000  194.000    0.000 3604.000    0.000 
  548 -654.192    0.062  321.000    0.000  192.000    0.000 3604.000    0.000 
  549 -650.625    0.125  319.000    0.000  193.000    0.000   30.017    0.000 
  550 -650.370    0.094  321.000    0.000  198.000    0.000   30.017    0.000 
  551 -652.605    0.094  321.000    0.000  193.000    0.000 3604.000    0.000 
  552 -653.148    0.078  322.000    0.000  195.000    0.000 3604.000    0.000 
  553 -656.071    0.047  321.000    0.000  196.000    0.000 3604.000    0.000 
  554 -656.340    0.078  318.000    0.000  196.000    0.000 3604.000    0.000 
  555 -655.940    0.031  316.000    0.000  196.000    0.000 3604.000    0.000 
  556 -657.568    0.094  316.000    0.000  197.000    0.000   30.017    0.000 
  557 -656.647    0.062  318.000    0.000  196.000    0.000   30.017    0.000 
  558 -659.179    0.078  319.000    0.000  197.000    0.000   30.017    0.000 
  559 -658.592    0.031  319.000    0.000  197.000    0.000   30.017    0.000 
  560 -658.005    0.094  319.000    0.000  197.000    0.000   30.017    0.000 
  561 -658.746    0.062  317.000    0.000  197.000    0.000   30.017    0.000 
  562 -660.762    0.094  315.000    0.000  196.000    0.000   30.017    0.000 
  563 -661.025    0.172  314.000    0.000  196.000    0.000   30.017    0.000 
  564 -661.441    0.094  312.000    0.000  196.000    0.000   30.017    0.000 
  565 -659.330    0.094  314.000    0.000  195.000    0.000   30.017    0.000 
  566 -658.654    0.125  318.000    0.000  197.000    0.000   30.017    0.000 
  567 -660.209    0.109  321.000    0.000  193.000    0.000   30.017    0.000 
  568 -663.364    0.047  322.000    0.000  192.000    0.000   30.017    0.000 
  569 -663.511    0.047  325.000    0.000  192.000    0.000   30.017    0.000 
  570 -665.622    0.109  322.000    0.000  195.000    0.000   30.017    0.000 
  571 -663.135    0.062  318.000    0.000  196.000    0.000   30.017    0.000 
  572 -666.224    0.078  319.000    0.000  193.000    0.000 3604.000    0.000 
  573 -668.036    0.141  320.000    0.000  192.000    0.000 3604.000    0.000 
  574 -667.987    0.031  318.000    0.000  194.000    0.000 3604.000    0.000 
  575 -667.838    0.094  316.000    0.000  196.000    0.000 3604.000    0.000 
  576 -669.904    0.062  318.000    0.000  195.000    0.000 3604.000    0.000 
  577 -670.023    0.125  320.000    0.000  193.000    0.000   30.017    0.000 
  578 -670.831    0.031  320.000    0.000  193.000    0.000   30.017    0.000 
  579 -667.639    0.094  322.000    0.000  190.000    0.000   30.017    0.000 
  580 -668.036    0.031  322.000    0.000  190.000    0.000   30.017    0.000 
  581 -668.459    0.031  322.000    0.000  190.000    0.000   30.017    0.000 
  582 -673.795    0.094  320.000    0.000  192.000    0.000   30.017    0.000 
  583 -673.797    0.016  319.000    0.000  192.000    0.000   30.017    0.000 
  584 -671.850    0.031  321.000    0.000  193.000    0.000   30.017    0.000 
  585 -671.351    0.094  325.000    0.000  193.000    0.000   30.017    0.000 
  586 -671.723    0.078  326.000    0.000  193.000    0.000   30.017    0.000 
  587 -675.903    0.047  327.000    0.000  195.000    0.000   30.017    0.000 
  588 -678.834    0.094  329.000    0.000  194.000    0.000   30.017    0.000 
  589 -678.725    0.047  328.000    0.000  196.000    0.000   30.017    0.000 
  590 -679.378    0.094  330.000    0.000  197.000    0.000   30.017    0.000 
  591 -679.563    0.078  331.000    0.000  199.000    0.000   30.017    0.000 
  592 -679.276    0.078  330.000    0.000  197.000    0.000   30.017    0.000 
  593 -679.536    0.078  331.000    0.000  197.000    0.000   30.017    0.000 
  594 -681.910    0.094  331.000    0.000  198.000    0.000   30.017    0.000 
  595 -681.010    0.031  331.000    0.000  196.000    0.000   30.017    0.000 
  596 -679.189    0.031  329.000    0.000  195.000    0.000   30.017    0.000 
  597 -681.248    0.062  325.000    0.000  197.000    0.000   30.017    0.000 
  598 -681.226    0.016  326.000    0.000  197.000    0.000   30.017    0.000 
  599 -681.226    0.031  326.000    0.000  197.000    0.000   30.017    0.000 
  600 -677.594    0.078  329.000    0.000  198.000    0.000   30.017    0.000 
  601 -681.003    0.094  327.000    0.000  199.000    0.000 3604.000    0.000 
  602 -683.554    0.109  324.000    0.000  200.000    0.000 3604.000    0.000 
  603 -684.410    0.094  322.000    0.000  201.000    0.000 3604.000    0.000 
  604 -686.773    0.094  320.000    0.000  202.000    0.000 3604.000    0.000 
  605 -687.569    0.062  320.000    0.000  202.000    0.000   30.017    0.000 
  606 -687.340    0.047  321.000    0.000  204.000    0.000   30.017    0.000 
  607 -684.732    0.078  322.000    0.000  203.000    0.000   30.017    0.000 
  608 -685.250    0.047  321.000    0.000  203.000    0.000   30.017    0.000 
  609 -688.288    0.094  321.000    0.000  202.000    0.000   30.017    0.000 
  610 -687.868    0.141  322.000    0.000  202.000    0.000   30.017    0.000 
  611 -687.542    0.078  321.000    0.000  202.000    0.000   30.017    0.000 
  612 -687.445    0.047  322.000    0.000  202.000    0.000   30.017    0.000 
  613 -687.603    0.062  326.000    0.000  202.000    0.000   30.017    0.000 
  614 -685.007    0.031  324.000    0.000  201.000    0.000   30.017    0.000 
  615 -685.186    0.047  325.000    0.000  203.000    0.000   30.017    0.000 
  616 -685.186    0.031  325.000    0.000  203.000    0.000   30.017    0.000 
  617 -686.914    0.078  328.000    0.000  206.000    0.000 3604.000    0.000 
  618 -689.346    0.047  327.000    0.000  207.000    0.000 3604.000    0.000 
  619 -696.662    0.094  329.000    0.000  208.000    0.000 3604.000    0.000 
  620 -693.592    0.031  327.000    0.000  209.000    0.000 3604.000    0.000 
  621 -696.756    0.047  328.000    0.000  208.000    0.000 3604.000    0.000 
  622 -696.376    0.031  326.000    0.000  208.000    0.000 3604.000    0.000 
  623 -698.889    0.062  326.000    0.000  207.000    0.000   30.017    0.000 
  624 -699.165    0.016  325.000    0.000  207.000    0.000 3604.000    0.000 
  625 -697.648    0.125  321.000    0.000  208.000    0.000 3604.000    0.000 
  626 -697.859    0.062  325.000    0.000  208.000    0.000 3604.000    0.000 
  627 -697.334    0.031  323.000    0.000  208.000    0.000 3604.000    0.000 
  628 -703.593    0.047  324.000    0.000  206.000    0.000 3604.000    0.000 
  629 -705.394    0.094  326.000    0.000  207.000    0.000 3604.000    0.000 
  630 -705.481    0.078  323.000    0.000  207.000    0.000 3604.000    0.000 
  631 -699.923    0.094  329.000    0.000  208.000    0.000 3609.000    0.000 
  632 -704.230    0.125  329.000    0.000  207.000    0.000 3604.000    0.000 
  633 -700.001    0.062  333.000    0.000  208.000    0.000   30.037    0.000 
  634 -703.735    0.047  332.000    0.000  207.000    0.000   30.037    0.000 
  635 -703.572    0.047  331.000    0.000  207.000    0.000   30.037    0.000 
  636 -703.516    0.016  332.000    0.000  207.000    0.000   30.037    0.000 
  637 -701.203    0.078  329.000    0.000  208.000    0.000 3609.000    0.000 
  638 -706.259    0.047  330.000    0.000  208.000    0.000 3609.000    0.000 
  639 -707.704    0.062  326.000    0.000  208.000    0.000 3609.000    0.000 
  640 -711.708    0.062  328.000    0.000  208.000    0.000 3609.000    0.000 
  641 -709.772    0.047  331.000    0.000  210.000    0.000 3609.000    0.000 
  642 -710.859    0.047  328.000    0.000  210.000    0.000 3609.000    0.000 
  643 -709.831    0.062  332.000    0.000  210.000    0.000 3609.000    0.000 
  644 -711.949    0.094  328.000    0.000  208.000    0.000 3609.000    0.000 
  645 -717.505    0.094  328.000    0.000  208.000    0.000   30.017    0.000 
  646 -717.656    0.031  326.000    0.000  208.000    0.000   30.017    0.000 
  647 -720.681    0.047  327.000    0.000  207.000    0.000   30.017    0.000 
  648 -720.730    0.094  327.000    0.000  207.000    0.000   30.017    0.000 
  649 -718.688    0.094  327.000    0.000  209.000    0.000   30.017    0.000 
  650 -715.839    0.031  327.000    0.000  210.000    0.000   30.017    0.000 
  651 -716.878    0.047  324.000    0.000  210.000    0.000   30.017    0.000 
  652 -713.756    0.078  327.000    0.000  211.000    0.000 3609.000    0.000 
  653 -713.312    0.078  326.000    0.000  211.000    0.000 3609.000    0.000 
  654 -721.479    0.047  325.000    0.000  212.000    0.000   30.017    0.000 
  655 -722.876    0.109  322.000    0.000  213.000    0.000 3604.000    0.000 
  656 -723.583    0.031  322.000    0.000  213.000    0.000 3604.000    0.000 
  657 -729.230    0.078  325.000    0.000  211.000    0.000 3604.000    0.000 
  658 -730.667    0.047  324.000    0.000  212.000    0.000 3604.000    0.000 
  659 -732.687    0.062  324.000    0.000  213.000    0.000   30.017    0.000 
  660 -734.149    0.047  327.000    0.000  214.000    0.000 3604.000    0.000 
  661 -734.443    0.016  326.000    0.000  214.000    0.000   30.017    0.000 
  662 -731.565    0.062  326.000    0.000  215.000    0.000   30.017    0.000 
  663 -734.899    0.047  323.000    0.000  214.000    0.000   30.017    0.000 
  664 -734.302    0.078  326.000    0.000  214.000    0.000   30.017    0.000 
  665 -734.065    0.047  329.000    0.000  214.000    0.000   30.017    0.000 
  666 -733.899    0.047  330.000    0.000  214.000    0.000   30.017    0.000 
  667 -734.666    0.047  327.000    0.000  214.000    0.000   30.017    0.000 
  668 -731.335    0.062  329.000    0.000  213.000    0.000   30.017    0.000 
  669 -727.687    0.078  324.000    0.000  213.000    0.000 3604.000    0.000 
  670 -729.459    0.062  326.000    0.000  210.000    0.000 3604.000    0.000 
  671 -731.181    0.078  327.000    0.000  213.000    0.000 3604.000    0.000 
  672 -735.393    0.047  324.000    0.000  214.000    0.000 3604.000    0.000 
  673 -735.956    0.062  324.000    0.000  214.000    0.000   30.017    0.000 
  674 -735.820    0.047  325.000    0.000  214.000    0.000   30.017    0.000 
  675 -735.487    0.094  327.000    0.000  214.000    0.000 3604.000    0.000 
  676 -735.346    0.031  327.000    0.000  214.000    0.000 3604.000    0.000 
  677 -735.382    0.047  326.000    0.000  214.000    0.000 3604.000    0.000 
  678 -736.003    0.031  324.000    0.000  214.000    0.000 3604.000    0.000 
  679 -735.523    0.062  326.000    0.000  214.000    0.000   30.017    0.000 
  680 -735.515    0.109  325.000    0.000  214.000    0.000 3604.000    0.000 
  681 -738.870    0.125  327.000    0.000  213.000    0.000 3604.000    0.000 
  682 -738.493    0.031  327.000    0.000  213.000    0.000 3604.000    0.000 
  683 -738.658    0.031  327.000    0.000  213.000    0.000   30.017    0.000 
  684 -742.636    0.047  328.000    0.000  213.000    0.000   30.017    0.000 
  685 -742.208    0.047  329.000    0.000  213.000    0.000   30.017    0.000 
  686 -743.021    0.031  327.000    0.000  213.000    0.000   30.017    0.000 
  687 -743.424    0.031  325.000    0.000  213.000    0.000   30.017    0.000 
  688 -746.290    0.094  327.000    0.000  212.000    0.000   30.017    0.000 
  689 -746.916    0.047  326.000    0.000  212.000    0.000   30.017    0.000 
  690 -748.669    0.062  326.000    0.000  213.000    0.000   30.017    0.000 
  691 -750.652    0.078  327.000    0.000  214.000    0.000   30.017    0.000 
  692 -750.427    0.031  329.000    0.000  214.000    0.000   30.017    0.000 
  693 -753.241    0.062  333.000    0.000  216.000    0.000   30.017    0.000 
  694 -753.515    0.016  332.000    0.000  216.000    0.000   30.017    0.000 
  695 -758.048    0.047  331.000    0.000  216.000    0.000 3604.000    0.000 
  696 -758.048    0.031  331.000    0.000  216.000    0.000 3604.000    0.000 
  697 -758.629    0.062  331.000    0.000  216.000    0.000 3604.000    0.000 
  698 -758.584    0.047  330.000    0.000  216.000    0.000 3604.000    0.000 
  699 -758.584    0.000  330.000    0.000  216.000    0.000 3604.000    0.000 
  700 -759.526    0.031  328.000    0.000  216.000    0.000   30.017    0.000 
  701 -760.404    0.062  324.000    0.000  216.000    0.000   30.017    0.000 
  702 -760.063    0.094  326.000    0.000  216.000    0.000   30.017    0.000 
  703 -760.684    0.109  323.000    0.000  216.000    0.000   60.033    0.000 
  704 -765.296    0.078  326.000    0.000  216.000    0.000   60.033    0.000 
  705 -765.900    0.031  326.000    0.000  216.000    0.000   60.033    0.000 
  706 -765.840    0.047  327.000    0.000  216.000    0.000   60.033    0.000 
  707 -768.645    0.047  328.000    0.000  215.000    0.000   30.017    0.000 
  708 -769.112    0.031  326.000    0.000  215.000    0.000   30.017    0.000 
  709 -770.807    0.062  326.000    0.000  216.000    0.000   30.017    0.000 
  710 -772.448    0.016  327.000    0.000  217.000    0.000   30.017    0.000 
  711 -777.101    0.031  327.000    0.000  217.000    0.000   30.017    0.000 
  712 -776.742    0.047  328.000    0.000  217.000    0.000 3604.000    0.000 
  713 -776.973    0.031  328.000    0.000  217.000    0.000 3604.000    0.000 
  714 -777.356    0.078  327.000    0.000  217.000    0.000 3604.000    0.000 
  715 -777.240    0.031  327.000    0.000  217.000    0.000 3604.000    0.000 
  716 -776.634    0.078  330.000    0.000  217.000    0.000 3604.000    0.000 
  717 -777.135    0.094  328.000    0.000  217.000    0.000 3604.000    0.000 
  718 -780.700    0.047  327.000    0.000  216.000    0.000 3604.000    0.000 
  719 -780.444    0.031  327.000    0.000  216.000    0.000 3604.000    0.000 
  720 -781.719    0.047  328.000    0.000  217.000    0.000 3604.000    0.000 
  721 -782.182    0.062  328.000    0.000  217.000    0.000 3604.000    0.000 
  722 -782.472    0.047  327.000    0.000  217.000    0.000 3604.000    0.000 
  723 -782.587    0.031  327.000    0.000  217.000    0.000 3604.000    0.000 
  724 -782.857    0.047  326.000    0.000  217.000    0.000 3604.000    0.000 
  725 -786.567    0.078  323.000    0.000  216.000    0.000   30.017    0.000 
  726 -786.688    0.016  322.000    0.000  216.000    0.000   30.017    0.000 
  727 -786.705    0.031  320.000    0.000  216.000    0.000   30.017    0.000 
  728 -789.979    0.047  323.000    0.000  218.000    0.000   30.017    0.000 
  729 -789.815    0.016  324.000    0.000  218.000    0.000   30.017    0.000 
  730 -790.045    0.031  324.000    0.000  218.000    0.000   30.017    0.000 
  731 -790.376    0.031  322.000    0.000  218.000    0.000   30.017    0.000 
  732 -781.129    0.047  321.000    0.000  217.000    0.000 3609.000    0.000 
  733 -781.098    0.078  322.000    0.000  217.000    0.000 3609.000    0.000 
  734 -782.488    0.031  324.000    0.000  218.000    0.000   30.037    0.000 
  735 -784.100    0.016  325.000    0.000  219.000    0.000   30.037    0.000 
  736 -784.100    0.000  325.000    0.000  219.000    0.000   30.037    0.000 
  737 -788.713    0.078  326.000    0.000  219.000    0.000   30.037    0.000 
  738 -788.759    0.031  326.000    0.000  219.000    0.000   30.037    0.000 
  739 -790.155    0.047  327.000    0.000  220.000    0.000   30.037    0.000 
  740 -798.834    0.047  328.000    0.000  221.000    0.000   30.017    0.000 
  741 -799.234    0.031  326.000    0.000  221.000    0.000   30.017    0.000 
  742 -799.666    0.016  325.000    0.000  221.000    0.000   30.017    0.000 
  743 -797.799    0.047  324.000    0.000  220.000    0.000   30.017    0.000 
  744 -800.866    0.031  324.000    0.000  219.000    0.000   30.017    0.000 
  745 -801.420    0.078  323.000    0.000  219.000    0.000   30.017    0.000 
  746 -807.036    0.094  319.000    0.000  219.000    0.000   30.017    0.000 
  747 -807.036    0.000  319.000    0.000  219.000    0.000   30.017    0.000 
  748 -814.248    0.031  317.000    0.000  217.000    0.000   30.017    0.000 
  749 -817.760    0.062  315.000    0.000  216.000    0.000   30.017    0.000 
  750 -819.387    0.016  316.000    0.000  217.000    0.000   30.017    0.000 
  751 -819.572    0.016  317.000    0.000  217.000    0.000   30.017    0.000 
  752 -819.572    0.000  317.000    0.000  217.000    0.000   30.017    0.000 
  753 -823.222    0.047  316.000    0.000  216.000    0.000   30.017    0.000 
  754 -824.642    0.016  317.000    0.000  217.000    0.000   30.017    0.000 
  755 -826.171    0.031  319.000    0.000  218.000    0.000   30.017    0.000 
  756 -827.651    0.031  321.000    0.000  219.000    0.000   30.017    0.000 
  757 -827.651    0.000  321.000    0.000  219.000    0.000   30.017    0.000 
  758 -827.596    0.047  322.000    0.000  219.000    0.000   30.017    0.000 
  759 -828.944    0.016  323.000    0.000  220.000    0.000   30.017    0.000 
  760 -830.395    0.016  324.000    0.000  221.000    0.000   30.017    0.000 
  761 -830.559    0.016  323.000    0.000  221.000    0.000   60.033    0.000 
  762 -830.666    0.031  325.000    0.000  221.000    0.000   60.033    0.000 
  763 -834.082    0.062  327.000    0.000  220.000    0.000 3604.000    0.000 
  764 -834.260    0.016  326.000    0.000  220.000    0.000 3604.000    0.000 
  765 -834.304    0.016  325.000    0.000  220.000    0.000 3604.000    0.000 
  766 -835.578    0.031  327.000    0.000  221.000    0.000 3604.000    0.000 
  767 -835.380    0.016  328.000    0.000  221.000    0.000   30.017    0.000 
  768 -836.712    0.016  329.000    0.000  222.000    0.000   30.017    0.000 
  769 -837.896    0.016  330.000    0.000  223.000    0.000   30.017    0.000 
  770 -838.113    0.016  329.000    0.000  223.000    0.000   30.017    0.000 
  771 -836.863    0.016  328.000    0.000  222.000    0.000   30.017    0.000 
  772 -836.863    0.000  328.000    0.000  222.000    0.000   30.017    0.000 
  773 -836.666    0.016  329.000    0.000  222.000    0.000   30.017    0.000 
  774 -836.666    0.031  329.000    0.000  222.000    0.000 3604.000    0.000 
  775 -836.863    0.016  328.000    0.000  222.000    0.000   30.017    0.000 
  776 -836.863    0.000  328.000    0.000  222.000    0.000   30.017    0.000 
  777 -836.712    0.078  329.000    0.000  222.000    0.000   30.017    0.000 
  778 -837.896    0.016  330.000    0.000  223.000    0.000   30.017    0.000 
  779 -838.500    0.031  330.000    0.000  224.000    0.000   30.017    0.000 
  780 -838.500    0.000  330.000    0.000  224.000    0.000   30.017    0.000 
  781 -839.106    0.016  331.000    0.000  225.000    0.000 3636.000    0.000 
  782 -839.865    0.031  331.000    0.000  225.000    0.000 3636.000    0.000 
  783 -839.865    0.031  331.000    0.000  225.000    0.000 3636.000    0.000 
  784 -839.987    0.016  332.000    0.000  225.000    0.000 3636.000    0.000 
  785 -840.098    0.031  332.000    0.000  225.000    0.000 3636.000    0.000 
  786 -838.935    0.016  331.000    0.000  224.000    0.000 3636.000    0.000 
  787 -838.678    0.016  332.000    0.000  224.000    0.000 3636.000    0.000 
  788 -838.935    0.016  331.000    0.000  224.000    0.000 3636.000    0.000 
  789 -838.935    0.000  331.000    0.000  224.000    0.000 3636.000    0.000 
  790 -838.935    0.000  331.000    0.000  224.000    0.000 3636.000    0.000 
  791 -839.875    0.016  332.000    0.000  225.000    0.000 3636.000    0.000 
  792 -838.814    0.031  330.000    0.000  224.000    0.000 3636.000    0.000 
  793 -838.814    0.000  330.000    0.000  224.000    0.000 3636.000    0.000 
  794 -842.775    0.047  329.000    0.000  223.000    0.000 3636.000    0.000 
  795 -842.775    0.000  329.000    0.000  223.000    0.000 3636.000    0.000 
  796 -845.125    0.047  330.000    0.000  225.000    0.000 3636.000    0.000 
  797 -846.284    0.031  332.000    0.000  226.000    0.000 3636.000    0.000 
  798 -850.334    0.047  331.000    0.000  225.000    0.000 3625.000    0.000 
  799 -852.225    0.047  328.000    0.000  222.000    0.000 3609.000    0.000 
  800 -852.225    0.000  328.000    0.000  222.000    0.000 3609.000    0.000 
  801 -852.225    0.000  328.000    0.000  222.000    0.000 3609.000    0.000 
  802 -858.518    0.047  329.000    0.000  223.000    0.000   30.037    0.000 
  803 -858.437    0.016  330.000    0.000  223.000    0.000   30.037    0.000 
  804 -858.437    0.000  330.000    0.000  223.000    0.000   30.037    0.000 
  805 -857.277    0.016  329.000    0.000  222.000    0.000   30.017    0.000 
  806 -856.016    0.016  328.000    0.000  221.000    0.000   30.017    0.000 
  807 -856.016    0.000  328.000    0.000  221.000    0.000   30.017    0.000 
  808 -856.016    0.000  328.000    0.000  221.000    0.000   30.017    0.000 
  809 -856.101    0.016  327.000    0.000  221.000    0.000   30.017    0.000 
  810 -856.101    0.000  327.000    0.000  221.000    0.000   30.017    0.000 
  811 -856.101    0.000  327.000    0.000  221.000    0.000   30.017    0.000 
  812 -856.016    0.016  328.000    0.000  221.000    0.000   30.017    0.000 
  813 -856.016    0.000  328.000    0.000  221.000    0.000   30.017    0.000 
  814 -857.277    0.016  329.000    0.000  222.000    0.000   30.017    0.000 
  815 -856.221    0.016  328.000    0.000  221.000    0.000   30.017    0.000 
  816 -856.306    0.078  327.000    0.000  221.000    0.000   30.017    0.000 
  817 -856.306    0.000  327.000    0.000  221.000    0.000   30.017    0.000 
  818 -866.234    0.016  326.000    0.000  221.000    0.000   30.017    0.000 
  819 -867.310    0.016  327.000    0.000  222.000    0.000   30.017    0.000 
  820 -867.134    0.016  328.000    0.000  222.000    0.000   30.017    0.000 
  821 -868.203    0.016  329.000    0.000  223.000    0.000   30.017    0.000 
  822 -867.986    0.016  330.000    0.000  223.000    0.000   30.017    0.000 
  823 -867.986    0.062  330.000    0.000  223.000    0.000   30.017    0.000 
  824 -868.881    0.031  330.000    0.000  224.000    0.000   30.017    0.000 
  825 -868.868    0.047  331.000    0.000  224.000    0.000   30.017    0.000 
  826 -869.942    0.016  332.000    0.000  225.000    0.000   30.017    0.000 
  827 -869.942    0.000  332.000    0.000  225.000    0.000   30.017    0.000 
  828 -870.917    0.016  333.000    0.000  226.000    0.000   30.017    0.000 
  829 -870.917    0.000  333.000    0.000  226.000    0.000   30.017    0.000 
  830 -871.106    0.016  332.000    0.000  226.000    0.000   30.017    0.000 
  831 -871.106    0.000  332.000    0.000  226.000    0.000   30.017    0.000 
  832 -872.092    0.016  333.000    0.000  227.000    0.000   30.017    0.000 
  833 -871.994    0.016  332.000    0.000  227.000    0.000   30.017    0.000 
  834 -872.772    0.016  333.000    0.000  228.000    0.000   30.017    0.000 
  835 -873.529    0.031  335.000    0.000  229.000    0.000   30.017    0.000 
  836 -873.529    0.000  335.000    0.000  229.000    0.000   30.017    0.000 
  837 -873.051    0.031  333.000    0.000  229.000    0.000   30.017    0.000 
  838 -872.928    0.016  334.000    0.000  229.000    0.000   30.017    0.000 
  839 -873.051    0.016  333.000    0.000  229.000    0.000   30.017    0.000 
  840 -872.023    0.031  333.000    0.000  228.000    0.000   30.017    0.000 
  841 -872.023    0.000  333.000    0.000  228.000    0.000   30.017    0.000 
  842 -872.796    0.047  334.000    0.000  229.000    0.000   30.017    0.000 
  843 -872.796    0.000  334.000    0.000  229.000    0.000   30.017    0.000 
  844 -872.023    0.016  333.000    0.000  228.000    0.000   30.017    0.000 
  845 -872.023    0.000  333.000    0.000  228.000    0.000   30.017    0.000 
  846 -872.397    0.031  333.000    0.000  228.000    0.000   30.017    0.000 
  847 -871.124    0.031  331.000    0.000  227.000    0.000   30.017    0.000 
  848 -870.009    0.047  328.000    0.000  227.000    0.000   30.017    0.000 
  849 -870.076    0.016  329.000    0.000  227.000    0.000   30.017    0.000 
  850 -870.099    0.062  327.000    0.000  227.000    0.000   30.017    0.000 
  851 -869.531    0.047  326.000    0.000  226.000    0.000   30.017    0.000 
  852 -870.307    0.016  327.000    0.000  226.000    0.000   30.017    0.000 
  853 -870.551    0.047  328.000    0.000  226.000    0.000   30.017    0.000 
  854 -871.669    0.016  329.000    0.000  227.000    0.000   30.017    0.000 
  855 -872.847    0.031  331.000    0.000  228.000    0.000   30.017    0.000 
  856 -872.940    0.016  332.000    0.000  228.000    0.000   30.017    0.000 
  857 -872.940    0.000  332.000    0.000  228.000    0.000   30.017    0.000 
  858 -871.854    0.016  331.000    0.000  227.000    0.000   30.017    0.000 
  859 -871.340    0.016  330.000    0.000  227.000    0.000   30.017    0.000 
  860 -871.854    0.016  331.000    0.000  227.000    0.000   30.017    0.000 
  861 -872.368    0.016  332.000    0.000  228.000    0.000   30.017    0.000 
  862 -871.854    0.016  331.000    0.000  227.000    0.000   30.017    0.000 
  863 -871.567    0.031  331.000    0.000  227.000    0.000   30.017    0.000 
  864 -871.567    0.000  331.000    0.000  227.000    0.000   30.017    0.000 
  865 -870.808    0.031  331.000    0.000  226.000    0.000   30.017    0.000 
  866 -871.994    0.016  332.000    0.000  227.000    0.000   30.017    0.000 
  867 -873.805    0.031  334.000    0.000  229.000    0.000   30.017    0.000 
  868 -873.805    0.000  334.000    0.000  229.000    0.000   30.017    0.000 
  869 -873.753    0.016  333.000    0.000  229.000    0.000   30.017    0.000 
  870 -874.229    0.016  334.000    0.000  230.000    0.000   30.017    0.000 
  871 -873.961    0.016  333.000    0.000  230.000    0.000   30.017    0.000 
  872 -874.933    0.016  334.000    0.000  231.000    0.000   30.017    0.000 
  873 -875.178    0.016  335.000    0.000  231.000    0.000   30.017    0.000 
  874 -875.178    0.031  335.000    0.000  231.000    0.000   30.017    0.000 
  875 -875.178    0.000  335.000    0.000  231.000    0.000   30.017    0.000 
  876 -874.961    0.031  335.000    0.000  231.000    0.000   30.017    0.000 
  877 -873.946    0.016  334.000    0.000  230.000    0.000   30.017    0.000 
  878 -873.946    0.000  334.000    0.000  230.000    0.000   30.017    0.000 
  879 -875.034    0.031  336.000    0.000  231.000    0.000   30.017    0.000 
  880 -875.087    0.016  337.000    0.000  231.000    0.000   30.017    0.000 
  881 -875.087    0.031  337.000    0.000  231.000    0.000   30.017    0.000 
  882 -875.875    0.016  338.000    0.000  232.000    0.000   30.017    0.000 
  883 -875.026    0.047  335.000    0.000  231.000    0.000   30.017    0.000 
  884 -875.026    0.000  335.000    0.000  231.000    0.000   30.017    0.000 
  885 -874.433    0.016  334.000    0.000  231.000    0.000   30.017    0.000 
  886 -874.433    0.000  334.000    0.000  231.000    0.000   30.017    0.000 
  887 -868.130    0.031  336.000    0.000  232.000    0.000   30.037    0.000 
  888 -868.570    0.031  336.000    0.000  233.000    0.000   30.037    0.000 
  889 -868.570    0.000  336.000    0.000  233.000    0.000   30.037    0.000 
  890 -868.570    0.000  336.000    0.000  233.000    0.000   30.037    0.000 
  891 -869.995    0.062  336.000    0.000  235.000    0.000   30.037    0.000 
  892 -875.956    0.031  334.000    0.000  234.000    0.000   60.033    0.000 
  893 -876.193    0.031  334.000    0.000  233.000    0.000   30.017    0.000 
  894 -875.194    0.031  332.000    0.000  232.000    0.000   30.017    0.000 
  895 -875.960    0.047  335.000    0.000  232.000    0.000   30.017    0.000 
  896 -875.619    0.016  336.000    0.000  232.000    0.000   30.017    0.000 
  897 -874.983    0.016  335.000    0.000  231.000    0.000   30.017    0.000 
  898 -874.846    0.016  334.000    0.000  231.000    0.000   30.017    0.000 
  899 -874.846    0.000  334.000    0.000  231.000    0.000   30.017    0.000 
  900 -875.303    0.031  334.000    0.000  231.000    0.000   30.017    0.000 
  901 -875.303    0.000  334.000    0.000  231.000    0.000   30.017    0.000 
  902 -875.869    0.031  334.000    0.000  232.000    0.000   30.017    0.000 
  903 -875.034    0.031  332.000    0.000  231.000    0.000   30.017    0.000 
  904 -875.034    0.000  332.000    0.000  231.000    0.000   30.017    0.000 
  905 -875.146    0.016  333.000    0.000  231.000    0.000   30.017    0.000 
  906 -875.146    0.000  333.000    0.000  231.000    0.000   30.017    0.000 
  907 -875.034    0.016  332.000    0.000  231.000    0.000   30.017    0.000 
  908 -873.932    0.031  330.000    0.000  230.000    0.000   30.017    0.000 
  909 -873.932    0.031  330.000    0.000  230.000    0.000   30.017    0.000 
  910 -873.932    0.000  330.000    0.000  230.000    0.000   30.017    0.000 
  911 -874.151    0.016  331.000    0.000  230.000    0.000   30.017    0.000 
  912 -874.151    0.000  331.000    0.000  230.000    0.000   30.017    0.000 
  913 -873.346    0.016  330.000    0.000  229.000    0.000   30.017    0.000 
  914 -872.687    0.047  329.000    0.000  228.000    0.000   30.017    0.000 
  915 -869.535    0.047  326.000    0.000  225.000    0.000   30.017    0.000 
  916 -870.684    0.016  327.000    0.000  226.000    0.000   30.017    0.000 
  917 -870.684    0.000  327.000    0.000  226.000    0.000   30.017    0.000 
  918 -868.583    0.047  324.000    0.000  224.000    0.000   30.017    0.000 
  919 -868.583    0.000  324.000    0.000  224.000    0.000   30.017    0.000 
  920 -869.539    0.016  325.000    0.000  225.000    0.000   30.017    0.000 
  921 -868.583    0.016  324.000    0.000  224.000    0.000   30.017    0.000 
  922 -868.583    0.000  324.000    0.000  224.000    0.000   30.017    0.000 
  923 -868.322    0.047  323.000    0.000  224.000    0.000   30.017    0.000 
  924 -869.539    0.031  325.000    0.000  225.000    0.000   30.017    0.000 
  925 -869.690    0.031  327.000    0.000  225.000    0.000   30.017    0.000 
  926 -868.576    0.016  326.000    0.000  224.000    0.000   30.017    0.000 
  927 -868.576    0.000  326.000    0.000  224.000    0.000   30.017    0.000 
  928 -868.576    0.000  326.000    0.000  224.000    0.000   30.017    0.000 
  929 -868.713    0.016  325.000    0.000  224.000    0.000   30.017    0.000 
  930 -869.002    0.047  326.000    0.000  224.000    0.000   30.017    0.000 
  931 -869.002    0.000  326.000    0.000  224.000    0.000   30.017    0.000 
  932 -869.094    0.016  325.000    0.000  224.000    0.000   30.017    0.000 
  933 -869.094    0.000  325.000    0.000  224.000    0.000   30.017    0.000 
  934 -868.456    0.062  323.000    0.000  224.000    0.000   30.017    0.000 
  935 -870.580    0.062  325.000    0.000  226.000    0.000   30.017    0.000 
  936 -870.587    0.016  324.000    0.000  226.000    0.000   30.017    0.000 
  937 -870.463    0.016  323.000    0.000  226.000    0.000   30.017    0.000 
  938 -871.355    0.016  324.000    0.000  227.000    0.000   30.017    0.000 
