    0 -221.111    0.000  317.000    0.000   56.000    0.000    1.000    0.000 
    1 -231.916    0.453  316.000    0.000   64.000    0.000    1.109    0.000 
    2 -242.443    0.281  320.000    0.000   65.000    0.000    1.078    0.000 
    3 -242.078    0.219  322.000    0.000   66.000    0.000    1.112    0.000 
    4 -246.957    0.266  325.000    0.000   66.000    0.000    1.153    0.000 
    5 -253.547    0.234  322.000    0.000   68.000    0.000    1.036    0.000 
    6 -258.809    0.297  325.000    0.000   70.000    0.000    1.183    0.000 
    7 -258.007    0.250  327.000    0.000   70.000    0.000    1.151    0.000 
    8 -258.417    0.297  336.000    0.000   72.000    0.000    1.106    0.000 
    9 -254.195    0.297  329.000    0.000   76.000    0.000    1.334    0.000 
   10 -256.048    0.203  330.000    0.000   76.000    0.000    1.334    0.000 
   11 -251.661    0.297  331.000    0.000   76.000    0.000    1.336    0.000 
   12 -253.956    0.219  327.000    0.000   72.000    0.000    1.277    0.000 
   13 -252.452    0.297  328.000    0.000   75.000    0.000    1.269    0.000 
   14 -252.416    0.250  330.000    0.000   77.000    0.000    1.238    0.000 
   15 -249.956    0.375  334.000    0.000   77.000    0.000    1.289    0.000 
   16 -262.510    0.266  335.000    0.000   72.000    0.000    1.289    0.000 
   17 -259.794    0.328  334.000    0.000   76.000    0.000    1.105    0.000 
   18 -261.097    0.344  338.000    0.000   72.000    0.000    1.180    0.000 
   19 -265.252    0.156  338.000    0.000   72.000    0.000    1.134    0.000 
   20 -273.329    0.203  333.000    0.000   71.000    0.000    1.180    0.000 
   21 -272.687    0.203  340.000    0.000   73.000    0.000    1.131    0.000 
   22 -272.610    0.141  337.000    0.000   70.000    0.000    1.131    0.000 
   23 -271.313    0.219  335.000    0.000   68.000    0.000    1.030    0.000 
   24 -272.835    0.234  338.000    0.000   70.000    0.000    1.173    0.000 
   25 -270.066    0.203  337.000    0.000   71.000    0.000    1.201    0.000 
   26 -271.164    0.141  336.000    0.000   72.000    0.000    1.201    0.000 
   27 -263.350    0.172  337.000    0.000   75.000    0.000    1.288    0.000 
   28 -268.177    0.188  337.000    0.000   73.000    0.000    1.235    0.000 
   29 -270.330    0.156  337.000    0.000   73.000    0.000    1.235    0.000 
   30 -277.035    0.172  338.000    0.000   73.000    0.000    1.235    0.000 
   31 -277.150    0.094  336.000    0.000   72.000    0.000    1.246    0.000 
   32 -277.722    0.141  335.000    0.000   72.000    0.000    1.246    0.000 
   33 -275.418    0.172  338.000    0.000   71.000    0.000    1.246    0.000 
   34 -269.783    0.109  341.000    0.000   69.000    0.000    1.250    0.000 
   35 -269.505    0.188  341.000    0.000   70.000    0.000    1.250    0.000 
   36 -268.859    0.172  340.000    0.000   71.000    0.000    1.250    0.000 
   37 -272.370    0.125  340.000    0.000   70.000    0.000    1.210    0.000 
   38 -272.373    0.203  339.000    0.000   71.000    0.000    1.210    0.000 
   39 -270.806    0.188  341.000    0.000   71.000    0.000    1.201    0.000 
   40 -275.750    0.172  336.000    0.000   70.000    0.000    1.156    0.000 
   41 -275.178    0.188  336.000    0.000   72.000    0.000    1.235    0.000 
   42 -277.361    0.188  336.000    0.000   72.000    0.000    1.250    0.000 
   43 -274.590    0.281  332.000    0.000   69.000    0.000    1.210    0.000 
   44 -275.472    0.031  332.000    0.000   69.000    0.000    1.090    0.000 
   45 -275.840    0.188  332.000    0.000   69.000    0.000    1.090    0.000 
   46 -277.603    0.219  336.000    0.000   71.000    0.000    1.235    0.000 
   47 -276.023    0.109  335.000    0.000   70.000    0.000    1.250    0.000 
   48 -271.068    0.234  330.000    0.000   70.000    0.000    1.174    0.000 
   49 -275.619    0.172  335.000    0.000   73.000    0.000    1.174    0.000 
   50 -276.888    0.141  336.000    0.000   71.000    0.000    1.301    0.000 
   51 -274.003    0.109  337.000    0.000   72.000    0.000    1.250    0.000 
   52 -273.194    0.109  340.000    0.000   72.000    0.000    1.201    0.000 
   53 -266.593    0.234  345.000    0.000   74.000    0.000    1.201    0.000 
   54 -269.607    0.188  345.000    0.000   74.000    0.000    1.251    0.000 
   55 -270.626    0.141  346.000    0.000   73.000    0.000    1.235    0.000 
   56 -271.615    0.094  346.000    0.000   75.000    0.000    1.368    0.000 
   57 -271.790    0.125  342.000    0.000   73.000    0.000    1.156    0.000 
   58 -269.813    0.172  345.000    0.000   74.000    0.000    1.281    0.000 
   59 -270.829    0.234  348.000    0.000   76.000    0.000    1.242    0.000 
   60 -266.522    0.141  351.000    0.000   76.000    0.000    1.242    0.000 
   61 -263.730    0.172  352.000    0.000   77.000    0.000    1.320    0.000 
   62 -266.079    0.141  351.000    0.000   77.000    0.000    1.320    0.000 
   63 -269.544    0.219  351.000    0.000   78.000    0.000    1.320    0.000 
   64 -267.366    0.156  345.000    0.000   73.000    0.000    1.201    0.000 
   65 -270.455    0.172  344.000    0.000   73.000    0.000    1.242    0.000 
   66 -264.562    0.250  340.000    0.000   73.000    0.000    1.242    0.000 
   67 -254.333    0.281  348.000    0.000   77.000    0.000    1.269    0.000 
   68 -257.761    0.281  346.000    0.000   80.000    0.000    1.220    0.000 
   69 -263.163    0.250  348.000    0.000   76.000    0.000    1.236    0.000 
   70 -264.198    0.141  343.000    0.000   73.000    0.000    1.266    0.000 
   71 -262.103    0.281  339.000    0.000   73.000    0.000    1.266    0.000 
   72 -268.053    0.266  338.000    0.000   70.000    0.000    1.371    0.000 
   73 -266.599    0.297  335.000    0.000   71.000    0.000    1.548    0.000 
   74 -275.960    0.234  336.000    0.000   71.000    0.000    1.548    0.000 
   75 -270.087    0.141  339.000    0.000   71.000    0.000    1.522    0.000 
   76 -273.676    0.281  337.000    0.000   74.000    0.000    1.522    0.000 
   77 -271.566    0.188  337.000    0.000   76.000    0.000    1.537    0.000 
   78 -269.402    0.156  345.000    0.000   74.000    0.000    1.580    0.000 
   79 -273.057    0.156  341.000    0.000   74.000    0.000    1.553    0.000 
   80 -274.781    0.266  338.000    0.000   75.000    0.000    1.580    0.000 
   81 -269.348    0.156  340.000    0.000   75.000    0.000    1.559    0.000 
   82 -276.132    0.188  338.000    0.000   75.000    0.000    1.559    0.000 
   83 -278.906    0.219  336.000    0.000   75.000    0.000    1.521    0.000 
   84 -276.519    0.266  333.000    0.000   77.000    0.000    1.521    0.000 
   85 -282.113    0.188  335.000    0.000   76.000    0.000    1.624    0.000 
   86 -271.528    0.250  331.000    0.000   76.000    0.000    1.695    0.000 
   87 -271.016    0.219  331.000    0.000   78.000    0.000    1.559    0.000 
   88 -275.973    0.125  331.000    0.000   77.000    0.000    1.496    0.000 
   89 -280.420    0.203  326.000    0.000   77.000    0.000    1.580    0.000 
   90 -276.247    0.250  330.000    0.000   80.000    0.000    1.652    0.000 
   91 -278.001    0.141  335.000    0.000   81.000    0.000    1.652    0.000 
   92 -279.606    0.203  330.000    0.000   81.000    0.000    1.553    0.000 
   93 -276.682    0.250  328.000    0.000   79.000    0.000    1.401    0.000 
   94 -278.092    0.203  321.000    0.000   73.000    0.000    1.459    0.000 
   95 -278.252    0.172  328.000    0.000   73.000    0.000    1.419    0.000 
   96 -276.579    0.250  334.000    0.000   74.000    0.000    1.479    0.000 
   97 -266.486    0.219  334.000    0.000   79.000    0.000    1.479    0.000 
   98 -272.127    0.250  334.000    0.000   75.000    0.000    1.447    0.000 
   99 -273.499    0.219  338.000    0.000   76.000    0.000    1.401    0.000 
  100 -270.801    0.188  340.000    0.000   78.000    0.000    1.419    0.000 
  101 -264.112    0.156  340.000    0.000   76.000    0.000    1.419    0.000 
  102 -269.477    0.203  339.000    0.000   78.000    0.000    1.276    0.000 
  103 -271.230    0.172  338.000    0.000   78.000    0.000    1.322    0.000 
  104 -273.303    0.156  338.000    0.000   77.000    0.000    1.419    0.000 
  105 -272.680    0.156  342.000    0.000   78.000    0.000    1.419    0.000 
  106 -271.392    0.234  341.000    0.000   76.000    0.000    1.419    0.000 
  107 -271.486    0.141  344.000    0.000   79.000    0.000    1.344    0.000 
  108 -276.053    0.141  337.000    0.000   75.000    0.000    1.419    0.000 
  109 -280.343    0.172  338.000    0.000   77.000    0.000    1.419    0.000 
  110 -280.186    0.125  338.000    0.000   75.000    0.000    1.319    0.000 
  111 -281.000    0.094  336.000    0.000   75.000    0.000    1.370    0.000 
  112 -278.316    0.172  337.000    0.000   77.000    0.000    1.370    0.000 
  113 -277.061    0.281  331.000    0.000   76.000    0.000    1.419    0.000 
  114 -276.995    0.156  329.000    0.000   76.000    0.000    1.479    0.000 
  115 -280.117    0.234  330.000    0.000   75.000    0.000    1.459    0.000 
  116 -278.772    0.172  331.000    0.000   73.000    0.000    1.370    0.000 
  117 -280.794    0.109  334.000    0.000   76.000    0.000    1.370    0.000 
  118 -279.904    0.141  337.000    0.000   75.000    0.000    1.370    0.000 
  119 -276.280    0.125  337.000    0.000   71.000    0.000    1.370    0.000 
  120 -273.074    0.172  340.000    0.000   71.000    0.000    1.305    0.000 
  121 -276.549    0.219  338.000    0.000   73.000    0.000    1.266    0.000 
  122 -277.483    0.047  337.000    0.000   73.000    0.000    1.305    0.000 
  123 -270.784    0.156  339.000    0.000   73.000    0.000    1.393    0.000 
  124 -277.399    0.234  340.000    0.000   74.000    0.000    1.453    0.000 
  125 -270.902    0.203  335.000    0.000   74.000    0.000    1.453    0.000 
  126 -270.039    0.188  337.000    0.000   75.000    0.000    1.311    0.000 
  127 -272.192    0.125  335.000    0.000   75.000    0.000    1.311    0.000 
  128 -275.159    0.188  339.000    0.000   77.000    0.000    1.311    0.000 
  129 -272.766    0.281  337.000    0.000   76.000    0.000    1.311    0.000 
  130 -283.018    0.172  332.000    0.000   74.000    0.000    1.311    0.000 
  131 -284.849    0.188  328.000    0.000   73.000    0.000    1.351    0.000 
  132 -285.738    0.234  329.000    0.000   71.000    0.000    1.419    0.000 
  133 -283.925    0.109  330.000    0.000   72.000    0.000    1.406    0.000 
  134 -285.661    0.219  332.000    0.000   75.000    0.000    1.390    0.000 
  135 -280.580    0.203  335.000    0.000   76.000    0.000    1.390    0.000 
  136 -279.634    0.234  330.000    0.000   73.000    0.000    1.406    0.000 
  137 -278.634    0.156  332.000    0.000   74.000    0.000    1.225    0.000 
  138 -284.144    0.156  336.000    0.000   77.000    0.000    1.267    0.000 
  139 -278.902    0.172  341.000    0.000   75.000    0.000    1.305    0.000 
  140 -281.873    0.188  333.000    0.000   74.000    0.000    1.225    0.000 
  141 -278.977    0.172  332.000    0.000   74.000    0.000    1.319    0.000 
  142 -285.257    0.141  329.000    0.000   75.000    0.000    1.319    0.000 
  143 -285.115    0.125  325.000    0.000   74.000    0.000    1.319    0.000 
  144 -282.644    0.172  322.000    0.000   72.000    0.000    1.273    0.000 
  145 -280.264    0.203  327.000    0.000   74.000    0.000    1.401    0.000 
  146 -279.053    0.203  326.000    0.000   71.000    0.000    1.401    0.000 
  147 -277.134    0.125  332.000    0.000   71.000    0.000    1.440    0.000 
  148 -280.341    0.203  335.000    0.000   73.000    0.000    1.570    0.000 
  149 -278.676    0.094  337.000    0.000   74.000    0.000    1.401    0.000 
  150 -275.632    0.219  339.000    0.000   75.000    0.000    1.440    0.000 
  151 -278.204    0.172  344.000    0.000   75.000    0.000    1.440    0.000 
  152 -280.106    0.062  342.000    0.000   75.000    0.000    1.440    0.000 
  153 -278.565    0.172  341.000    0.000   75.000    0.000    1.401    0.000 
  154 -283.319    0.188  341.000    0.000   78.000    0.000    1.342    0.000 
  155 -275.848    0.156  341.000    0.000   79.000    0.000    1.342    0.000 
  156 -273.329    0.266  334.000    0.000   80.000    0.000    1.342    0.000 
  157 -277.794    0.188  334.000    0.000   76.000    0.000    1.419    0.000 
  158 -280.899    0.156  338.000    0.000   76.000    0.000    1.419    0.000 
  159 -278.528    0.219  340.000    0.000   78.000    0.000    1.419    0.000 
  160 -283.896    0.094  338.000    0.000   77.000    0.000    1.419    0.000 
  161 -284.705    0.141  337.000    0.000   73.000    0.000    1.419    0.000 
  162 -285.865    0.172  336.000    0.000   75.000    0.000    1.419    0.000 
  163 -288.985    0.047  335.000    0.000   74.000    0.000    1.241    0.000 
  164 -286.710    0.109  336.000    0.000   73.000    0.000    1.157    0.000 
  165 -283.131    0.156  336.000    0.000   74.000    0.000    1.121    0.000 
  166 -288.446    0.188  334.000    0.000   73.000    0.000    1.193    0.000 
  167 -283.725    0.109  339.000    0.000   76.000    0.000    1.266    0.000 
  168 -283.070    0.156  339.000    0.000   74.000    0.000    1.305    0.000 
  169 -282.179    0.188  339.000    0.000   74.000    0.000    1.305    0.000 
  170 -282.728    0.156  339.000    0.000   73.000    0.000    1.319    0.000 
  171 -288.075    0.156  339.000    0.000   73.000    0.000    1.319    0.000 
  172 -287.659    0.125  339.000    0.000   75.000    0.000    1.319    0.000 
  173 -286.760    0.156  341.000    0.000   78.000    0.000    1.342    0.000 
  174 -281.931    0.109  344.000    0.000   78.000    0.000    1.342    0.000 
  175 -274.435    0.188  338.000    0.000   82.000    0.000    1.342    0.000 
  176 -280.555    0.125  338.000    0.000   79.000    0.000    1.421    0.000 
  177 -281.659    0.109  339.000    0.000   76.000    0.000    1.421    0.000 
  178 -283.565    0.141  332.000    0.000   73.000    0.000    1.401    0.000 
  179 -284.082    0.234  329.000    0.000   77.000    0.000    1.419    0.000 
  180 -284.061    0.094  331.000    0.000   76.000    0.000    1.419    0.000 
  181 -284.981    0.141  330.000    0.000   73.000    0.000    1.419    0.000 
  182 -283.542    0.141  331.000    0.000   71.000    0.000    1.419    0.000 
  183 -286.164    0.172  336.000    0.000   72.000    0.000    1.319    0.000 
  184 -287.400    0.125  338.000    0.000   74.000    0.000    1.305    0.000 
  185 -291.458    0.141  337.000    0.000   75.000    0.000    1.342    0.000 
  186 -288.943    0.094  339.000    0.000   75.000    0.000    1.342    0.000 
  187 -285.497    0.094  339.000    0.000   75.000    0.000    1.185    0.000 
  188 -285.859    0.188  339.000    0.000   76.000    0.000    1.222    0.000 
  189 -279.593    0.141  344.000    0.000   78.000    0.000    1.222    0.000 
  190 -282.914    0.156  344.000    0.000   77.000    0.000    1.319    0.000 
  191 -278.112    0.188  340.000    0.000   76.000    0.000    1.319    0.000 
  192 -281.859    0.172  339.000    0.000   76.000    0.000    1.319    0.000 
  193 -281.826    0.094  337.000    0.000   74.000    0.000    1.161    0.000 
  194 -282.329    0.094  337.000    0.000   77.000    0.000    1.231    0.000 
  195 -278.908    0.188  337.000    0.000   77.000    0.000    1.161    0.000 
  196 -272.746    0.203  338.000    0.000   80.000    0.000    1.319    0.000 
  197 -279.514    0.234  329.000    0.000   75.000    0.000    1.161    0.000 
  198 -276.051    0.219  333.000    0.000   74.000    0.000    1.167    0.000 
  199 -282.569    0.172  328.000    0.000   76.000    0.000    1.161    0.000 
  200 -283.337    0.219  324.000    0.000   74.000    0.000    1.094    0.000 
  201 -282.881    0.156  328.000    0.000   74.000    0.000    1.030    0.000 
  202 -278.503    0.250  336.000    0.000   70.000    0.000    1.030    0.000 
  203 -281.933    0.141  331.000    0.000   72.000    0.000    1.030    0.000 
  204 -284.329    0.141  332.000    0.000   73.000    0.000    1.243    0.000 
  205 -281.651    0.172  333.000    0.000   73.000    0.000    1.243    0.000 
  206 -278.027    0.141  336.000    0.000   75.000    0.000    1.243    0.000 
  207 -279.185    0.203  331.000    0.000   71.000    0.000    1.167    0.000 
  208 -274.056    0.172  334.000    0.000   71.000    0.000    1.167    0.000 
  209 -278.943    0.141  339.000    0.000   75.000    0.000    1.241    0.000 
  210 -274.032    0.172  338.000    0.000   76.000    0.000    1.241    0.000 
  211 -273.086    0.188  332.000    0.000   74.000    0.000    1.241    0.000 
  212 -272.426    0.234  331.000    0.000   72.000    0.000    1.207    0.000 
  213 -264.186    0.125  333.000    0.000   71.000    0.000    1.125    0.000 
  214 -267.920    0.141  332.000    0.000   71.000    0.000    1.129    0.000 
  215 -270.678    0.234  325.000    0.000   72.000    0.000    1.199    0.000 
  216 -271.488    0.203  330.000    0.000   74.000    0.000    1.199    0.000 
  217 -271.128    0.172  331.000    0.000   76.000    0.000    1.281    0.000 
  218 -266.297    0.234  330.000    0.000   77.000    0.000    1.269    0.000 
  219 -264.358    0.312  332.000    0.000   77.000    0.000    1.298    0.000 
  220 -269.348    0.172  333.000    0.000   77.000    0.000    1.262    0.000 
  221 -268.223    0.266  332.000    0.000   74.000    0.000    1.192    0.000 
  222 -267.440    0.203  333.000    0.000   77.000    0.000    1.192    0.000 
  223 -256.472    0.297  342.000    0.000   77.000    0.000    1.262    0.000 
  224 -262.126    0.281  342.000    0.000   79.000    0.000    1.336    0.000 
  225 -262.639    0.281  342.000    0.000   79.000    0.000    1.336    0.000 
  226 -265.592    0.203  341.000    0.000   81.000    0.000    1.336    0.000 
  227 -262.251    0.438  333.000    0.000   78.000    0.000    1.390    0.000 
  228 -254.306    0.281  337.000    0.000   78.000    0.000    1.586    0.000 
  229 -259.946    0.312  337.000    0.000   80.000    0.000    1.473    0.000 
  230 -266.060    0.281  335.000    0.000   80.000    0.000    1.390    0.000 
  231 -260.583    0.234  336.000    0.000   82.000    0.000    1.495    0.000 
  232 -264.816    0.359  331.000    0.000   83.000    0.000    1.495    0.000 
  233 -263.449    0.312  333.000    0.000   83.000    0.000    1.495    0.000 
  234 -268.979    0.328  332.000    0.000   88.000    0.000    1.390    0.000 
  235 -267.592    0.188  334.000    0.000   87.000    0.000    1.473    0.000 
  236 -267.724    0.172  333.000    0.000   86.000    0.000    1.390    0.000 
  237 -265.659    0.344  339.000    0.000   86.000    0.000    1.390    0.000 
  238 -260.326    0.281  337.000    0.000   80.000    0.000    1.311    0.000 
  239 -259.077    0.266  332.000    0.000   80.000    0.000    1.273    0.000 
  240 -263.354    0.375  326.000    0.000   83.000    0.000    1.327    0.000 
  241 -264.270    0.203  323.000    0.000   79.000    0.000    1.199    0.000 
  242 -260.471    0.266  324.000    0.000   82.000    0.000    1.405    0.000 
  243 -260.753    0.266  327.000    0.000   80.000    0.000    1.354    0.000 
  244 -259.379    0.266  328.000    0.000   82.000    0.000    1.432    0.000 
  245 -266.151    0.188  334.000    0.000   83.000    0.000    1.273    0.000 
  246 -267.213    0.250  338.000    0.000   82.000    0.000    1.405    0.000 
  247 -264.719    0.188  336.000    0.000   82.000    0.000    1.405    0.000 
  248 -262.042    0.078  339.000    0.000   82.000    0.000    1.405    0.000 
  249 -264.473    0.359  334.000    0.000   82.000    0.000    1.405    0.000 
  250 -270.106    0.219  330.000    0.000   81.000    0.000    1.405    0.000 
  251 -266.219    0.156  336.000    0.000   80.000    0.000    1.405    0.000 
  252 -275.204    0.250  334.000    0.000   79.000    0.000    1.432    0.000 
  253 -270.513    0.172  335.000    0.000   76.000    0.000    1.387    0.000 
  254 -267.515    0.312  337.000    0.000   79.000    0.000    1.387    0.000 
  255 -272.287    0.250  335.000    0.000   78.000    0.000    1.387    0.000 
  256 -272.706    0.250  335.000    0.000   80.000    0.000    1.322    0.000 
  257 -272.031    0.188  331.000    0.000   75.000    0.000    1.387    0.000 
  258 -274.527    0.141  334.000    0.000   76.000    0.000    1.387    0.000 
  259 -269.887    0.266  333.000    0.000   74.000    0.000    1.347    0.000 
  260 -268.502    0.266  328.000    0.000   76.000    0.000    1.251    0.000 
  261 -274.095    0.250  332.000    0.000   77.000    0.000    1.432    0.000 
  262 -270.701    0.266  333.000    0.000   76.000    0.000    1.432    0.000 
  263 -269.740    0.344  329.000    0.000   77.000    0.000    1.338    0.000 
  264 -261.928    0.250  329.000    0.000   76.000    0.000    1.338    0.000 
  265 -268.230    0.219  333.000    0.000   77.000    0.000    1.338    0.000 
  266 -277.790    0.359  330.000    0.000   74.000    0.000    1.347    0.000 
  267 -277.911    0.219  332.000    0.000   77.000    0.000    1.439    0.000 
  268 -276.871    0.156  334.000    0.000   79.000    0.000    1.464    0.000 
  269 -274.721    0.281  328.000    0.000   77.000    0.000    1.615    0.000 
  270 -277.142    0.156  324.000    0.000   77.000    0.000    1.570    0.000 
  271 -275.897    0.250  320.000    0.000   77.000    0.000    1.581    0.000 
  272 -266.967    0.297  319.000    0.000   79.000    0.000    1.581    0.000 
  273 -266.158    0.312  323.000    0.000   80.000    0.000    1.581    0.000 
  274 -275.758    0.328  334.000    0.000   85.000    0.000    1.648    0.000 
  275 -266.915    0.266  337.000    0.000   84.000    0.000    1.581    0.000 
  276 -274.024    0.188  335.000    0.000   84.000    0.000    1.648    0.000 
  277 -276.474    0.219  341.000    0.000   86.000    0.000    1.648    0.000 
  278 -275.548    0.281  333.000    0.000   86.000    0.000    1.648    0.000 
  279 -272.114    0.219  325.000    0.000   85.000    0.000    1.648    0.000 
  280 -274.030    0.219  331.000    0.000   85.000    0.000    1.648    0.000 
  281 -277.680    0.219  331.000    0.000   89.000    0.000    1.766    0.000 
  282 -274.119    0.266  330.000    0.000   88.000    0.000    1.766    0.000 
  283 -273.157    0.219  328.000    0.000   89.000    0.000    1.824    0.000 
  284 -280.002    0.172  331.000    0.000   90.000    0.000    1.882    0.000 
  285 -284.165    0.250  331.000    0.000   93.000    0.000    2.000    0.000 
  286 -288.971    0.203  328.000    0.000   92.000    0.000    2.000    0.000 
  287 -285.392    0.266  325.000    0.000   94.000    0.000    2.062    0.000 
  288 -291.863    0.234  326.000    0.000   91.000    0.000    2.062    0.000 
  289 -288.391    0.219  328.000    0.000   91.000    0.000    1.941    0.000 
  290 -294.192    0.219  330.000    0.000   96.000    0.000    2.001    0.000 
  291 -293.424    0.109  331.000    0.000   95.000    0.000    2.001    0.000 
  292 -294.818    0.328  330.000    0.000   93.000    0.000    2.000    0.000 
  293 -291.528    0.234  335.000    0.000   94.000    0.000    2.001    0.000 
  294 -289.736    0.172  334.000    0.000   93.000    0.000    2.000    0.000 
  295 -293.901    0.281  338.000    0.000   94.000    0.000    2.000    0.000 
  296 -298.087    0.172  335.000    0.000   94.000    0.000    2.000    0.000 
  297 -298.006    0.141  334.000    0.000   92.000    0.000    2.001    0.000 
  298 -293.688    0.188  338.000    0.000   91.000    0.000    2.001    0.000 
  299 -298.542    0.203  335.000    0.000   93.000    0.000    2.001    0.000 
  300 -303.457    0.203  334.000    0.000   95.000    0.000    2.001    0.000 
  301 -303.160    0.172  337.000    0.000   97.000    0.000    2.118    0.000 
  302 -302.915    0.312  331.000    0.000   93.000    0.000    2.001    0.000 
  303 -300.206    0.156  329.000    0.000   91.000    0.000    1.883    0.000 
  304 -296.968    0.172  332.000    0.000   91.000    0.000    1.883    0.000 
  305 -292.350    0.172  331.000    0.000   92.000    0.000    1.883    0.000 
  306 -288.990    0.250  327.000    0.000   95.000    0.000    1.779    0.000 
  307 -286.573    0.188  329.000    0.000   93.000    0.000    1.942    0.000 
  308 -296.007    0.203  328.000    0.000   94.000    0.000    1.834    0.000 
  309 -295.180    0.250  328.000    0.000   92.000    0.000    2.126    0.000 
  310 -303.168    0.250  330.000    0.000   92.000    0.000    2.001    0.000 
  311 -300.670    0.234  327.000    0.000   93.000    0.000    2.001    0.000 
  312 -305.707    0.250  329.000    0.000   90.000    0.000    2.001    0.000 
  313 -306.031    0.156  331.000    0.000   92.000    0.000    2.001    0.000 
  314 -304.992    0.203  326.000    0.000   94.000    0.000    2.126    0.000 
  315 -302.734    0.188  324.000    0.000   92.000    0.000    2.126    0.000 
  316 -307.147    0.203  323.000    0.000   94.000    0.000    2.191    0.000 
  317 -310.755    0.219  325.000    0.000   96.000    0.000    2.313    0.000 
  318 -312.123    0.156  325.000    0.000   96.000    0.000    2.376    0.000 
  319 -310.864    0.156  329.000    0.000   94.000    0.000    2.236    0.000 
  320 -311.185    0.203  332.000    0.000   99.000    0.000    2.297    0.000 
  321 -310.599    0.141  335.000    0.000   99.000    0.000    2.297    0.000 
  322 -313.479    0.109  338.000    0.000   99.000    0.000    2.356    0.000 
  323 -319.320    0.219  332.000    0.000  103.000    0.000    2.356    0.000 
  324 -316.061    0.188  332.000    0.000  104.000    0.000    2.356    0.000 
  325 -319.337    0.156  340.000    0.000  105.000    0.000    2.415    0.000 
  326 -325.600    0.172  339.000    0.000  103.000    0.000    2.415    0.000 
  327 -329.061    0.172  338.000    0.000  106.000    0.000    2.415    0.000 
  328 -329.057    0.141  329.000    0.000  105.000    0.000    2.356    0.000 
  329 -327.231    0.250  329.000    0.000  108.000    0.000    2.412    0.000 
  330 -327.809    0.219  335.000    0.000  108.000    0.000    2.415    0.000 
  331 -329.816    0.125  333.000    0.000  108.000    0.000    2.415    0.000 
  332 -330.919    0.156  333.000    0.000  107.000    0.000    2.415    0.000 
  333 -327.267    0.203  334.000    0.000  108.000    0.000    2.415    0.000 
  334 -331.375    0.156  332.000    0.000  105.000    0.000    2.415    0.000 
  335 -334.587    0.188  332.000    0.000  106.000    0.000    2.870    0.000 
  336 -335.661    0.172  331.000    0.000  106.000    0.000    2.870    0.000 
  337 -331.849    0.203  334.000    0.000  109.000    0.000    2.690    0.000 
  338 -339.039    0.188  328.000    0.000  109.000    0.000    2.690    0.000 
  339 -344.021    0.234  325.000    0.000  114.000    0.000    2.815    0.000 
  340 -342.061    0.188  329.000    0.000  117.000    0.000    2.815    0.000 
  341 -343.888    0.203  328.000    0.000  115.000    0.000    2.815    0.000 
  342 -349.231    0.250  326.000    0.000  114.000    0.000    3.003    0.000 
  343 -349.383    0.188  326.000    0.000  113.000    0.000    3.217    0.000 
  344 -348.907    0.344  334.000    0.000  119.000    0.000    3.217    0.000 
  345 -348.674    0.156  338.000    0.000  121.000    0.000    3.217    0.000 
  346 -351.132    0.125  336.000    0.000  120.000    0.000    3.217    0.000 
  347 -347.632    0.297  331.000    0.000  116.000    0.000    3.217    0.000 
  348 -351.839    0.141  332.000    0.000  118.000    0.000    3.217    0.000 
  349 -354.862    0.188  332.000    0.000  115.000    0.000    3.217    0.000 
  350 -348.194    0.234  337.000    0.000  114.000    0.000    3.003    0.000 
  351 -345.606    0.234  338.000    0.000  115.000    0.000    3.003    0.000 
  352 -347.402    0.172  339.000    0.000  118.000    0.000    3.003    0.000 
  353 -350.624    0.188  335.000    0.000  117.000    0.000    3.070    0.000 
  354 -348.391    0.266  336.000    0.000  117.000    0.000    3.070    0.000 
  355 -352.692    0.188  334.000    0.000  116.000    0.000    3.070    0.000 
  356 -357.930    0.141  331.000    0.000  119.000    0.000    3.070    0.000 
  357 -353.667    0.156  333.000    0.000  125.000    0.000    3.136    0.000 
  358 -355.933    0.125  333.000    0.000  123.000    0.000    3.136    0.000 
  359 -355.237    0.094  331.000    0.000  122.000    0.000    3.136    0.000 
  360 -357.702    0.094  331.000    0.000  124.000    0.000    3.136    0.000 
  361 -357.666    0.156  335.000    0.000  123.000    0.000    3.136    0.000 
  362 -358.139    0.250  331.000    0.000  123.000    0.000    3.136    0.000 
  363 -364.816    0.109  328.000    0.000  123.000    0.000    3.201    0.000 
  364 -372.616    0.188  324.000    0.000  124.000    0.000    3.063    0.000 
  365 -366.854    0.281  324.000    0.000  125.000    0.000    3.063    0.000 
  366 -363.307    0.156  324.000    0.000  124.000    0.000    2.883    0.000 
  367 -364.473    0.250  322.000    0.000  122.000    0.000    2.883    0.000 
  368 -374.592    0.297  325.000    0.000  122.000    0.000    2.942    0.000 
  369 -374.594    0.141  326.000    0.000  124.000    0.000 2501.000    0.000 
  370 -372.119    0.250  328.000    0.000  122.000    0.000 2501.000    0.000 
  371 -377.650    0.141  325.000    0.000  122.000    0.000 2501.000    0.000 
  372 -387.555    0.188  329.000    0.000  126.000    0.000 2501.000    0.000 
  373 -388.265    0.203  328.000    0.000  125.000    0.000 2501.000    0.000 
  374 -391.689    0.219  328.000    0.000  126.000    0.000 2501.000    0.000 
  375 -396.060    0.172  331.000    0.000  128.000    0.000 2501.000    0.000 
  376 -400.229    0.188  327.000    0.000  130.000    0.000 2501.000    0.000 
  377 -398.997    0.141  330.000    0.000  128.000    0.000 2501.000    0.000 
  378 -406.048    0.188  324.000    0.000  130.000    0.000 2504.000    0.000 
  379 -404.267    0.109  329.000    0.000  129.000    0.000    3.336    0.000 
  380 -399.679    0.156  327.000    0.000  132.000    0.000    3.336    0.000 
  381 -397.405    0.125  331.000    0.000  131.000    0.000    3.336    0.000 
  382 -395.669    0.109  326.000    0.000  132.000    0.000    3.336    0.000 
  383 -398.377    0.266  329.000    0.000  134.000    0.000    3.127    0.000 
  384 -395.349    0.172  330.000    0.000  137.000    0.000    3.127    0.000 
  385 -400.187    0.125  332.000    0.000  133.000    0.000    3.127    0.000 
  386 -402.937    0.172  331.000    0.000  134.000    0.000 2504.000    0.000 
  387 -399.657    0.203  332.000    0.000  133.000    0.000 2504.000    0.000 
  388 -399.420    0.125  334.000    0.000  134.000    0.000 2504.000    0.000 
  389 -403.894    0.188  334.000    0.000  134.000    0.000 2504.000    0.000 
  390 -401.233    0.234  337.000    0.000  133.000    0.000 2504.000    0.000 
  391 -404.445    0.109  336.000    0.000  134.000    0.000 2504.000    0.000 
  392 -401.584    0.250  336.000    0.000  130.000    0.000 2504.000    0.000 
  393 -409.802    0.172  335.000    0.000  130.000    0.000 2504.000    0.000 
  394 -408.121    0.156  335.000    0.000  131.000    0.000 2504.000    0.000 
  395 -413.326    0.141  332.000    0.000  131.000    0.000 2504.000    0.000 
  396 -416.249    0.141  329.000    0.000  131.000    0.000 2504.000    0.000 
  397 -416.173    0.172  334.000    0.000  132.000    0.000 2504.000    0.000 
  398 -416.854    0.234  329.000    0.000  140.000    0.000    3.849    0.000 
  399 -421.306    0.266  322.000    0.000  143.000    0.000 2504.000    0.000 
  400 -426.464    0.203  327.000    0.000  148.000    0.000 2504.000    0.000 
  401 -429.994    0.172  324.000    0.000  146.000    0.000 2504.000    0.000 
  402 -429.574    0.266  321.000    0.000  148.000    0.000 2504.000    0.000 
  403 -431.000    0.219  319.000    0.000  144.000    0.000 2504.000    0.000 
  404 -440.867    0.156  317.000    0.000  142.000    0.000 2504.000    0.000 
  405 -442.360    0.219  315.000    0.000  140.000    0.000 2504.000    0.000 
  406 -445.861    0.156  317.000    0.000  138.000    0.000 2504.000    0.000 
  407 -441.934    0.219  317.000    0.000  137.000    0.000 2504.000    0.000 
  408 -442.068    0.125  319.000    0.000  137.000    0.000 2504.000    0.000 
  409 -442.404    0.156  319.000    0.000  135.000    0.000 2504.000    0.000 
  410 -440.889    0.062  321.000    0.000  138.000    0.000 2504.000    0.000 
  411 -443.473    0.094  319.000    0.000  138.000    0.000 2504.000    0.000 
  412 -446.628    0.188  315.000    0.000  138.000    0.000    3.127    0.000 
  413 -452.812    0.203  318.000    0.000  141.000    0.000   25.020    0.000 
  414 -452.289    0.062  316.000    0.000  141.000    0.000   25.020    0.000 
  415 -449.099    0.172  315.000    0.000  142.000    0.000   25.020    0.000 
  416 -450.729    0.094  313.000    0.000  140.000    0.000   25.020    0.000 
  417 -452.839    0.125  317.000    0.000  141.000    0.000   25.020    0.000 
  418 -450.926    0.172  320.000    0.000  144.000    0.000   25.020    0.000 
  419 -459.000    0.203  315.000    0.000  143.000    0.000   25.020    0.000 
  420 -452.919    0.141  318.000    0.000  141.000    0.000   25.020    0.000 
  421 -455.062    0.188  320.000    0.000  142.000    0.000   25.020    0.000 
  422 -460.902    0.172  323.000    0.000  143.000    0.000   25.020    0.000 
  423 -461.886    0.109  326.000    0.000  146.000    0.000   25.020    0.000 
  424 -458.705    0.125  330.000    0.000  142.000    0.000   25.020    0.000 
  425 -462.364    0.141  331.000    0.000  141.000    0.000   25.020    0.000 
  426 -467.880    0.203  334.000    0.000  147.000    0.000 2504.000    0.000 
  427 -467.228    0.156  334.000    0.000  150.000    0.000 2504.000    0.000 
  428 -466.586    0.094  334.000    0.000  149.000    0.000 2504.000    0.000 
  429 -466.117    0.094  332.000    0.000  148.000    0.000 2504.000    0.000 
  430 -460.098    0.219  336.000    0.000  153.000    0.000 2504.000    0.000 
  431 -461.222    0.141  337.000    0.000  152.000    0.000 2504.000    0.000 
  432 -462.294    0.141  334.000    0.000  151.000    0.000 2504.000    0.000 
  433 -469.853    0.266  327.000    0.000  147.000    0.000 2504.000    0.000 
  434 -466.142    0.172  326.000    0.000  148.000    0.000   25.020    0.000 
  435 -474.490    0.188  326.000    0.000  147.000    0.000   25.020    0.000 
  436 -476.965    0.109  325.000    0.000  147.000    0.000 2504.000    0.000 
  437 -481.697    0.094  325.000    0.000  148.000    0.000   25.020    0.000 
  438 -480.293    0.109  324.000    0.000  149.000    0.000   25.020    0.000 
  439 -479.440    0.109  325.000    0.000  149.000    0.000   25.020    0.000 
  440 -476.784    0.078  320.000    0.000  151.000    0.000   25.020    0.000 
  441 -473.678    0.156  318.000    0.000  152.000    0.000 2504.000    0.000 
  442 -478.237    0.219  322.000    0.000  151.000    0.000 2504.000    0.000 
  443 -479.697    0.094  324.000    0.000  151.000    0.000 2504.000    0.000 
  444 -481.087    0.094  318.000    0.000  153.000    0.000 2504.000    0.000 
  445 -481.218    0.156  320.000    0.000  151.000    0.000 2504.000    0.000 
  446 -483.082    0.188  318.000    0.000  152.000    0.000 2504.000    0.000 
  447 -481.235    0.078  321.000    0.000  153.000    0.000 2504.000    0.000 
  448 -482.155    0.094  323.000    0.000  157.000    0.000 2504.000    0.000 
  449 -477.759    0.062  323.000    0.000  156.000    0.000 2504.000    0.000 
  450 -475.401    0.172  326.000    0.000  157.000    0.000 2504.000    0.000 
  451 -478.171    0.172  319.000    0.000  159.000    0.000    3.127    0.000 
  452 -480.520    0.141  320.000    0.000  159.000    0.000    3.127    0.000 
  453 -482.949    0.141  319.000    0.000  159.000    0.000    3.127    0.000 
  454 -490.249    0.203  316.000    0.000  159.000    0.000    3.127    0.000 
  455 -487.550    0.109  315.000    0.000  157.000    0.000    3.127    0.000 
  456 -487.996    0.234  312.000    0.000  158.000    0.000    3.336    0.000 
  457 -491.129    0.141  313.000    0.000  161.000    0.000    3.336    0.000 
  458 -493.788    0.094  311.000    0.000  159.000    0.000    3.336    0.000 
  459 -495.467    0.125  313.000    0.000  163.000    0.000    3.336    0.000 
  460 -493.804    0.203  318.000    0.000  162.000    0.000    3.336    0.000 
  461 -500.330    0.156  318.000    0.000  161.000    0.000    3.336    0.000 
  462 -499.262    0.094  316.000    0.000  165.000    0.000    3.574    0.000 
  463 -502.372    0.125  320.000    0.000  168.000    0.000   25.020    0.000 
  464 -503.064    0.141  319.000    0.000  168.000    0.000   25.020    0.000 
  465 -502.622    0.203  318.000    0.000  169.000    0.000    3.574    0.000 
  466 -507.919    0.125  320.000    0.000  169.000    0.000    3.574    0.000 
  467 -512.227    0.109  321.000    0.000  167.000    0.000    3.574    0.000 
  468 -512.772    0.172  320.000    0.000  166.000    0.000    3.574    0.000 
  469 -510.096    0.125  322.000    0.000  167.000    0.000    3.849    0.000 
  470 -511.006    0.078  317.000    0.000  168.000    0.000 2504.000    0.000 
  471 -516.462    0.125  315.000    0.000  167.000    0.000 2504.000    0.000 
  472 -517.956    0.094  315.000    0.000  166.000    0.000 2504.000    0.000 
  473 -517.981    0.172  314.000    0.000  162.000    0.000 2504.000    0.000 
  474 -514.863    0.109  315.000    0.000  164.000    0.000 2504.000    0.000 
  475 -511.846    0.156  315.000    0.000  165.000    0.000 2504.000    0.000 
  476 -504.212    0.141  314.000    0.000  166.000    0.000 2504.000    0.000 
  477 -508.342    0.203  319.000    0.000  165.000    0.000 2504.000    0.000 
  478 -507.325    0.109  316.000    0.000  164.000    0.000 2504.000    0.000 
  479 -506.989    0.094  318.000    0.000  163.000    0.000   25.020    0.000 
  480 -509.378    0.109  319.000    0.000  164.000    0.000   25.020    0.000 
  481 -510.943    0.109  320.000    0.000  164.000    0.000   25.020    0.000 
  482 -509.471    0.078  319.000    0.000  167.000    0.000   25.020    0.000 
  483 -509.043    0.109  322.000    0.000  166.000    0.000   25.020    0.000 
  484 -507.401    0.094  322.000    0.000  169.000    0.000   25.020    0.000 
  485 -506.260    0.141  323.000    0.000  171.000    0.000   25.020    0.000 
  486 -508.394    0.156  325.000    0.000  169.000    0.000   25.020    0.000 
  487 -510.934    0.234  320.000    0.000  168.000    0.000 2504.000    0.000 
  488 -511.919    0.078  323.000    0.000  169.000    0.000 2504.000    0.000 
  489 -514.489    0.141  322.000    0.000  168.000    0.000 2504.000    0.000 
  490 -512.034    0.172  321.000    0.000  166.000    0.000 2504.000    0.000 
  491 -513.193    0.125  323.000    0.000  165.000    0.000 2504.000    0.000 
  492 -511.688    0.094  323.000    0.000  164.000    0.000 2504.000    0.000 
  493 -513.123    0.172  324.000    0.000  167.000    0.000 2504.000    0.000 
  494 -510.770    0.062  322.000    0.000  166.000    0.000 2504.000    0.000 
  495 -510.691    0.141  321.000    0.000  170.000    0.000 2504.000    0.000 
  496 -512.806    0.156  319.000    0.000  172.000    0.000   25.020    0.000 
  497 -515.161    0.141  326.000    0.000  173.000    0.000    3.574    0.000 
  498 -517.387    0.141  327.000    0.000  169.000    0.000    3.574    0.000 
  499 -515.989    0.156  329.000    0.000  166.000    0.000    3.574    0.000 
  500 -517.141    0.062  329.000    0.000  166.000    0.000   25.020    0.000 
  501 -515.105    0.156  327.000    0.000  170.000    0.000   25.020    0.000 
  502 -515.155    0.125  327.000    0.000  169.000    0.000   25.020    0.000 
  503 -517.411    0.047  328.000    0.000  170.000    0.000   25.020    0.000 
  504 -517.743    0.156  330.000    0.000  173.000    0.000   25.020    0.000 
  505 -514.413    0.156  328.000    0.000  169.000    0.000 2504.000    0.000 
  506 -511.375    0.109  327.000    0.000  169.000    0.000   25.020    0.000 
  507 -513.039    0.062  325.000    0.000  168.000    0.000   25.020    0.000 
  508 -515.804    0.188  319.000    0.000  166.000    0.000   25.020    0.000 
  509 -513.384    0.109  320.000    0.000  167.000    0.000   25.020    0.000 
  510 -516.564    0.109  321.000    0.000  167.000    0.000   25.020    0.000 
  511 -516.874    0.109  318.000    0.000  167.000    0.000   25.020    0.000 
  512 -517.489    0.109  317.000    0.000  167.000    0.000   25.020    0.000 
  513 -515.230    0.125  317.000    0.000  167.000    0.000 2504.000    0.000 
  514 -516.461    0.172  320.000    0.000  169.000    0.000 2509.000    0.000 
  515 -523.231    0.078  321.000    0.000  169.000    0.000   25.045    0.000 
  516 -521.640    0.172  322.000    0.000  170.000    0.000   25.045    0.000 
  517 -521.923    0.062  324.000    0.000  172.000    0.000   25.045    0.000 
  518 -532.879    0.203  325.000    0.000  175.000    0.000   25.020    0.000 
  519 -525.510    0.094  329.000    0.000  178.000    0.000   25.020    0.000 
  520 -526.353    0.031  329.000    0.000  179.000    0.000   25.020    0.000 
  521 -528.155    0.094  331.000    0.000  180.000    0.000 2504.000    0.000 
  522 -526.593    0.078  330.000    0.000  181.000    0.000 2504.000    0.000 
  523 -534.029    0.172  329.000    0.000  183.000    0.000 2504.000    0.000 
  524 -533.554    0.109  336.000    0.000  182.000    0.000 2504.000    0.000 
  525 -535.584    0.172  335.000    0.000  186.000    0.000 2504.000    0.000 
  526 -537.602    0.172  332.000    0.000  185.000    0.000 2504.000    0.000 
  527 -543.071    0.078  331.000    0.000  184.000    0.000 2504.000    0.000 
  528 -544.422    0.078  332.000    0.000  185.000    0.000 2504.000    0.000 
  529 -543.866    0.078  331.000    0.000  185.000    0.000 2504.000    0.000 
  530 -540.051    0.156  333.000    0.000  187.000    0.000 2504.000    0.000 
  531 -542.752    0.203  334.000    0.000  185.000    0.000 2504.000    0.000 
  532 -549.481    0.062  332.000    0.000  184.000    0.000   25.020    0.000 
  533 -550.580    0.094  332.000    0.000  186.000    0.000   25.020    0.000 
  534 -549.706    0.156  328.000    0.000  189.000    0.000   25.020    0.000 
  535 -547.659    0.016  329.000    0.000  190.000    0.000   25.020    0.000 
  536 -552.057    0.109  332.000    0.000  188.000    0.000   25.020    0.000 
  537 -559.800    0.141  327.000    0.000  185.000    0.000   25.020    0.000 
  538 -557.742    0.031  329.000    0.000  185.000    0.000   50.040    0.000 
  539 -556.467    0.172  324.000    0.000  189.000    0.000   25.020    0.000 
  540 -556.676    0.172  327.000    0.000  191.000    0.000   25.020    0.000 
  541 -559.159    0.156  329.000    0.000  189.000    0.000   50.090    0.000 
  542 -556.026    0.109  326.000    0.000  189.000    0.000 2509.000    0.000 
  543 -557.725    0.094  326.000    0.000  190.000    0.000 2509.000    0.000 
  544 -550.588    0.141  327.000    0.000  194.000    0.000   25.045    0.000 
  545 -561.625    0.094  327.000    0.000  196.000    0.000   25.045    0.000 
  546 -554.228    0.094  327.000    0.000  199.000    0.000   25.045    0.000 
  547 -558.667    0.125  327.000    0.000  197.000    0.000   25.045    0.000 
  548 -561.437    0.125  329.000    0.000  197.000    0.000   25.045    0.000 
  549 -560.731    0.172  326.000    0.000  199.000    0.000   25.045    0.000 
  550 -566.854    0.109  327.000    0.000  199.000    0.000   25.020    0.000 
  551 -564.911    0.125  325.000    0.000  200.000    0.000   25.020    0.000 
  552 -566.851    0.078  328.000    0.000  199.000    0.000   25.020    0.000 
  553 -573.379    0.172  329.000    0.000  195.000    0.000   25.020    0.000 
  554 -574.113    0.109  326.000    0.000  194.000    0.000   25.020    0.000 
  555 -576.920    0.109  325.000    0.000  193.000    0.000   25.020    0.000 
  556 -579.165    0.141  326.000    0.000  194.000    0.000   25.020    0.000 
  557 -581.517    0.094  324.000    0.000  195.000    0.000   25.020    0.000 
  558 -581.749    0.031  324.000    0.000  195.000    0.000   50.040    0.000 
  559 -580.782    0.078  323.000    0.000  195.000    0.000   50.040    0.000 
  560 -578.494    0.062  321.000    0.000  194.000    0.000   50.040    0.000 
  561 -579.801    0.078  322.000    0.000  195.000    0.000   25.020    0.000 
  562 -584.090    0.078  321.000    0.000  193.000    0.000   25.020    0.000 
  563 -573.613    0.109  322.000    0.000  192.000    0.000   25.020    0.000 
  564 -570.871    0.109  323.000    0.000  192.000    0.000   25.020    0.000 
  565 -571.826    0.172  324.000    0.000  195.000    0.000   25.020    0.000 
  566 -572.698    0.109  321.000    0.000  195.000    0.000   25.020    0.000 
  567 -582.562    0.094  321.000    0.000  194.000    0.000   25.020    0.000 
  568 -583.364    0.078  320.000    0.000  195.000    0.000   25.020    0.000 
  569 -585.533    0.109  321.000    0.000  195.000    0.000   25.020    0.000 
  570 -587.762    0.047  318.000    0.000  194.000    0.000   25.020    0.000 
  571 -584.995    0.141  319.000    0.000  195.000    0.000   25.020    0.000 
  572 -583.515    0.047  316.000    0.000  195.000    0.000   25.020    0.000 
  573 -586.998    0.078  321.000    0.000  197.000    0.000 2600.000    0.000 
  574 -587.415    0.094  317.000    0.000  197.000    0.000 2600.000    0.000 
  575 -587.991    0.047  320.000    0.000  197.000    0.000 2600.000    0.000 
  576 -584.950    0.094  322.000    0.000  196.000    0.000   25.020    0.000 
  577 -588.781    0.078  321.000    0.000  195.000    0.000   25.020    0.000 
  578 -588.803    0.047  318.000    0.000  195.000    0.000   25.020    0.000 
  579 -585.679    0.141  319.000    0.000  197.000    0.000   25.020    0.000 
  580 -586.419    0.094  317.000    0.000  194.000    0.000   25.020    0.000 
  581 -586.061    0.109  320.000    0.000  196.000    0.000   25.020    0.000 
  582 -586.113    0.094  320.000    0.000  196.000    0.000   25.020    0.000 
  583 -581.275    0.078  319.000    0.000  196.000    0.000   50.090    0.000 
  584 -584.216    0.125  321.000    0.000  198.000    0.000   25.020    0.000 
  585 -587.899    0.062  319.000    0.000  197.000    0.000   25.020    0.000 
  586 -591.563    0.109  320.000    0.000  197.000    0.000   25.020    0.000 
  587 -595.891    0.125  318.000    0.000  195.000    0.000   25.020    0.000 
  588 -594.829    0.156  316.000    0.000  195.000    0.000   25.020    0.000 
  589 -594.845    0.031  314.000    0.000  195.000    0.000   25.020    0.000 
  590 -593.224    0.078  319.000    0.000  196.000    0.000 2549.000    0.000 
  591 -594.930    0.047  320.000    0.000  197.000    0.000 2564.000    0.000 
  592 -594.100    0.109  319.000    0.000  198.000    0.000 2564.000    0.000 
  593 -592.757    0.125  317.000    0.000  198.000    0.000 2564.000    0.000 
  594 -592.446    0.094  319.000    0.000  200.000    0.000 2564.000    0.000 
  595 -590.989    0.125  319.000    0.000  200.000    0.000 2564.000    0.000 
  596 -592.735    0.109  322.000    0.000  199.000    0.000 2549.000    0.000 
  597 -585.861    0.109  323.000    0.000  199.000    0.000 2549.000    0.000 
  598 -589.064    0.094  321.000    0.000  198.000    0.000 2549.000    0.000 
  599 -584.077    0.125  317.000    0.000  198.000    0.000 2549.000    0.000 
  600 -589.957    0.078  316.000    0.000  199.000    0.000 2549.000    0.000 
  601 -590.678    0.094  314.000    0.000  200.000    0.000 2549.000    0.000 
  602 -592.623    0.078  315.000    0.000  202.000    0.000 2549.000    0.000 
  603 -596.819    0.062  317.000    0.000  203.000    0.000 2549.000    0.000 
  604 -597.803    0.141  312.000    0.000  203.000    0.000 2549.000    0.000 
  605 -599.751    0.078  311.000    0.000  202.000    0.000 2549.000    0.000 
  606 -603.195    0.156  315.000    0.000  202.000    0.000 2549.000    0.000 
  607 -601.670    0.062  317.000    0.000  203.000    0.000 2549.000    0.000 
  608 -601.713    0.062  321.000    0.000  203.000    0.000 2549.000    0.000 
  609 -602.653    0.094  321.000    0.000  203.000    0.000 2549.000    0.000 
  610 -599.975    0.156  321.000    0.000  204.000    0.000 2549.000    0.000 
  611 -603.071    0.062  319.000    0.000  203.000    0.000 2549.000    0.000 
  612 -606.140    0.062  319.000    0.000  203.000    0.000 2549.000    0.000 
  613 -604.971    0.109  322.000    0.000  205.000    0.000 2549.000    0.000 
  614 -607.135    0.078  325.000    0.000  205.000    0.000 2549.000    0.000 
  615 -606.632    0.125  323.000    0.000  206.000    0.000 2549.000    0.000 
  616 -610.144    0.094  323.000    0.000  206.000    0.000 2549.000    0.000 
  617 -611.473    0.062  325.000    0.000  205.000    0.000 2549.000    0.000 
  618 -611.900    0.125  323.000    0.000  206.000    0.000 2549.000    0.000 
  619 -614.659    0.125  325.000    0.000  205.000    0.000 2564.000    0.000 
  620 -614.215    0.062  327.000    0.000  206.000    0.000 2564.000    0.000 
  621 -612.188    0.031  325.000    0.000  207.000    0.000 2564.000    0.000 
  622 -612.363    0.047  324.000    0.000  208.000    0.000 2581.000    0.000 
  623 -613.751    0.047  323.000    0.000  208.000    0.000 2581.000    0.000 
  624 -617.151    0.109  322.000    0.000  211.000    0.000 2600.000    0.000 
  625 -614.756    0.125  322.000    0.000  209.000    0.000 2600.000    0.000 
  626 -615.251    0.062  324.000    0.000  209.000    0.000 2600.000    0.000 
  627 -622.746    0.109  325.000    0.000  208.000    0.000 2600.000    0.000 
  628 -624.727    0.062  325.000    0.000  208.000    0.000 2600.000    0.000 
  629 -624.950    0.047  326.000    0.000  208.000    0.000 2600.000    0.000 
  630 -624.913    0.062  328.000    0.000  208.000    0.000 2600.000    0.000 
  631 -626.775    0.094  328.000    0.000  207.000    0.000 2600.000    0.000 
  632 -626.727    0.078  327.000    0.000  207.000    0.000 2600.000    0.000 
  633 -628.828    0.062  327.000    0.000  208.000    0.000 2600.000    0.000 
  634 -629.660    0.047  326.000    0.000  208.000    0.000 2600.000    0.000 
  635 -629.585    0.062  324.000    0.000  208.000    0.000 2600.000    0.000 
  636 -631.776    0.047  325.000    0.000  207.000    0.000 2600.000    0.000 
  637 -634.104    0.078  326.000    0.000  208.000    0.000 2621.000    0.000 
  638 -636.978    0.031  326.000    0.000  207.000    0.000 2621.000    0.000 
  639 -638.262    0.109  325.000    0.000  205.000    0.000 2621.000    0.000 
  640 -638.397    0.047  326.000    0.000  205.000    0.000 2621.000    0.000 
  641 -635.903    0.031  326.000    0.000  206.000    0.000 2621.000    0.000 
  642 -639.107    0.047  329.000    0.000  206.000    0.000 2621.000    0.000 
  643 -636.123    0.078  326.000    0.000  206.000    0.000 2621.000    0.000 
  644 -636.161    0.062  324.000    0.000  206.000    0.000 2621.000    0.000 
  645 -643.575    0.062  322.000    0.000  206.000    0.000 2600.000    0.000 
  646 -644.617    0.062  324.000    0.000  207.000    0.000 2621.000    0.000 
  647 -645.572    0.016  325.000    0.000  208.000    0.000 2621.000    0.000 
  648 -640.517    0.047  322.000    0.000  210.000    0.000 2621.000    0.000 
  649 -638.127    0.062  320.000    0.000  211.000    0.000 2621.000    0.000 
  650 -640.062    0.062  322.000    0.000  210.000    0.000 2621.000    0.000 
  651 -640.547    0.047  321.000    0.000  210.000    0.000 2621.000    0.000 
  652 -640.418    0.047  320.000    0.000  210.000    0.000 2621.000    0.000 
  653 -642.507    0.047  317.000    0.000  209.000    0.000 2621.000    0.000 
  654 -642.630    0.062  315.000    0.000  209.000    0.000 2600.000    0.000 
  655 -641.198    0.062  319.000    0.000  211.000    0.000 2600.000    0.000 
  656 -642.488    0.031  319.000    0.000  209.000    0.000 2600.000    0.000 
  657 -638.968    0.062  321.000    0.000  210.000    0.000 2621.000    0.000 
  658 -640.461    0.109  322.000    0.000  211.000    0.000 2621.000    0.000 
  659 -641.300    0.094  318.000    0.000  211.000    0.000 2621.000    0.000 
  660 -647.707    0.125  316.000    0.000  210.000    0.000 2644.000    0.000 
  661 -647.947    0.031  316.000    0.000  210.000    0.000 2644.000    0.000 
  662 -648.581    0.062  318.000    0.000  210.000    0.000 2644.000    0.000 
  663 -649.461    0.062  320.000    0.000  211.000    0.000 2644.000    0.000 
  664 -650.479    0.047  319.000    0.000  212.000    0.000 2644.000    0.000 
  665 -651.983    0.078  320.000    0.000  213.000    0.000 2644.000    0.000 
  666 -651.611    0.078  321.000    0.000  213.000    0.000 2644.000    0.000 
  667 -651.309    0.109  318.000    0.000  213.000    0.000 2644.000    0.000 
  668 -651.653    0.094  320.000    0.000  213.000    0.000 2644.000    0.000 
  669 -649.084    0.078  317.000    0.000  213.000    0.000 2621.000    0.000 
  670 -642.058    0.094  317.000    0.000  215.000    0.000 2621.000    0.000 
  671 -642.549    0.047  316.000    0.000  215.000    0.000 2621.000    0.000 
  672 -643.421    0.094  316.000    0.000  216.000    0.000 2644.000    0.000 
  673 -643.519    0.031  318.000    0.000  216.000    0.000 2644.000    0.000 
  674 -646.054    0.141  317.000    0.000  215.000    0.000 2644.000    0.000 
  675 -647.676    0.141  316.000    0.000  216.000    0.000 2644.000    0.000 
  676 -647.607    0.062  316.000    0.000  216.000    0.000 2644.000    0.000 
  677 -645.318    0.141  319.000    0.000  217.000    0.000 2644.000    0.000 
  678 -648.589    0.109  318.000    0.000  216.000    0.000 2644.000    0.000 
  679 -655.022    0.078  321.000    0.000  215.000    0.000 2644.000    0.000 
  680 -660.742    0.047  322.000    0.000  214.000    0.000 2644.000    0.000 
  681 -661.036    0.016  321.000    0.000  214.000    0.000 2644.000    0.000 
  682 -661.644    0.094  319.000    0.000  214.000    0.000 2644.000    0.000 
  683 -662.265    0.031  319.000    0.000  215.000    0.000 2644.000    0.000 
  684 -662.276    0.062  315.000    0.000  215.000    0.000 2644.000    0.000 
  685 -658.930    0.109  312.000    0.000  216.000    0.000 2644.000    0.000 
  686 -649.651    0.062  312.000    0.000  216.000    0.000 2644.000    0.000 
  687 -650.046    0.062  314.000    0.000  216.000    0.000 2644.000    0.000 
  688 -652.883    0.047  315.000    0.000  215.000    0.000 2644.000    0.000 
  689 -658.117    0.031  315.000    0.000  215.000    0.000 2644.000    0.000 
  690 -661.029    0.062  313.000    0.000  214.000    0.000 2644.000    0.000 
  691 -665.378    0.078  316.000    0.000  214.000    0.000 2644.000    0.000 
  692 -666.668    0.031  318.000    0.000  215.000    0.000 2644.000    0.000 
  693 -667.479    0.062  316.000    0.000  215.000    0.000 2621.000    0.000 
  694 -667.976    0.031  318.000    0.000  215.000    0.000 2621.000    0.000 
  695 -666.599    0.062  316.000    0.000  214.000    0.000 2621.000    0.000 
  696 -669.093    0.125  314.000    0.000  216.000    0.000 2621.000    0.000 
  697 -673.162    0.062  314.000    0.000  216.000    0.000 2621.000    0.000 
  698 -673.023    0.062  314.000    0.000  216.000    0.000 2621.000    0.000 
  699 -673.325    0.031  312.000    0.000  216.000    0.000 2621.000    0.000 
  700 -673.093    0.031  312.000    0.000  216.000    0.000 2621.000    0.000 
  701 -671.716    0.047  311.000    0.000  215.000    0.000 2600.000    0.000 
  702 -672.313    0.047  312.000    0.000  215.000    0.000 2600.000    0.000 
  703 -674.275    0.062  314.000    0.000  215.000    0.000 2600.000    0.000 
  704 -674.929    0.062  314.000    0.000  215.000    0.000 2600.000    0.000 
  705 -674.402    0.047  315.000    0.000  215.000    0.000 2621.000    0.000 
  706 -675.353    0.078  316.000    0.000  215.000    0.000 2621.000    0.000 
  707 -675.280    0.062  314.000    0.000  215.000    0.000 2621.000    0.000 
  708 -674.976    0.031  314.000    0.000  215.000    0.000 2621.000    0.000 
  709 -675.721    0.078  313.000    0.000  215.000    0.000 2621.000    0.000 
  710 -674.399    0.156  315.000    0.000  214.000    0.000 2621.000    0.000 
  711 -674.765    0.078  314.000    0.000  214.000    0.000 2621.000    0.000 
  712 -677.053    0.031  312.000    0.000  213.000    0.000 2600.000    0.000 
  713 -677.143    0.016  313.000    0.000  213.000    0.000 2600.000    0.000 
  714 -675.446    0.078  316.000    0.000  215.000    0.000 2600.000    0.000 
  715 -674.986    0.047  315.000    0.000  215.000    0.000 2600.000    0.000 
  716 -678.166    0.062  313.000    0.000  214.000    0.000 2581.000    0.000 
  717 -673.272    0.031  315.000    0.000  214.000    0.000 2581.000    0.000 
  718 -674.928    0.078  314.000    0.000  212.000    0.000 2581.000    0.000 
  719 -673.507    0.047  315.000    0.000  214.000    0.000 2581.000    0.000 
  720 -676.206    0.016  316.000    0.000  213.000    0.000 2581.000    0.000 
  721 -676.165    0.047  315.000    0.000  213.000    0.000 2581.000    0.000 
  722 -676.253    0.016  316.000    0.000  213.000    0.000 2600.000    0.000 
  723 -676.307    0.016  315.000    0.000  213.000    0.000 2600.000    0.000 
  724 -681.816    0.078  314.000    0.000  213.000    0.000 2600.000    0.000 
  725 -679.322    0.094  316.000    0.000  214.000    0.000 2600.000    0.000 
  726 -682.780    0.109  313.000    0.000  213.000    0.000 2600.000    0.000 
  727 -681.147    0.047  310.000    0.000  212.000    0.000 2600.000    0.000 
  728 -679.372    0.078  311.000    0.000  211.000    0.000 2600.000    0.000 
  729 -678.075    0.016  310.000    0.000  210.000    0.000 2600.000    0.000 
  730 -684.545    0.078  313.000    0.000  211.000    0.000 2600.000    0.000 
  731 -686.903    0.109  310.000    0.000  210.000    0.000 2581.000    0.000 
  732 -686.107    0.031  308.000    0.000  210.000    0.000 2581.000    0.000 
  733 -681.534    0.062  312.000    0.000  210.000    0.000 2581.000    0.000 
  734 -677.283    0.078  315.000    0.000  210.000    0.000 2581.000    0.000 
  735 -679.690    0.078  312.000    0.000  209.000    0.000 2564.000    0.000 
  736 -684.368    0.047  311.000    0.000  209.000    0.000 2564.000    0.000 
  737 -684.390    0.047  310.000    0.000  209.000    0.000 2564.000    0.000 
  738 -688.110    0.078  307.000    0.000  209.000    0.000 2564.000    0.000 
  739 -694.707    0.062  303.000    0.000  208.000    0.000 2564.000    0.000 
  740 -695.182    0.016  304.000    0.000  208.000    0.000 2564.000    0.000 
  741 -696.229    0.031  306.000    0.000  208.000    0.000 2564.000    0.000 
  742 -696.639    0.047  305.000    0.000  209.000    0.000 2564.000    0.000 
  743 -690.279    0.078  304.000    0.000  208.000    0.000 2564.000    0.000 
  744 -689.945    0.062  302.000    0.000  206.000    0.000 2549.000    0.000 
  745 -694.342    0.016  301.000    0.000  206.000    0.000 2549.000    0.000 
  746 -698.201    0.047  298.000    0.000  204.000    0.000 2549.000    0.000 
  747 -694.907    0.031  300.000    0.000  204.000    0.000 2549.000    0.000 
  748 -693.077    0.047  299.000    0.000  203.000    0.000 2549.000    0.000 
  749 -693.077    0.000  299.000    0.000  203.000    0.000 2549.000    0.000 
  750 -693.077    0.000  299.000    0.000  203.000    0.000 2549.000    0.000 
  751 -698.399    0.031  299.000    0.000  203.000    0.000 2549.000    0.000 
  752 -699.208    0.016  300.000    0.000  203.000    0.000 2549.000    0.000 
  753 -701.093    0.016  301.000    0.000  204.000    0.000 2549.000    0.000 
  754 -700.424    0.016  300.000    0.000  204.000    0.000 2549.000    0.000 
  755 -700.424    0.000  300.000    0.000  204.000    0.000 2549.000    0.000 
  756 -707.005    0.047  301.000    0.000  204.000    0.000 2549.000    0.000 
  757 -707.706    0.047  300.000    0.000  205.000    0.000 2536.000    0.000 
  758 -707.706    0.000  300.000    0.000  205.000    0.000 2536.000    0.000 
  759 -709.383    0.031  298.000    0.000  204.000    0.000 2536.000    0.000 
  760 -709.383    0.000  298.000    0.000  204.000    0.000 2536.000    0.000 
  761 -704.753    0.031  298.000    0.000  204.000    0.000 2536.000    0.000 
  762 -704.753    0.000  298.000    0.000  204.000    0.000 2536.000    0.000 
  763 -704.753    0.000  298.000    0.000  204.000    0.000 2536.000    0.000 
  764 -706.654    0.016  299.000    0.000  205.000    0.000 2536.000    0.000 
  765 -706.118    0.062  301.000    0.000  204.000    0.000 2536.000    0.000 
  766 -704.406    0.047  304.000    0.000  205.000    0.000 2549.000    0.000 
  767 -703.808    0.016  303.000    0.000  205.000    0.000 2549.000    0.000 
  768 -708.881    0.016  302.000    0.000  205.000    0.000 2549.000    0.000 
  769 -709.421    0.047  303.000    0.000  205.000    0.000 2549.000    0.000 
  770 -709.053    0.047  302.000    0.000  205.000    0.000 2536.000    0.000 
  771 -709.053    0.000  302.000    0.000  205.000    0.000 2536.000    0.000 
  772 -707.706    0.031  300.000    0.000  205.000    0.000 2536.000    0.000 
  773 -708.375    0.016  301.000    0.000  205.000    0.000 2536.000    0.000 
  774 -706.606    0.016  300.000    0.000  204.000    0.000 2536.000    0.000 
  775 -706.606    0.000  300.000    0.000  204.000    0.000 2536.000    0.000 
  776 -706.606    0.000  300.000    0.000  204.000    0.000 2536.000    0.000 
  777 -704.543    0.062  302.000    0.000  205.000    0.000 2536.000    0.000 
  778 -707.300    0.016  301.000    0.000  204.000    0.000 2536.000    0.000 
  779 -707.880    0.016  302.000    0.000  204.000    0.000 2536.000    0.000 
  780 -711.472    0.031  304.000    0.000  206.000    0.000 2536.000    0.000 
  781 -710.948    0.016  303.000    0.000  206.000    0.000 2536.000    0.000 
  782 -710.948    0.000  303.000    0.000  206.000    0.000 2536.000    0.000 
  783 -708.857    0.047  302.000    0.000  205.000    0.000 2536.000    0.000 
  784 -708.857    0.000  302.000    0.000  205.000    0.000 2536.000    0.000 
  785 -709.642    0.047  303.000    0.000  205.000    0.000 2536.000    0.000 
  786 -711.472    0.016  304.000    0.000  206.000    0.000 2536.000    0.000 
  787 -711.472    0.000  304.000    0.000  206.000    0.000 2536.000    0.000 
  788 -708.613    0.016  305.000    0.000  207.000    0.000 2536.000    0.000 
  789 -707.437    0.031  303.000    0.000  207.000    0.000 2536.000    0.000 
  790 -710.189    0.016  302.000    0.000  206.000    0.000 2536.000    0.000 
  791 -706.594    0.031  304.000    0.000  206.000    0.000 2536.000    0.000 
  792 -705.851    0.016  303.000    0.000  206.000    0.000 2536.000    0.000 
  793 -706.412    0.016  302.000    0.000  207.000    0.000 2536.000    0.000 
  794 -704.273    0.031  302.000    0.000  205.000    0.000 2536.000    0.000 
  795 -705.107    0.047  303.000    0.000  205.000    0.000 2536.000    0.000 
  796 -701.420    0.031  305.000    0.000  206.000    0.000 2536.000    0.000 
  797 -706.887    0.016  304.000    0.000  206.000    0.000 2536.000    0.000 
  798 -707.669    0.031  306.000    0.000  206.000    0.000 2536.000    0.000 
  799 -705.534    0.062  304.000    0.000  205.000    0.000 2536.000    0.000 
  800 -698.080    0.031  306.000    0.000  205.000    0.000 2536.000    0.000 
  801 -697.709    0.047  305.000    0.000  205.000    0.000 2536.000    0.000 
  802 -697.709    0.031  305.000    0.000  205.000    0.000 2536.000    0.000 
  803 -700.810    0.031  305.000    0.000  204.000    0.000 2536.000    0.000 
  804 -700.810    0.000  305.000    0.000  204.000    0.000 2536.000    0.000 
  805 -700.547    0.016  304.000    0.000  204.000    0.000   25.125    0.000 
  806 -700.547    0.000  304.000    0.000  204.000    0.000   25.125    0.000 
  807 -700.547    0.031  304.000    0.000  204.000    0.000   25.125    0.000 
  808 -702.146    0.016  305.000    0.000  205.000    0.000   25.125    0.000 
  809 -702.369    0.016  306.000    0.000  205.000    0.000 2536.000    0.000 
  810 -699.899    0.047  303.000    0.000  204.000    0.000   25.125    0.000 
  811 -702.279    0.031  301.000    0.000  203.000    0.000   25.125    0.000 
  812 -699.658    0.031  299.000    0.000  202.000    0.000 2516.000    0.000 
  813 -701.584    0.016  300.000    0.000  203.000    0.000 2516.000    0.000 
  814 -703.484    0.062  298.000    0.000  202.000    0.000 2516.000    0.000 
  815 -705.594    0.094  296.000    0.000  202.000    0.000 2516.000    0.000 
  816 -703.608    0.016  295.000    0.000  201.000    0.000 2516.000    0.000 
  817 -708.233    0.031  295.000    0.000  201.000    0.000 2516.000    0.000 
  818 -700.121    0.031  295.000    0.000  200.000    0.000 2516.000    0.000 
  819 -709.726    0.047  294.000    0.000  199.000    0.000 2509.000    0.000 
  820 -712.492    0.016  293.000    0.000  198.000    0.000 2504.000    0.000 
  821 -711.550    0.016  292.000    0.000  198.000    0.000 2504.000    0.000 
  822 -710.440    0.016  291.000    0.000  198.000    0.000 2504.000    0.000 
  823 -710.669    0.031  291.000    0.000  198.000    0.000 2504.000    0.000 
  824 -713.647    0.031  293.000    0.000  199.000    0.000 2504.000    0.000 
  825 -712.467    0.031  293.000    0.000  198.000    0.000 2504.000    0.000 
  826 -712.467    0.000  293.000    0.000  198.000    0.000 2504.000    0.000 
  827 -711.499    0.016  292.000    0.000  198.000    0.000 2504.000    0.000 
  828 -708.924    0.016  293.000    0.000  199.000    0.000   25.045    0.000 
  829 -707.907    0.016  292.000    0.000  199.000    0.000   25.045    0.000 
  830 -707.982    0.031  292.000    0.000  199.000    0.000   25.045    0.000 
  831 -706.930    0.047  293.000    0.000  199.000    0.000   25.045    0.000 
  832 -716.448    0.047  292.000    0.000  198.000    0.000   25.020    0.000 
  833 -715.339    0.016  291.000    0.000  198.000    0.000   25.020    0.000 
  834 -715.339    0.000  291.000    0.000  198.000    0.000 2504.000    0.000 
  835 -726.575    0.031  289.000    0.000  197.000    0.000   25.020    0.000 
  836 -726.575    0.000  289.000    0.000  197.000    0.000   25.020    0.000 
  837 -724.263    0.016  288.000    0.000  196.000    0.000   25.020    0.000 
  838 -724.263    0.000  288.000    0.000  196.000    0.000   25.020    0.000 
  839 -728.682    0.031  290.000    0.000  198.000    0.000   25.020    0.000 
  840 -724.451    0.016  291.000    0.000  198.000    0.000   25.045    0.000 
  841 -729.781    0.031  291.000    0.000  198.000    0.000   25.020    0.000 
  842 -728.631    0.047  290.000    0.000  198.000    0.000   25.020    0.000 
  843 -728.631    0.000  290.000    0.000  198.000    0.000   25.020    0.000 
  844 -728.631    0.000  290.000    0.000  198.000    0.000   25.020    0.000 
  845 -728.631    0.000  290.000    0.000  198.000    0.000   25.020    0.000 
  846 -728.631    0.000  290.000    0.000  198.000    0.000   25.020    0.000 
  847 -729.578    0.016  291.000    0.000  198.000    0.000   25.020    0.000 
  848 -730.788    0.062  291.000    0.000  199.000    0.000   25.020    0.000 
  849 -731.795    0.047  292.000    0.000  199.000    0.000   25.020    0.000 
  850 -731.795    0.000  292.000    0.000  199.000    0.000   25.020    0.000 
  851 -730.536    0.016  291.000    0.000  199.000    0.000   25.020    0.000 
  852 -731.795    0.016  292.000    0.000  199.000    0.000   25.020    0.000 
  853 -731.795    0.000  292.000    0.000  199.000    0.000   25.020    0.000 
  854 -732.965    0.016  293.000    0.000  199.000    0.000   25.020    0.000 
  855 -732.965    0.000  293.000    0.000  199.000    0.000   25.020    0.000 
  856 -732.965    0.000  293.000    0.000  199.000    0.000   25.020    0.000 
  857 -732.965    0.000  293.000    0.000  199.000    0.000   25.020    0.000 
  858 -731.997    0.016  292.000    0.000  199.000    0.000   25.020    0.000 
  859 -731.997    0.000  292.000    0.000  199.000    0.000   25.020    0.000 
  860 -727.792    0.031  292.000    0.000  200.000    0.000   25.045    0.000 
  861 -725.889    0.016  291.000    0.000  199.000    0.000   25.045    0.000 
  862 -725.889    0.000  291.000    0.000  199.000    0.000   25.045    0.000 
  863 -728.606    0.016  290.000    0.000  198.000    0.000   25.020    0.000 
  864 -731.042    0.031  292.000    0.000  198.000    0.000   25.020    0.000 
  865 -728.967    0.016  291.000    0.000  197.000    0.000   25.020    0.000 
  866 -728.967    0.000  291.000    0.000  197.000    0.000   25.020    0.000 
  867 -728.967    0.000  291.000    0.000  197.000    0.000   25.020    0.000 
  868 -728.967    0.000  291.000    0.000  197.000    0.000   25.020    0.000 
  869 -731.042    0.016  292.000    0.000  198.000    0.000   25.020    0.000 
  870 -731.909    0.016  293.000    0.000  198.000    0.000   25.020    0.000 
  871 -731.909    0.000  293.000    0.000  198.000    0.000   25.020    0.000 
  872 -730.941    0.016  292.000    0.000  198.000    0.000   25.020    0.000 
  873 -731.909    0.016  293.000    0.000  198.000    0.000   25.020    0.000 
  874 -731.909    0.000  293.000    0.000  198.000    0.000   25.020    0.000 
  875 -734.044    0.016  294.000    0.000  199.000    0.000   25.020    0.000 
  876 -727.507    0.016  295.000    0.000  199.000    0.000   50.090    0.000 
  877 -727.507    0.000  295.000    0.000  199.000    0.000   50.090    0.000 
  878 -727.507    0.000  295.000    0.000  199.000    0.000   50.090    0.000 
  879 -722.153    0.031  295.000    0.000  199.000    0.000   50.090    0.000 
  880 -722.153    0.000  295.000    0.000  199.000    0.000   50.090    0.000 
  881 -723.001    0.016  296.000    0.000  199.000    0.000   50.090    0.000 
  882 -723.859    0.016  297.000    0.000  199.000    0.000   50.090    0.000 
  883 -730.425    0.016  296.000    0.000  199.000    0.000   25.045    0.000 
  884 -728.445    0.016  295.000    0.000  198.000    0.000   25.045    0.000 
  885 -732.938    0.016  294.000    0.000  198.000    0.000   25.020    0.000 
  886 -732.938    0.000  294.000    0.000  198.000    0.000   25.020    0.000 
  887 -725.095    0.016  295.000    0.000  198.000    0.000   25.045    0.000 
  888 -725.095    0.000  295.000    0.000  198.000    0.000   25.045    0.000 
  889 -722.218    0.016  296.000    0.000  199.000    0.000   25.045    0.000 
  890 -722.218    0.000  296.000    0.000  199.000    0.000   25.045    0.000 
  891 -722.218    0.000  296.000    0.000  199.000    0.000   25.045    0.000 
  892 -722.218    0.000  296.000    0.000  199.000    0.000   25.045    0.000 
  893 -724.212    0.016  297.000    0.000  200.000    0.000   25.045    0.000 
  894 -722.142    0.016  296.000    0.000  199.000    0.000   25.045    0.000 
  895 -726.194    0.047  295.000    0.000  199.000    0.000   25.045    0.000 
  896 -724.262    0.031  297.000    0.000  200.000    0.000   25.080    0.000 
  897 -724.262    0.000  297.000    0.000  200.000    0.000   25.080    0.000 
  898 -727.092    0.016  296.000    0.000  199.000    0.000   25.045    0.000 
  899 -723.641    0.031  298.000    0.000  199.000    0.000   25.045    0.000 
  900 -723.641    0.000  298.000    0.000  199.000    0.000   25.045    0.000 
  901 -722.874    0.016  297.000    0.000  199.000    0.000   25.045    0.000 
  902 -722.874    0.031  297.000    0.000  199.000    0.000   25.045    0.000 
  903 -722.874    0.000  297.000    0.000  199.000    0.000   25.045    0.000 
  904 -722.874    0.000  297.000    0.000  199.000    0.000   25.045    0.000 
  905 -720.029    0.016  298.000    0.000  200.000    0.000   25.080    0.000 
  906 -724.262    0.016  297.000    0.000  200.000    0.000   25.080    0.000 
  907 -723.000    0.031  297.000    0.000  199.000    0.000   25.080    0.000 
  908 -723.000    0.000  297.000    0.000  199.000    0.000   25.080    0.000 
  909 -723.000    0.031  297.000    0.000  199.000    0.000   25.080    0.000 
  910 -727.041    0.078  296.000    0.000  199.000    0.000   25.045    0.000 
  911 -718.477    0.047  297.000    0.000  198.000    0.000   16.697    0.000 
  912 -720.434    0.016  298.000    0.000  199.000    0.000   16.697    0.000 
  913 -720.434    0.000  298.000    0.000  199.000    0.000   16.697    0.000 
  914 -720.434    0.000  298.000    0.000  199.000    0.000   16.697    0.000 
  915 -720.434    0.000  298.000    0.000  199.000    0.000   16.697    0.000 
  916 -720.434    0.000  298.000    0.000  199.000    0.000   16.697    0.000 
  917 -718.477    0.016  297.000    0.000  198.000    0.000   16.697    0.000 
  918 -725.841    0.016  296.000    0.000  198.000    0.000   25.045    0.000 
  919 -725.841    0.000  296.000    0.000  198.000    0.000   25.045    0.000 
  920 -727.849    0.016  297.000    0.000  199.000    0.000   25.045    0.000 
  921 -729.853    0.016  298.000    0.000  200.000    0.000   25.045    0.000 
  922 -729.853    0.000  298.000    0.000  200.000    0.000   25.045    0.000 
  923 -729.853    0.000  298.000    0.000  200.000    0.000   25.045    0.000 
  924 -723.672    0.031  298.000    0.000  200.000    0.000   25.045    0.000 
  925 -723.471    0.031  298.000    0.000  200.000    0.000   25.045    0.000 
  926 -724.198    0.016  299.000    0.000  200.000    0.000   25.045    0.000 
  927 -721.290    0.016  300.000    0.000  201.000    0.000   25.045    0.000 
  928 -726.954    0.016  299.000    0.000  201.000    0.000   25.045    0.000 
  929 -726.954    0.000  299.000    0.000  201.000    0.000   25.045    0.000 
  930 -724.399    0.031  299.000    0.000  200.000    0.000   25.045    0.000 
  931 -724.399    0.000  299.000    0.000  200.000    0.000   25.045    0.000 
  932 -729.853    0.016  298.000    0.000  200.000    0.000   25.045    0.000 
  933 -729.853    0.000  298.000    0.000  200.000    0.000   25.045    0.000 
  934 -734.982    0.047  295.000    0.000  199.000    0.000   25.020    0.000 
  935 -734.982    0.000  295.000    0.000  199.000    0.000   25.020    0.000 
  936 -734.982    0.000  295.000    0.000  199.000    0.000   25.020    0.000 
  937 -734.982    0.000  295.000    0.000  199.000    0.000   25.020    0.000 
  938 -734.982    0.000  295.000    0.000  199.000    0.000   25.020    0.000 
  939 -734.982    0.000  295.000    0.000  199.000    0.000   25.020    0.000 
  940 -735.829    0.016  296.000    0.000  199.000    0.000   25.020    0.000 
  941 -735.829    0.000  296.000    0.000  199.000    0.000   25.020    0.000 
  942 -735.829    0.000  296.000    0.000  199.000    0.000   25.020    0.000 
  943 -733.775    0.016  295.000    0.000  198.000    0.000   25.020    0.000 
  944 -733.775    0.000  295.000    0.000  198.000    0.000   25.020    0.000 
  945 -735.829    0.016  296.000    0.000  199.000    0.000   25.020    0.000 
  946 -737.830    0.016  297.000    0.000  200.000    0.000   25.020    0.000 
  947 -737.830    0.000  297.000    0.000  200.000    0.000   25.020    0.000 
  948 -733.521    0.016  298.000    0.000  200.000    0.000   25.045    0.000 
  949 -733.521    0.000  298.000    0.000  200.000    0.000   25.045    0.000 
  950 -728.997    0.016  299.000    0.000  200.000    0.000   25.045    0.000 
  951 -728.997    0.000  299.000    0.000  200.000    0.000   25.045    0.000 
  952 -733.345    0.016  298.000    0.000  200.000    0.000   25.045    0.000 
  953 -726.082    0.016  299.000    0.000  200.000    0.000   25.045    0.000 
  954 -729.790    0.031  297.000    0.000  200.000    0.000   25.045    0.000 
  955 -729.790    0.031  297.000    0.000  200.000    0.000   25.045    0.000 
  956 -724.476    0.016  298.000    0.000  200.000    0.000   25.045    0.000 
  957 -722.445    0.016  297.000    0.000  199.000    0.000   25.045    0.000 
  958 -723.212    0.016  298.000    0.000  199.000    0.000   25.045    0.000 
  959 -730.475    0.016  297.000    0.000  199.000    0.000   25.045    0.000 
  960 -730.475    0.000  297.000    0.000  199.000    0.000   25.045    0.000 
  961 -730.475    0.000  297.000    0.000  199.000    0.000   25.045    0.000 
  962 -728.481    0.016  296.000    0.000  198.000    0.000   25.045    0.000 
  963 -728.481    0.000  296.000    0.000  198.000    0.000   25.045    0.000 
  964 -727.633    0.016  295.000    0.000  198.000    0.000   25.045    0.000 
  965 -727.633    0.000  295.000    0.000  198.000    0.000   25.045    0.000 
  966 -725.648    0.016  294.000    0.000  197.000    0.000   25.045    0.000 
  967 -725.648    0.000  294.000    0.000  197.000    0.000   25.045    0.000 
  968 -726.434    0.016  295.000    0.000  197.000    0.000   25.045    0.000 
  969 -726.434    0.031  295.000    0.000  197.000    0.000   25.045    0.000 
  970 -730.525    0.031  297.000    0.000  199.000    0.000   25.045    0.000 
  971 -730.525    0.000  297.000    0.000  199.000    0.000   25.045    0.000 
  972 -732.466    0.016  298.000    0.000  200.000    0.000   25.045    0.000 
  973 -732.466    0.000  298.000    0.000  200.000    0.000   25.045    0.000 
  974 -732.466    0.000  298.000    0.000  200.000    0.000   25.045    0.000 
  975 -733.446    0.031  298.000    0.000  200.000    0.000   25.045    0.000 
  976 -737.830    0.016  297.000    0.000  200.000    0.000   25.020    0.000 
  977 -737.023    0.016  296.000    0.000  200.000    0.000   25.020    0.000 
  978 -737.023    0.000  296.000    0.000  200.000    0.000   25.020    0.000 
  979 -736.176    0.016  295.000    0.000  200.000    0.000   25.020    0.000 
  980 -734.982    0.031  295.000    0.000  199.000    0.000   25.020    0.000 
  981 -732.123    0.016  296.000    0.000  200.000    0.000   25.045    0.000 
  982 -732.123    0.000  296.000    0.000  200.000    0.000   25.045    0.000 
  983 -732.955    0.016  297.000    0.000  200.000    0.000   25.045    0.000 
  984 -730.604    0.031  299.000    0.000  201.000    0.000   25.045    0.000 
  985 -730.604    0.000  299.000    0.000  201.000    0.000   25.045    0.000 
  986 -729.354    0.031  299.000    0.000  201.000    0.000   25.045    0.000 
  987 -726.438    0.016  300.000    0.000  202.000    0.000   25.045    0.000 
  988 -723.517    0.016  301.000    0.000  203.000    0.000   25.045    0.000 
  989 -723.517    0.000  301.000    0.000  203.000    0.000   25.045    0.000 
  990 -723.517    0.000  301.000    0.000  203.000    0.000   25.045    0.000 
  991 -723.517    0.000  301.000    0.000  203.000    0.000   25.045    0.000 
  992 -723.517    0.000  301.000    0.000  203.000    0.000   25.045    0.000 
  993 -725.752    0.031  299.000    0.000  202.000    0.000   25.045    0.000 
  994 -731.295    0.016  298.000    0.000  202.000    0.000   25.045    0.000 
  995 -734.161    0.016  297.000    0.000  201.000    0.000   25.045    0.000 
  996 -735.724    0.031  295.000    0.000  200.000    0.000   25.020    0.000 
  997 -737.023    0.016  296.000    0.000  200.000    0.000   25.020    0.000 
  998 -732.101    0.016  297.000    0.000  200.000    0.000   25.045    0.000 
  999 -732.101    0.000  297.000    0.000  200.000    0.000   25.045    0.000 
 1000 -732.101    0.000  297.000    0.000  200.000    0.000   25.045    0.000 
 1001 -732.101    0.000  297.000    0.000  200.000    0.000   25.045    0.000 
 1002 -732.101    0.000  297.000    0.000  200.000    0.000   25.045    0.000 
 1003 -732.101    0.000  297.000    0.000  200.000    0.000   25.045    0.000 
 1004 -732.868    0.016  298.000    0.000  200.000    0.000   25.045    0.000 
 1005 -732.868    0.000  298.000    0.000  200.000    0.000   25.045    0.000 
 1006 -732.868    0.000  298.000    0.000  200.000    0.000   25.045    0.000 
 1007 -725.203    0.016  299.000    0.000  200.000    0.000   25.045    0.000 
 1008 -728.202    0.031  297.000    0.000  199.000    0.000   25.045    0.000 
 1009 -723.616    0.016  298.000    0.000  199.000    0.000   25.045    0.000 
 1010 -723.616    0.000  298.000    0.000  199.000    0.000   25.045    0.000 
 1011 -720.731    0.016  299.000    0.000  200.000    0.000   25.080    0.000 
 1012 -720.004    0.016  298.000    0.000  200.000    0.000   25.080    0.000 
 1013 -729.388    0.047  297.000    0.000  200.000    0.000   25.045    0.000 
 1014 -729.388    0.000  297.000    0.000  200.000    0.000   25.045    0.000 
 1015 -737.023    0.016  296.000    0.000  200.000    0.000   25.020    0.000 
 1016 -737.830    0.016  297.000    0.000  200.000    0.000   25.020    0.000 
 1017 -737.830    0.000  297.000    0.000  200.000    0.000   25.020    0.000 
 1018 -737.830    0.031  297.000    0.000  200.000    0.000   25.020    0.000 
 1019 -737.830    0.000  297.000    0.000  200.000    0.000   25.020    0.000 
 1020 -737.830    0.000  297.000    0.000  200.000    0.000   25.020    0.000 
 1021 -735.829    0.016  296.000    0.000  199.000    0.000   25.020    0.000 
 1022 -734.982    0.016  295.000    0.000  199.000    0.000   25.020    0.000 
 1023 -734.982    0.000  295.000    0.000  199.000    0.000   25.020    0.000 
 1024 -734.982    0.000  295.000    0.000  199.000    0.000   25.020    0.000 
 1025 -734.094    0.016  294.000    0.000  199.000    0.000   25.020    0.000 
 1026 -734.094    0.000  294.000    0.000  199.000    0.000   25.020    0.000 
 1027 -734.982    0.016  295.000    0.000  199.000    0.000   25.020    0.000 
 1028 -734.982    0.000  295.000    0.000  199.000    0.000   25.020    0.000 
 1029 -734.982    0.000  295.000    0.000  199.000    0.000   25.020    0.000 
 1030 -734.982    0.000  295.000    0.000  199.000    0.000   25.020    0.000 
 1031 -737.023    0.047  296.000    0.000  200.000    0.000   25.020    0.000 
 1032 -737.023    0.000  296.000    0.000  200.000    0.000   25.020    0.000 
 1033 -737.023    0.000  296.000    0.000  200.000    0.000   25.020    0.000 
 1034 -737.023    0.031  296.000    0.000  200.000    0.000   25.020    0.000 
 1035 -732.302    0.047  297.000    0.000  200.000    0.000   25.045    0.000 
 1036 -726.034    0.016  298.000    0.000  200.000    0.000   25.045    0.000 
 1037 -724.815    0.016  297.000    0.000  200.000    0.000   25.045    0.000 
 1038 -724.815    0.000  297.000    0.000  200.000    0.000   25.045    0.000 
 1039 -728.689    0.031  295.000    0.000  200.000    0.000   25.045    0.000 
 1040 -728.689    0.000  295.000    0.000  200.000    0.000   25.045    0.000 
 1041 -729.988    0.016  296.000    0.000  200.000    0.000   25.045    0.000 
 1042 -721.686    0.047  297.000    0.000  201.000    0.000   25.045    0.000 
 1043 -726.711    0.031  297.000    0.000  201.000    0.000   25.045    0.000 
 1044 -722.353    0.016  298.000    0.000  201.000    0.000   25.045    0.000 
 1045 -726.662    0.062  298.000    0.000  200.000    0.000   25.045    0.000 
 1046 -726.662    0.000  298.000    0.000  200.000    0.000   25.045    0.000 
 1047 -732.880    0.016  297.000    0.000  200.000    0.000   25.045    0.000 
 1048 -732.905    0.016  296.000    0.000  201.000    0.000   25.045    0.000 
 1049 -735.724    0.016  295.000    0.000  200.000    0.000   25.020    0.000 
 1050 -737.830    0.031  297.000    0.000  200.000    0.000   25.020    0.000 
 1051 -737.830    0.000  297.000    0.000  200.000    0.000   25.020    0.000 
 1052 -737.830    0.000  297.000    0.000  200.000    0.000   25.020    0.000 
 1053 -737.830    0.000  297.000    0.000  200.000    0.000   25.020    0.000 
 1054 -737.830    0.000  297.000    0.000  200.000    0.000   25.020    0.000 
 1055 -737.830    0.000  297.000    0.000  200.000    0.000   25.020    0.000 
 1056 -737.830    0.000  297.000    0.000  200.000    0.000   25.020    0.000 
 1057 -737.023    0.016  296.000    0.000  200.000    0.000   25.020    0.000 
 1058 -737.023    0.000  296.000    0.000  200.000    0.000   25.020    0.000 
 1059 -737.023    0.000  296.000    0.000  200.000    0.000   25.020    0.000 
 1060 -737.023    0.000  296.000    0.000  200.000    0.000   25.020    0.000 
 1061 -737.023    0.000  296.000    0.000  200.000    0.000   25.020    0.000 
 1062 -736.176    0.016  295.000    0.000  200.000    0.000   25.020    0.000 
 1063 -736.176    0.000  295.000    0.000  200.000    0.000   25.020    0.000 
 1064 -736.176    0.000  295.000    0.000  200.000    0.000   25.020    0.000 
 1065 -731.093    0.016  296.000    0.000  200.000    0.000   25.045    0.000 
 1066 -731.900    0.016  297.000    0.000  200.000    0.000   25.045    0.000 
 1067 -732.667    0.016  298.000    0.000  200.000    0.000   25.045    0.000 
 1068 -732.667    0.000  298.000    0.000  200.000    0.000   25.045    0.000 
 1069 -732.667    0.000  298.000    0.000  200.000    0.000   25.045    0.000 
 1070 -732.667    0.000  298.000    0.000  200.000    0.000   25.045    0.000 
 1071 -732.667    0.000  298.000    0.000  200.000    0.000   25.045    0.000 
 1072 -727.866    0.016  299.000    0.000  200.000    0.000   25.045    0.000 
 1073 -727.866    0.000  299.000    0.000  200.000    0.000   25.045    0.000 
 1074 -727.866    0.000  299.000    0.000  200.000    0.000   25.045    0.000 
 1075 -727.866    0.031  299.000    0.000  200.000    0.000   25.045    0.000 
 1076 -732.667    0.016  298.000    0.000  200.000    0.000   25.045    0.000 
 1077 -732.667    0.000  298.000    0.000  200.000    0.000   25.045    0.000 
 1078 -732.667    0.000  298.000    0.000  200.000    0.000   25.045    0.000 
 1079 -732.667    0.000  298.000    0.000  200.000    0.000   25.045    0.000 
 1080 -737.830    0.016  297.000    0.000  200.000    0.000   25.020    0.000 
