    0 0.000000 -12.075845 0.000000 0.000000 0.000000 0.000000 0.000000
    1 1.520526 -2.129117 0.605664 0.707138 0.000000 2.844229 0.531250
    2 1.234662 -7.833879 0.658984 0.577163 0.000000 2.841999 0.539062
    3 1.369932 -10.598339 0.665820 0.819083 0.000000 2.980675 0.501953
    4 1.465865 -26.036378 0.680859 0.726546 0.000000 3.271312 0.516602
    5 1.438482 -4.445188 0.597461 0.617934 0.000000 3.831362 0.447266
    6 1.334474 -8.325285 0.676758 0.876748 0.000000 3.324819 0.490234
    7 1.148824 -6.525285 0.620703 0.734266 0.000000 2.941877 0.527344
    8 1.151086 1.476409 0.820312 0.834011 0.000000 2.908850 0.565430
    9 1.366530 8.920384 0.657617 0.705703 0.000000 3.265363 0.510742
   10 1.151086 -8.454824 0.601562 0.794584 0.000000 3.301818 0.484375
   11 1.414214 3.788797 0.663086 0.841622 0.000000 2.911702 0.501953
   12 1.382666 2.259831 0.695898 0.518171 0.000000 3.013108 0.524414
   13 1.136962 11.269464 0.669922 0.696745 0.000000 3.017775 0.523438
   14 1.459927 14.112772 0.657617 0.786177 0.000000 2.878939 0.533203
   15 1.674906 -6.395784 0.665820 0.701548 0.000000 3.001212 0.515625
   16 1.562889 -17.523591 0.675391 0.639055 0.000000 3.452391 0.492188
   17 1.427153 -21.717504 0.574219 0.649139 0.000000 3.569580 0.456055
   18 1.480466 -9.393021 0.598828 0.704359 0.000000 3.677024 0.425781
   19 1.380257 -13.130395 0.611133 0.807948 0.000000 3.467203 0.478516
   20 1.664101 5.427152 0.602930 0.892278 0.000000 3.961364 0.472656
   21 1.744449 -8.487228 0.564648 1.021705 0.000000 3.612560 0.444336
   22 1.325178 0.545590 0.583789 0.663533 0.000000 3.681758 0.465820
   23 1.382666 -0.610999 0.552344 0.815922 0.000000 3.862775 0.437500
   24 1.351882 -21.537673 0.549609 0.742533 0.000000 3.410681 0.458008
   25 1.328281 0.128284 0.679492 0.801543 0.000000 2.898412 0.515625
   26 1.600000 9.101850 0.511328 0.897177 0.000000 3.145711 0.489258
   27 1.209995 -2.487742 0.581055 0.852454 0.000000 3.174043 0.488281
   28 1.369932 -20.536744 0.641211 0.921895 0.000000 3.344173 0.488281
   29 1.556113 13.762772 0.712305 0.698454 0.000000 3.260703 0.518555
   30 1.276079 -22.419322 0.531836 0.623138 0.000000 3.382759 0.472656
   31 1.554151 -14.621839 0.608398 0.673579 0.000000 3.556655 0.438477
   32 1.636734 -12.705617 0.567383 0.741781 0.000000 3.678984 0.460938
   33 1.918075 -24.835978 0.559180 0.623233 0.000000 4.092439 0.428711
   34 1.465865 -16.740538 0.571484 0.693091 0.000000 3.787869 0.458008
   35 1.808101 -15.220599 0.583789 0.665445 0.000000 3.579131 0.468750
   36 1.380670 -6.682326 0.672656 0.807024 0.000000 3.360314 0.494141
   37 1.660910 -3.274035 0.695898 0.559162 0.000000 3.268555 0.548828
   38 1.617914 2.039590 0.571484 0.848738 0.000000 3.458347 0.477539
   39 1.508948 -12.847566 0.602930 0.754331 0.000000 3.060179 0.522461
   40 1.174773 -6.786260 0.658984 0.816155 0.000000 3.369733 0.458008
   41 1.271162 1.740847 0.617969 0.846251 0.000000 2.840285 0.512695
   42 1.270352 -5.498610 0.719141 0.617073 0.000000 2.958445 0.524414
   43 1.369932 -0.744371 0.669922 0.963132 0.000000 3.578642 0.482422
   44 1.135192 2.382849 0.665820 0.570594 0.000000 2.955968 0.539062
   45 1.488624 -0.206136 0.560547 0.693310 0.000000 3.684547 0.446289
   46 1.811077 -1.555313 0.719141 0.845462 0.000000 3.447024 0.508789
   47 2.199004 -20.912451 0.455273 0.839536 0.000000 4.580305 0.404297
   48 1.548126 -11.635980 0.557812 0.893274 0.000000 3.729916 0.440430
   49 1.666667 -16.168244 0.503125 0.865229 0.000000 3.614921 0.462891
   50 1.913992 -2.065951 0.460742 0.676686 0.000000 4.189449 0.407227
   51 2.408319 -21.705410 0.624805 0.514892 0.000000 3.627134 0.468750
   52 2.503123 -24.955827 0.604297 0.618393 0.000000 4.087840 0.438477
   53 3.431546 -22.545071 0.434766 0.598219 0.000000 5.348805 0.355469
   54 2.565199 -10.471636 0.391016 0.938491 0.000000 6.558342 0.266602
   55 2.427061 -23.778921 0.377344 0.982634 0.000000 6.092961 0.319336
   56 2.317160 -40.588956 0.433398 0.571783 0.000000 5.257191 0.364258
   57 1.922009 -24.650018 0.538672 0.622794 0.000000 4.452205 0.390625
   58 1.937926 -12.514624 0.483984 0.810861 0.000000 4.222182 0.406250
   59 1.570717 -9.752617 0.609766 0.750807 0.000000 3.913636 0.446289
   60 1.736816 -2.150062 0.695898 0.875502 0.000000 3.565384 0.511719
   61 1.384931 -17.136782 0.648047 0.597428 0.000000 3.509696 0.500977
   62 1.342189 3.398419 0.693164 0.797061 0.000000 3.059525 0.535156
   63 1.102822 -16.130937 0.739648 0.661666 0.000000 3.193394 0.502930
   64 1.711724 -27.437712 0.519531 0.740330 0.000000 4.035656 0.429688
   65 1.907662 -23.956822 0.493555 0.739095 0.000000 4.472121 0.395508
   66 2.114033 -33.809622 0.501758 0.872351 0.000000 4.969751 0.407227
   67 2.651650 -31.616729 0.453906 0.661770 0.000000 5.318219 0.373047
   68 2.416244 -29.461796 0.426562 0.769515 0.000000 5.094114 0.363281
   69 2.035791 -28.641785 0.459375 0.622651 0.000000 5.294282 0.357422
   70 1.711724 -2.260941 0.518164 0.627660 0.000000 4.325276 0.418945
   71 1.419116 -16.480207 0.560547 0.859943 0.000000 4.343663 0.409180
   72 1.442221 -17.181099 0.591992 0.875445 0.000000 3.331947 0.521484
   73 1.562050 -20.037673 0.604297 1.036096 0.000000 3.854008 0.415039
   74 1.480540 -13.824007 0.600195 0.727231 0.000000 3.610852 0.456055
   75 1.126185 -2.465070 0.557812 0.817192 0.000000 3.323698 0.471680
   76 1.670928 -7.551339 0.612500 0.596893 0.000000 3.407152 0.498047
   77 1.818209 -11.502790 0.657617 0.799624 0.000000 3.663220 0.468750
   78 2.036257 -27.131672 0.533203 0.890317 0.000000 4.111157 0.414062
   79 2.027588 -25.541366 0.534570 0.721949 0.000000 4.777862 0.401367
   80 1.815772 -12.351339 0.571484 0.947566 0.000000 4.118046 0.438477
   81 1.830441 2.392095 0.698633 0.653664 0.000000 3.477761 0.500000
   82 1.646434 4.290741 0.754687 0.689684 0.000000 3.138646 0.542969
   83 1.669397 3.567050 0.693164 0.618001 0.000000 3.276043 0.493164
   84 1.815772 -6.776736 0.683594 0.768767 0.000000 3.492574 0.493164
   85 1.953793 -16.686365 0.518164 0.699619 0.000000 4.241903 0.384766
   86 1.699056 -14.090525 0.518164 0.741439 0.000000 4.063944 0.438477
   87 1.470217 -6.850439 0.604297 0.641435 0.000000 3.509352 0.499023
   88 1.419116 -14.628978 0.523633 0.831123 0.000000 3.429620 0.458984
   89 1.355213 -4.335178 0.602930 0.602580 0.000000 3.505165 0.480469
   90 1.556113 0.675370 0.691797 0.938320 0.000000 3.365049 0.476562
   91 1.240520 3.293105 0.697266 0.550926 0.000000 3.239948 0.525391
   92 1.470217 -19.719786 0.609766 1.103024 0.000000 3.791280 0.447266
   93 1.334474 -16.181434 0.574219 0.710724 0.000000 3.819527 0.416992
   94 1.204037 -4.804607 0.570117 0.586494 0.000000 3.474794 0.460938
   95 1.849870 -10.563917 0.516797 0.766900 0.000000 3.472739 0.473633
   96 1.910497 -12.255449 0.444336 0.813803 0.000000 4.400361 0.371094
   97 1.831876 5.937549 0.582422 0.695096 0.000000 3.998339 0.439453
   98 1.638887 -12.457886 0.501758 0.665839 0.000000 3.977913 0.447266
   99 1.621515 -10.576589 0.604297 0.761108 0.000000 3.500138 0.492188
  100 1.801234 -25.159955 0.448437 0.913407 0.000000 4.328133 0.396484
  101 1.584929 -7.113514 0.585156 0.410920 0.000000 3.697130 0.466797
  102 1.333333 -4.272344 0.653516 0.688201 0.000000 3.172350 0.506836
  103 1.556113 -6.682950 0.641211 0.620492 0.000000 3.206501 0.509766
  104 1.652122 -20.771045 0.619336 0.774299 0.000000 3.487077 0.484375
  105 1.343710 -12.016767 0.653516 0.608533 0.000000 3.656145 0.459961
  106 1.636734 -17.244269 0.633008 0.610700 0.000000 3.478061 0.503906
  107 1.815772 -20.300584 0.596094 0.927125 0.000000 4.026597 0.409180
  108 1.832618 15.744551 0.597461 0.718017 0.000000 4.126872 0.430664
  109 1.783044 -2.433659 0.663086 0.924299 0.000000 3.284875 0.479492
  110 1.788854 -15.441506 0.624805 0.743127 0.000000 3.618787 0.464844
  111 1.456022 -1.531457 0.646680 0.907274 0.000000 3.932852 0.421875
  112 1.737758 -18.971541 0.639844 0.904030 0.000000 3.637633 0.452148
  113 2.009975 -24.921987 0.560547 0.749312 0.000000 3.927806 0.445312
  114 2.036257 -27.766283 0.518164 0.686328 0.000000 3.991640 0.448242
  115 1.717701 -22.025671 0.463477 0.811333 0.000000 4.428249 0.391602
  116 1.355669 -1.280497 0.578320 0.936224 0.000000 4.094428 0.454102
  117 1.333333 -8.090525 0.631641 0.851199 0.000000 3.262377 0.484375
  118 1.651186 7.289938 0.628906 0.729328 0.000000 3.074325 0.513672
  119 1.151086 15.303771 0.708203 0.830774 0.000000 2.924458 0.514648
  120 1.343640 6.080975 0.650781 0.661194 0.000000 3.049534 0.536133
  121 1.277204 -0.952617 0.712305 0.840878 0.000000 2.986743 0.519531
  122 1.313064 0.844828 0.725977 0.731787 0.000000 3.124598 0.503906
  123 1.432581 12.362327 0.663086 0.665248 0.000000 3.163066 0.489258
  124 1.236159 -3.516996 0.643945 0.879887 0.000000 3.303960 0.490234
  125 1.181513 -10.535261 0.624805 0.607529 0.000000 3.048903 0.523438
  126 1.100000 4.128284 0.615234 0.480023 0.000000 3.118338 0.513672
  127 1.343640 -1.759412 0.661719 0.862218 0.000000 2.931340 0.523438
  128 1.160629 -6.832602 0.730078 0.871784 0.000000 3.150621 0.502930
  129 1.717701 -4.051435 0.604297 0.680221 0.000000 3.138496 0.482422
  130 1.586582 -1.926562 0.563281 0.892799 0.000000 3.632150 0.442383
  131 1.166667 -14.057799 0.555078 0.641615 0.000000 3.227972 0.468750
  132 1.219756 -5.859321 0.596094 0.784423 0.000000 3.093337 0.517578
  133 1.351882 5.593083 0.698633 0.609356 0.000000 3.267873 0.502930
  134 1.301400 2.226438 0.691797 0.623916 0.000000 3.208408 0.532227
  135 1.295408 -18.468180 0.628906 0.708802 0.000000 3.296441 0.509766
  136 1.664305 -8.085534 0.591992 0.654723 0.000000 3.186885 0.489258
  137 1.355669 5.628993 0.559180 0.750214 0.000000 2.895517 0.493164
  138 1.238418 17.352307 0.660352 0.679528 0.000000 3.316536 0.507812
  139 1.219553 -4.000130 0.630273 0.603042 0.000000 3.192217 0.486328
  140 1.766144 17.185161 0.665820 0.738410 0.000000 3.414622 0.510742
  141 1.414214 6.620395 0.695898 0.568134 0.000000 2.793750 0.558594
  142 1.399580 -5.424839 0.567383 0.976579 0.000000 3.428917 0.470703
  143 2.360756 -27.070561 0.581055 0.902006 0.000000 4.509972 0.424805
  144 2.276604 -28.973562 0.459375 0.759037 0.000000 5.133480 0.369141
  145 2.102380 -15.484946 0.530469 0.649407 0.000000 4.579545 0.415039
  146 2.124193 -22.743061 0.544141 0.467735 0.000000 4.524588 0.421875
  147 2.144192 -24.382354 0.542773 0.799956 0.000000 4.260871 0.409180
  148 1.811077 -21.302112 0.529102 0.654388 0.000000 3.986282 0.442383
  149 1.808101 -18.939337 0.564648 0.529922 0.000000 3.787108 0.459961
  150 1.549722 -2.993229 0.507227 0.974493 0.000000 4.094047 0.392578
  151 2.036257 -31.085950 0.458008 0.686428 0.000000 4.239809 0.391602
  152 2.026298 -31.546171 0.485352 0.725114 0.000000 4.415105 0.405273
  153 2.877716 -19.289125 0.541406 0.552636 0.000000 3.772367 0.499023
  154 2.029486 -14.349307 0.522266 0.661708 0.000000 4.793434 0.425781
  155 2.529822 -49.384190 0.438867 0.818210 0.000000 5.580324 0.338867
  156 3.298113 -29.467147 0.332227 0.901928 0.000000 6.697799 0.290039
  157 3.190611 -18.059050 0.396484 0.927841 0.000000 6.748502 0.299805
  158 2.527969 -35.558103 0.436133 0.692446 0.000000 5.426696 0.335938
  159 1.849870 -22.809964 0.448437 0.491334 0.000000 5.168015 0.408203
  160 2.209072 -18.929206 0.456641 0.780572 0.000000 5.640566 0.348633
  161 2.057983 -7.113514 0.567383 0.624495 0.000000 4.156437 0.448242
  162 1.802776 -27.744563 0.522266 0.834469 0.000000 4.264758 0.439453
  163 1.243904 -3.120294 0.664453 0.849198 0.000000 3.313599 0.506836
  164 1.643390 4.320769 0.514062 1.086179 0.000000 3.710936 0.453125
  165 1.500000 -11.341433 0.671289 0.772066 0.000000 3.129633 0.508789
  166 1.396082 1.802939 0.768359 0.719591 0.000000 3.157014 0.520508
  167 2.000000 -6.988030 0.661719 0.868689 0.000000 2.958267 0.537109
  168 1.461763 -1.397061 0.630273 1.089178 0.000000 2.863661 0.523438
  169 1.516293 10.727656 0.730078 0.578375 0.000000 2.976856 0.562500
  170 1.563750 -6.193229 0.724609 0.775060 0.000000 2.978566 0.541992
  171 1.161063 -8.984989 0.761523 0.713236 0.000000 2.985094 0.552734
  172 1.240520 1.303771 0.579687 0.791013 0.000000 3.010566 0.513672
  173 1.726746 -2.237018 0.679492 1.024434 0.000000 3.204816 0.483398
  174 1.649242 -1.138119 0.704102 0.904443 0.000000 3.094328 0.512695
  175 2.161154 0.465161 0.660352 0.704319 0.000000 3.214389 0.510742
  176 1.536902 -7.164946 0.669922 0.617068 0.000000 3.777299 0.477539
  177 1.335935 -8.650018 0.645312 0.948430 0.000000 3.091529 0.494141
  178 1.548126 -1.169848 0.689062 0.922550 0.000000 3.111779 0.510742
  179 1.350926 10.099492 0.680859 0.633168 0.000000 3.347685 0.513672
  180 1.610829 8.894242 0.669922 0.601657 0.000000 3.715772 0.495117
  181 1.163586 -0.168244 0.582422 0.806709 0.000000 3.569839 0.463867
  182 1.198012 17.529528 0.634375 0.686343 0.000000 3.107725 0.514648
  183 1.363474 -10.595784 0.590625 0.841402 0.000000 3.299746 0.503906
  184 1.257410 -8.337630 0.642578 0.729996 0.000000 3.150914 0.495117
  185 1.544021 8.408049 0.635742 0.754858 0.000000 3.011702 0.521484
  186 1.457738 -6.821438 0.627539 0.916164 0.000000 2.932343 0.517578
  187 1.315022 7.404662 0.634375 0.861487 0.000000 3.422450 0.469727
  188 1.091335 -8.299616 0.575586 0.804747 0.000000 3.549732 0.440430
  189 1.646434 -15.558351 0.664453 0.734380 0.000000 3.265226 0.506836
  190 1.815772 -22.483395 0.518164 0.599495 0.000000 3.925565 0.399414
  191 2.408319 -5.152534 0.537305 0.742349 0.000000 4.302360 0.418945
  192 2.000000 -38.061603 0.415625 0.578895 0.000000 4.904007 0.340820
  193 1.834758 -9.773562 0.530469 0.638806 0.000000 4.321531 0.403320
  194 1.797695 -24.674796 0.534570 0.748439 0.000000 4.200830 0.421875
  195 2.012308 -15.237673 0.478516 0.679414 0.000000 4.431493 0.392578
  196 1.913992 -29.080840 0.514062 0.644221 0.000000 4.664586 0.401367
  197 1.902630 -9.116729 0.542773 0.825602 0.000000 4.228320 0.435547
  198 1.737593 -18.864055 0.559180 0.812932 0.000000 4.281535 0.420898
  199 2.233306 -27.267102 0.526367 0.706696 0.000000 4.133419 0.417969
  200 2.124193 -15.453940 0.500391 0.935344 0.000000 4.514344 0.398438
  201 1.894264 -36.204267 0.426562 0.569894 0.000000 4.750085 0.350586
  202 1.646434 10.121223 0.589258 0.789408 0.000000 4.191688 0.430664
  203 1.834758 -17.533395 0.693164 0.624708 0.000000 3.836495 0.487305
  204 2.378287 -19.428672 0.499023 0.648152 0.000000 4.255011 0.428711
  205 1.811077 -17.377394 0.497656 0.773698 0.000000 5.273472 0.381836
  206 2.015186 -26.802891 0.490820 0.730003 0.000000 4.034904 0.418945
  207 1.666667 -34.331672 0.471680 0.901735 0.000000 4.635041 0.396484
  208 1.917729 -14.147507 0.474414 0.688887 0.000000 4.431987 0.399414
  209 2.000000 -29.823157 0.463477 0.963647 0.000000 5.106534 0.351562
  210 1.926535 -26.258618 0.504492 0.816331 0.000000 4.915204 0.375000
  211 1.726268 2.343528 0.594727 0.626751 0.000000 3.701712 0.472656
  212 1.817348 -13.999375 0.590625 0.824315 0.000000 4.362116 0.403320
  213 1.717701 -19.247235 0.529102 0.623164 0.000000 4.346318 0.416992
  214 1.351882 -13.506895 0.538672 0.957957 0.000000 3.520687 0.448242
  215 1.910497 -4.074453 0.583789 0.630487 0.000000 3.885106 0.449219
  216 1.581139 -18.368667 0.609766 0.660837 0.000000 3.584756 0.477539
  217 1.500000 -18.572284 0.609766 0.982675 0.000000 3.661254 0.474609
  218 1.815772 -1.274122 0.572852 0.763678 0.000000 3.702069 0.458984
  219 1.831876 -20.556793 0.634375 0.759682 0.000000 3.859346 0.428711
  220 1.432581 -21.960011 0.568750 0.880041 0.000000 4.116258 0.441406
  221 1.058391 -1.831078 0.676758 0.503795 0.000000 3.170801 0.505859
  222 1.276079 1.042273 0.572852 0.613974 0.000000 2.992197 0.522461
  223 1.343404 2.264710 0.700000 0.527587 0.000000 2.990801 0.542969
  224 1.381484 -3.167083 0.757422 0.958737 0.000000 2.947044 0.509766
  225 1.236694 -6.752431 0.583789 0.884089 0.000000 3.177376 0.487305
  226 1.646434 -5.700062 0.583789 0.808339 0.000000 3.888167 0.424805
  227 1.717701 -25.779830 0.566016 0.975886 0.000000 4.350482 0.435547
  228 1.538675 -4.259153 0.535937 0.740643 0.000000 3.934969 0.414062
  229 1.400000 -9.351959 0.679492 0.600691 0.000000 3.141764 0.504883
  230 1.664305 20.286960 0.674023 0.625345 0.000000 3.144504 0.493164
  231 1.307692 2.343528 0.691797 0.815244 0.000000 3.095545 0.521484
  232 1.605609 -2.656445 0.635742 0.762731 0.000000 3.306688 0.507812
  233 1.564609 -26.730706 0.456641 0.783508 0.000000 3.553019 0.448242
  234 2.027588 -23.715303 0.438867 0.580358 0.000000 4.148902 0.430664
  235 1.802776 -17.507103 0.508594 0.685144 0.000000 4.129576 0.410156
  236 1.516293 -26.009140 0.600195 1.006016 0.000000 3.523865 0.462891
  237 1.327782 -5.482118 0.598828 0.703522 0.000000 3.750795 0.428711
  238 1.328281 1.445856 0.611133 0.761041 0.000000 3.377430 0.485352
  239 1.488417 21.640453 0.602930 0.776859 0.000000 3.343052 0.481445
  240 1.646434 -7.106584 0.709570 0.893806 0.000000 3.369225 0.512695
  241 1.636734 -24.214831 0.656250 0.561877 0.000000 3.865020 0.454102
  242 1.704457 -0.691812 0.430664 0.730594 0.000000 4.342412 0.411133
  243 2.122775 -21.567838 0.520898 0.847108 0.000000 4.270484 0.392578
  244 1.584929 -9.268838 0.608398 0.993839 0.000000 4.087822 0.423828
  245 1.492072 -14.157448 0.566016 0.591693 0.000000 3.778957 0.453125
  246 1.664332 -4.978137 0.634375 0.590203 0.000000 3.218003 0.489258
  247 1.419116 -11.872514 0.665820 0.520362 0.000000 3.194057 0.551758
  248 1.355213 -5.705410 0.661719 0.630569 0.000000 3.371354 0.491211
  249 2.000000 -15.002914 0.627539 0.857741 0.000000 3.610612 0.464844
  250 1.333333 0.879706 0.571484 0.757171 0.000000 3.287613 0.487305
  251 1.170721 -26.252694 0.697266 0.751074 0.000000 3.378847 0.485352
  252 1.545455 -16.250864 0.709570 0.668665 0.000000 3.335811 0.521484
  253 1.435552 6.483411 0.652148 0.809575 0.000000 3.371854 0.461914
  254 1.554151 -9.895516 0.597461 0.819163 0.000000 2.904313 0.525391
  255 1.711724 -10.157756 0.698633 0.656125 0.000000 3.253499 0.509766
  256 1.480466 -5.084756 0.516797 0.501709 0.000000 4.023276 0.437500
  257 1.459927 -4.862451 0.683594 0.584722 0.000000 3.315252 0.516602
  258 1.607764 0.865413 0.560547 0.681009 0.000000 3.330626 0.473633
  259 1.278985 -4.153360 0.630273 0.775129 0.000000 3.011657 0.540039
  260 1.549722 6.722123 0.678125 1.000708 0.000000 3.088772 0.481445
  261 2.003084 -17.778730 0.702734 0.899635 0.000000 3.293130 0.502930
  262 1.159897 -4.995052 0.658984 0.459039 0.000000 3.315114 0.516602
  263 1.271162 -7.925285 0.541406 0.623287 0.000000 3.466086 0.488281
  264 1.185498 -9.127567 0.602930 0.798658 0.000000 3.430855 0.504883
  265 1.161063 4.025161 0.668555 0.853600 0.000000 3.106887 0.520508
  266 1.699056 -7.221351 0.652148 0.696143 0.000000 2.983928 0.517578
  267 1.638887 1.220170 0.642578 0.812356 0.000000 3.359741 0.474609
  268 1.783044 -13.411286 0.537305 0.620710 0.000000 3.914674 0.447266
  269 1.808101 -3.203390 0.468945 1.060047 0.000000 4.434268 0.375000
  270 1.717701 -33.826002 0.604297 0.606187 0.000000 4.012528 0.421875
  271 2.036257 -29.635168 0.501758 0.907862 0.000000 4.499296 0.412109
  272 1.500000 -19.797061 0.542773 0.875879 0.000000 5.099601 0.384766
  273 2.026298 -11.817798 0.583789 0.797516 0.000000 4.539983 0.435547
  274 1.902630 -15.280497 0.550977 0.780589 0.000000 3.742457 0.458984
  275 1.802776 -25.121490 0.559180 0.772521 0.000000 4.123420 0.406250
  276 2.122775 -21.039424 0.637109 0.828221 0.000000 4.183529 0.455078
  277 2.015186 -19.625148 0.477148 1.047080 0.000000 5.097858 0.355469
  278 1.641950 3.990604 0.582422 0.887719 0.000000 3.904409 0.452148
  279 2.233306 1.439250 0.582422 0.791112 0.000000 3.986194 0.410156
  280 2.131004 -33.495784 0.474414 0.958434 0.000000 4.887184 0.369141
  281 2.233306 -12.555730 0.560547 0.682321 0.000000 4.272326 0.426758
  282 1.910497 -10.039282 0.560547 0.797930 0.000000 3.846697 0.422852
  283 1.811077 -23.134587 0.635742 0.801705 0.000000 3.668082 0.481445
  284 1.480466 -6.986841 0.564648 0.759086 0.000000 3.778206 0.439453
  285 1.329772 -32.104378 0.612500 0.930316 0.000000 3.584725 0.462891
  286 1.475127 -9.993771 0.561914 0.672220 0.000000 3.541017 0.473633
  287 1.702939 -17.247235 0.631641 0.695053 0.000000 3.466925 0.461914
  288 1.151086 -3.348784 0.611133 0.709646 0.000000 3.366378 0.465820
  289 1.447719 -0.548369 0.597461 0.820632 0.000000 3.164329 0.490234
  290 1.808101 7.861881 0.645312 0.702267 0.000000 3.436197 0.486328
  291 1.617215 -5.722665 0.658984 0.873713 0.000000 3.367679 0.502930
  292 1.621515 -9.103805 0.649414 0.767866 0.000000 3.430981 0.518555
  293 1.548126 -5.505617 0.607031 0.764069 0.000000 3.635817 0.459961
  294 1.252025 -11.367453 0.564648 0.775445 0.000000 3.497370 0.478516
  295 1.562050 0.042327 0.535937 0.618922 0.000000 3.382531 0.514648
  296 1.531283 5.631427 0.617969 0.926496 0.000000 3.311381 0.496094
  297 1.519282 14.495482 0.704102 0.586825 0.000000 3.584968 0.486328
  298 1.309953 -10.147507 0.586523 0.736884 0.000000 3.429842 0.467773
  299 1.421510 -14.607905 0.530469 0.874331 0.000000 3.712478 0.444336
  300 1.270352 -22.687228 0.590625 0.550734 0.000000 3.239553 0.505859
  301 1.926535 -4.049685 0.575586 0.787804 0.000000 3.512554 0.457031
  302 1.419116 -7.409766 0.622070 0.653847 0.000000 3.534103 0.472656
  303 1.094541 -3.707750 0.605664 0.667790 0.000000 3.259665 0.503906
  304 1.433587 -2.614500 0.609766 0.675364 0.000000 3.134869 0.501953
  305 1.386750 -6.838951 0.593359 0.690014 0.000000 3.301072 0.493164
  306 1.432581 -6.333573 0.730078 0.880841 0.000000 3.282883 0.516602
  307 1.831876 -15.600894 0.563281 0.756644 0.000000 3.704689 0.417969
  308 1.619803 -19.724394 0.631641 0.894277 0.000000 3.828924 0.459961
  309 1.652122 -17.093823 0.503125 0.693150 0.000000 4.276695 0.411133
  310 1.720465 9.320437 0.507227 0.743165 0.000000 4.299702 0.427734
  311 1.782134 2.328351 0.499023 0.901444 0.000000 4.098793 0.403320
  312 1.619803 -24.743042 0.691797 0.902552 0.000000 3.392277 0.489258
  313 1.364382 -7.128327 0.664453 0.733823 0.000000 3.471041 0.485352
  314 1.562889 -3.882118 0.557812 0.702990 0.000000 3.449404 0.446289
  315 1.651186 -4.084673 0.631641 0.574390 0.000000 2.853422 0.519531
  316 1.201850 0.552107 0.630273 0.819690 0.000000 2.844691 0.525391
  317 1.480540 -6.556793 0.628906 0.735714 0.000000 3.402410 0.472656
  318 1.355213 -4.698814 0.581055 0.557173 0.000000 3.484022 0.476562
  319 1.219756 -4.310070 0.633008 0.872835 0.000000 3.234782 0.505859
  320 1.475127 -9.150062 0.631641 0.875589 0.000000 3.329125 0.465820
  321 1.328281 -11.062451 0.597461 0.818886 0.000000 3.304779 0.473633
  322 1.257916 1.119368 0.754687 0.679805 0.000000 3.206511 0.519531
  323 1.479419 9.055177 0.731445 0.733363 0.000000 2.931078 0.506836
  324 1.444991 -1.416194 0.701367 0.554775 0.000000 3.017121 0.523438
  325 1.220149 6.152434 0.705469 0.795792 0.000000 3.074685 0.531250
  326 1.234662 -8.887228 0.704102 0.872147 0.000000 2.918036 0.545898
  327 1.520303 2.119160 0.698633 0.545061 0.000000 2.878513 0.545898
  328 1.363474 -11.868710 0.600195 0.863837 0.000000 2.945303 0.489258
  329 1.940440 0.601661 0.689062 0.780759 0.000000 2.796145 0.558594
  330 1.386750 31.017229 0.753320 0.888386 0.000000 2.956830 0.533203
  331 1.225924 4.183271 0.858594 0.715033 0.000000 2.886708 0.581055
  332 1.148442 -17.717504 0.608398 0.713658 0.000000 3.225813 0.509766
  333 1.170721 -3.096170 0.494922 0.861483 0.000000 3.596240 0.451172
  334 1.400000 -7.078532 0.568750 0.729896 0.000000 3.172811 0.473633
  335 1.459845 -2.904340 0.568750 0.876244 0.000000 3.484714 0.437500
  336 1.478583 7.455359 0.664453 0.727710 0.000000 3.285061 0.501953
  337 1.162476 -8.884673 0.589258 0.803064 0.000000 3.147043 0.468750
  338 1.640342 -9.766297 0.684961 0.992087 0.000000 3.137700 0.500000
  339 1.166190 3.981374 0.626172 0.824242 0.000000 3.025441 0.523438
  340 1.442221 6.818566 0.665820 0.814826 0.000000 2.843593 0.522461
  341 1.278985 -4.881498 0.664453 0.706339 0.000000 2.865935 0.538086
  342 1.154006 2.893416 0.575586 0.880936 0.000000 2.785428 0.495117
  343 1.369932 -8.148784 0.635742 0.851878 0.000000 3.009263 0.526367
  344 1.562889 -13.699230 0.627539 0.515637 0.000000 3.414863 0.503906
  345 1.148442 -11.789723 0.661719 0.959791 0.000000 3.479054 0.486328
  346 1.252025 -17.052557 0.557812 0.892266 0.000000 3.342555 0.465820
  347 1.137737 -0.098687 0.612500 0.735254 0.000000 3.168837 0.493164
  348 1.135292 4.334252 0.719141 0.846173 0.000000 2.904204 0.504883
  349 1.744449 -3.537537 0.741016 0.595630 0.000000 3.123971 0.540039
  350 1.234662 -6.615939 0.649414 0.723850 0.000000 3.300000 0.498047
  351 1.329772 -2.089783 0.574219 0.660747 0.000000 3.254511 0.492188
  352 1.218227 -10.986426 0.581055 0.609969 0.000000 3.154850 0.500977
  353 1.767767 14.004216 0.684961 0.602122 0.000000 3.119567 0.500977
  354 1.163014 -13.812896 0.643945 0.589311 0.000000 3.137000 0.513672
  355 1.162476 -5.580251 0.641211 0.643201 0.000000 2.944879 0.525391
  356 1.148442 3.936895 0.704102 1.088177 0.000000 3.150644 0.510742
  357 1.457738 -13.329117 0.560547 1.013813 0.000000 3.099066 0.469727
  358 1.579688 10.176884 0.639844 0.629461 0.000000 2.842169 0.550781
  359 1.574367 -1.416729 0.697266 0.733719 0.000000 2.844014 0.549805
  360 1.516293 7.502112 0.611133 0.706699 0.000000 3.411616 0.478516
  361 1.380257 -2.395784 0.593359 0.549090 0.000000 3.530695 0.497070
  362 1.729663 -20.494816 0.559180 0.762107 0.000000 3.815589 0.437500
  363 1.636734 -18.325285 0.576953 0.727457 0.000000 3.773444 0.452148
  364 2.408319 0.939492 0.509961 0.691788 0.000000 3.991866 0.458984
  365 2.631174 -39.452390 0.474414 0.640258 0.000000 4.966820 0.400391
  366 2.000000 -19.870739 0.473047 0.764494 0.000000 5.183896 0.373047
  367 2.333333 -2.458656 0.488086 0.637188 0.000000 4.825527 0.405273
  368 2.000000 -18.167174 0.530469 0.706650 0.000000 4.683879 0.395508
  369 1.776130 -10.368667 0.572852 0.781735 0.000000 3.672134 0.460938
  370 1.515438 14.113347 0.684961 0.714923 0.000000 3.414701 0.489258
  371 2.300895 -20.622789 0.611133 0.493610 0.000000 3.408764 0.499023
  372 1.568392 -14.310070 0.557812 0.744194 0.000000 3.704565 0.450195
  373 1.736663 1.258449 0.623437 0.803328 0.000000 3.496253 0.479492
  374 1.860108 -1.745784 0.684961 0.663900 0.000000 3.105459 0.497070
  375 1.457384 -9.668142 0.645312 0.746902 0.000000 3.769261 0.438477
  376 1.562889 7.411120 0.736914 0.668945 0.000000 3.346673 0.513672
  377 1.928604 -14.216729 0.604297 0.685652 0.000000 3.436471 0.501953
  378 2.012308 -20.907893 0.509961 0.567230 0.000000 4.240951 0.435547
  379 2.026298 -24.376117 0.522266 0.468995 0.000000 4.480026 0.422852
  380 2.503123 -28.616729 0.515430 0.508128 0.000000 5.219062 0.397461
  381 2.300895 -26.151057 0.451172 0.729032 0.000000 5.652779 0.325195
  382 2.063031 -28.302451 0.471680 0.794652 0.000000 5.793961 0.337891
  383 1.937926 -20.011600 0.386914 0.604457 0.000000 5.000081 0.352539
  384 1.612452 -15.992885 0.527734 0.786666 0.000000 4.357256 0.405273
  385 1.907662 -10.789553 0.578320 0.738239 0.000000 3.885949 0.468750
  386 1.545455 5.554662 0.705469 0.600812 0.000000 3.522324 0.498047
  387 1.435552 -11.528582 0.717773 0.569090 0.000000 3.406136 0.511719
  388 1.162476 -7.112853 0.531836 0.782846 0.000000 3.442915 0.452148
  389 1.286876 -9.339337 0.641211 0.837247 0.000000 3.069017 0.499023
  390 1.664305 6.252410 0.585156 0.724507 0.000000 3.101015 0.523438
  391 1.380670 -6.866283 0.661719 0.936092 0.000000 3.049750 0.532227
  392 1.480540 -16.060929 0.615234 0.715934 0.000000 3.078171 0.545898
  393 1.233171 3.253771 0.623437 0.612493 0.000000 3.527113 0.470703
  394 1.604449 5.200384 0.645312 0.631620 0.000000 3.043895 0.526367
  395 1.058391 -12.441506 0.671289 0.506115 0.000000 3.311473 0.503906
  396 1.885618 5.490550 0.622070 0.694496 0.000000 3.031058 0.510742
  397 1.636734 -14.382880 0.544141 0.873824 0.000000 3.752073 0.441406
  398 1.736816 -1.116729 0.615234 0.746946 0.000000 4.022215 0.475586
  399 1.426437 -14.099616 0.600195 0.512721 0.000000 4.096125 0.472656
  400 1.328281 -2.912005 0.568750 0.574408 0.000000 3.864357 0.461914
  401 1.596456 -0.887228 0.679492 0.707186 0.000000 3.011477 0.541016
  402 1.456022 -11.032215 0.626172 0.575200 0.000000 3.105898 0.508789
  403 1.600000 -19.523591 0.575586 0.796017 0.000000 3.627347 0.450195
  404 1.646434 -12.979423 0.437500 0.708216 0.000000 4.221479 0.380859
  405 2.357023 -35.802236 0.512695 0.844043 0.000000 4.305230 0.420898
  406 1.554151 -7.247679 0.597461 0.749849 0.000000 4.291104 0.434570
  407 1.928604 -23.777394 0.511328 0.824319 0.000000 4.168208 0.409180
  408 2.029486 -21.787673 0.507227 0.798098 0.000000 4.691789 0.377930
  409 1.515684 -14.430047 0.623437 0.858555 0.000000 3.670694 0.452148
  410 1.562889 -14.870739 0.587891 0.827041 0.000000 3.554941 0.458984
  411 1.427153 -13.787364 0.490820 0.819057 0.000000 3.861322 0.442383
  412 1.643753 -22.016767 0.515430 0.916919 0.000000 4.020821 0.408203
  413 1.098751 -12.087228 0.611133 0.698969 0.000000 3.609647 0.480469
  414 1.238418 -4.244404 0.509961 0.614919 0.000000 3.426270 0.479492
  415 1.666667 3.985826 0.622070 0.659693 0.000000 2.844736 0.537109
  416 1.910497 7.649938 0.742383 1.167187 0.000000 2.990872 0.509766
  417 1.937926 11.140104 0.749219 0.873596 0.000000 2.680769 0.555664
  418 1.574148 3.078013 0.586523 0.620238 0.000000 2.780113 0.544922
  419 1.313064 -1.190674 0.541406 0.903802 0.000000 3.268887 0.478516
  420 1.162476 -23.483930 0.633008 0.773641 0.000000 3.222220 0.477539
  421 1.099054 -6.595784 0.679492 0.810984 0.000000 3.127921 0.499023
  422 1.236159 17.935365 0.637109 0.771332 0.000000 3.048040 0.508789
  423 1.214747 1.168091 0.627539 0.668810 0.000000 3.456565 0.499023
  424 1.362047 -13.605028 0.605664 0.713514 0.000000 2.914147 0.527344
  425 2.109791 12.660598 0.761523 0.593763 0.000000 2.842254 0.574219
  426 1.418983 -5.763380 0.694531 0.606901 0.000000 2.595420 0.575195
  427 1.902630 30.947035 0.728711 0.712221 0.000000 2.882079 0.560547
  428 1.442221 -7.263728 0.725977 0.744489 0.000000 2.814561 0.546875
  429 1.548126 -5.788157 0.672656 0.539354 0.000000 2.870691 0.537109
  430 2.224998 17.072042 0.654883 0.725636 0.000000 2.939964 0.554688
  431 2.332633 -0.310727 0.591992 0.846918 0.000000 3.101185 0.490234
  432 1.969207 7.716605 0.643945 0.835232 0.000000 3.038612 0.517578
  433 1.528398 -0.601225 0.708203 0.973164 0.000000 2.948803 0.517578
  434 1.490712 0.745330 0.608398 0.636302 0.000000 2.800494 0.541992
  435 1.255055 -9.938475 0.719141 0.651512 0.000000 3.086278 0.532227
  436 1.475287 5.173342 0.633008 0.761456 0.000000 3.223411 0.494141
  437 1.228848 -5.267862 0.637109 0.780994 0.000000 2.969456 0.531250
  438 1.505199 12.320769 0.630273 0.845855 0.000000 2.919341 0.509766
  439 1.242730 2.061525 0.705469 0.537531 0.000000 3.016292 0.515625
  440 1.143544 -2.169848 0.680859 0.645288 0.000000 3.066599 0.535156
  441 1.764086 -15.885950 0.639844 0.644825 0.000000 3.507009 0.494141
  442 1.500000 2.135585 0.747852 0.657031 0.000000 3.477861 0.498047
  443 1.646026 1.686245 0.622070 0.726851 0.000000 3.321666 0.478516
  444 1.351882 9.678730 0.553711 0.652805 0.000000 3.488758 0.500977
  445 1.156407 -10.808598 0.564648 0.589843 0.000000 3.152644 0.506836
  446 1.470217 -5.951339 0.622070 0.723686 0.000000 3.053514 0.512695
  447 1.421510 -10.616729 0.566016 0.780002 0.000000 3.765041 0.438477
  448 1.435552 7.659444 0.571484 0.728143 0.000000 3.913543 0.432617
  449 2.090643 -14.008172 0.496289 0.824519 0.000000 4.222782 0.405273
  450 2.651560 -7.759054 0.483984 0.792178 0.000000 4.952300 0.376953
  451 1.922009 -32.694248 0.530469 0.632154 0.000000 4.975502 0.410156
  452 2.224998 -29.258618 0.460742 0.760081 0.000000 4.917947 0.365234
  453 1.815772 -16.399616 0.567383 0.928518 0.000000 4.529200 0.398438
  454 1.706984 -17.466283 0.600195 0.874761 0.000000 3.822510 0.476562
  455 1.473815 -2.528582 0.723242 0.782444 0.000000 3.097568 0.499023
  456 1.337955 -10.789723 0.604297 0.782834 0.000000 3.179521 0.519531
  457 1.204037 -8.863418 0.630273 0.504250 0.000000 3.319246 0.522461
  458 1.096323 -1.210277 0.646680 0.850575 0.000000 3.087478 0.510742
  459 1.551674 -2.850439 0.571484 0.889644 0.000000 3.151091 0.464844
  460 1.593027 -2.463728 0.704102 0.615196 0.000000 2.924012 0.538086
  461 1.240520 -8.839647 0.611133 0.642057 0.000000 3.240869 0.490234
  462 1.355669 4.385500 0.582422 0.778581 0.000000 3.074982 0.522461
  463 1.457738 -0.125285 0.663086 0.656158 0.000000 3.114965 0.485352
  464 1.171303 -7.590054 0.694531 0.808085 0.000000 3.141147 0.499023
  465 1.280720 -5.988030 0.639844 0.767381 0.000000 3.038076 0.540039
  466 1.334474 1.107781 0.700000 0.764608 0.000000 2.933139 0.528320
  467 1.548126 -5.040933 0.663086 0.655295 0.000000 3.394920 0.489258
  468 1.515684 4.449938 0.687695 0.514281 0.000000 3.472664 0.503906
  469 1.785961 -3.830660 0.596094 0.772594 0.000000 3.661123 0.485352
  470 1.737593 -7.454340 0.560547 0.989145 0.000000 4.218946 0.410156
  471 1.584929 -18.074037 0.653516 0.614148 0.000000 3.602760 0.468750
  472 1.548126 12.956061 0.546875 0.980824 0.000000 3.606249 0.434570
  473 1.148442 -10.062451 0.593359 0.811364 0.000000 3.185869 0.497070
  474 1.416667 13.510588 0.574219 1.002742 0.000000 3.323890 0.469727
  475 1.323987 -10.705410 0.652148 0.595819 0.000000 3.328408 0.510742
  476 1.355815 -10.876317 0.609766 0.702044 0.000000 3.644201 0.472656
  477 1.198183 -11.686467 0.557812 0.836347 0.000000 3.468860 0.463867
  478 1.338111 -14.343802 0.665820 0.633486 0.000000 3.208851 0.488281
  479 1.416931 0.906600 0.658984 0.607793 0.000000 3.140201 0.514648
  480 1.831876 8.987851 0.664453 0.789446 0.000000 3.283309 0.493164
  481 1.396082 -28.155791 0.540039 0.736556 0.000000 3.653369 0.449219
  482 1.475287 -13.892219 0.638477 0.646398 0.000000 3.252899 0.495117
  483 1.204159 17.304896 0.590625 0.840899 0.000000 3.083760 0.503906
  484 1.362047 -7.622789 0.665820 0.887413 0.000000 2.952554 0.538086
  485 1.343640 -14.727220 0.678125 0.827585 0.000000 3.277516 0.501953
  486 1.414214 12.809938 0.594727 0.555347 0.000000 3.301027 0.490234
  487 1.581139 0.075711 0.601562 0.555878 0.000000 3.620659 0.477539
  488 1.338111 -16.536744 0.668555 0.910774 0.000000 3.316430 0.485352
  489 1.170721 -8.635980 0.608398 0.679132 0.000000 3.240751 0.486328
  490 1.337038 -4.148784 0.694531 0.562797 0.000000 2.899811 0.547852
  491 1.166667 -17.896752 0.719141 0.632005 0.000000 2.972755 0.531250
  492 1.323987 11.129280 0.611133 1.082637 0.000000 2.928323 0.479492
  493 1.362047 -7.416194 0.559180 0.802919 0.000000 3.098655 0.500000
  494 1.333333 2.201661 0.695898 0.814843 0.000000 2.856725 0.536133
  495 1.104536 -5.683395 0.656250 0.768329 0.000000 2.962670 0.538086
  496 1.476891 5.253198 0.642578 0.831996 0.000000 3.182043 0.487305
  497 1.931168 4.075161 0.695898 0.610629 0.000000 3.168453 0.495117
  498 1.223641 -2.035054 0.702734 0.612519 0.000000 2.943400 0.514648
  499 1.343640 -2.371007 0.652148 0.802914 0.000000 3.057330 0.523438
  500 1.236159 14.067050 0.697266 0.995049 0.000000 3.012987 0.520508
  501 1.411901 -8.936300 0.663086 0.913594 0.000000 3.214527 0.495117
  502 2.000000 3.887508 0.646680 0.866522 0.000000 4.098800 0.418945
  503 2.012308 -25.116729 0.570117 0.796389 0.000000 4.520298 0.412109
  504 1.312833 -13.345411 0.542773 0.692507 0.000000 4.528091 0.408203
  505 1.617215 -21.397061 0.585156 0.739344 0.000000 3.540978 0.457031
  506 2.137265 -31.956822 0.541406 0.849979 0.000000 4.209744 0.399414
  507 2.022375 -26.765333 0.508594 0.999828 0.000000 4.699486 0.380859
  508 2.043345 -31.786609 0.586523 0.582453 0.000000 4.480128 0.394531
  509 1.860108 -12.665748 0.560547 0.772091 0.000000 4.842026 0.364258
  510 2.009975 15.439250 0.615234 0.838529 0.000000 3.895515 0.469727
  511 1.910497 -11.234376 0.585156 0.659544 0.000000 4.194147 0.440430
  512 2.357023 -25.363342 0.467578 0.901206 0.000000 5.274564 0.356445
  513 2.889107 -13.071957 0.462109 0.688891 0.000000 5.807358 0.340820
  514 2.416244 -22.401126 0.511328 0.727089 0.000000 5.278465 0.367188
  515 2.114033 -27.421839 0.449805 0.873459 0.000000 4.582022 0.375000
  516 2.122775 5.156905 0.634375 0.745206 0.000000 3.564420 0.472656
  517 1.672772 -22.166798 0.561914 0.849723 0.000000 3.947878 0.442383
  518 1.892154 -29.630989 0.489453 0.608277 0.000000 4.482190 0.393555
  519 1.343710 -4.618006 0.560547 0.598544 0.000000 3.805493 0.477539
  520 1.369932 -13.548752 0.548242 0.731483 0.000000 3.673805 0.446289
  521 1.516293 -3.114510 0.653516 0.668298 0.000000 3.263208 0.505859
  522 1.702939 -27.112853 0.609766 0.993283 0.000000 3.568903 0.453125
  523 1.757886 1.395145 0.571484 0.892894 0.000000 3.840333 0.437500
  524 1.910497 -11.313282 0.613867 0.872649 0.000000 4.072731 0.439453
  525 1.726746 -7.822247 0.555078 0.756263 0.000000 4.308203 0.402344
  526 1.316711 -3.933325 0.605664 0.687990 0.000000 3.402972 0.499023
  527 1.548126 0.657453 0.715039 0.789698 0.000000 3.078564 0.541016
  528 1.586582 -27.516996 0.590625 0.613443 0.000000 3.389110 0.505859
  529 1.727273 -3.274408 0.512695 0.677207 0.000000 3.889886 0.480469
  530 1.729663 6.352934 0.608398 0.858947 0.000000 3.963173 0.441406
  531 1.497124 -2.107441 0.624805 0.599338 0.000000 3.217780 0.515625
  532 1.427153 -22.670115 0.566016 0.887264 0.000000 3.501683 0.435547
  533 1.442221 -19.639195 0.623437 0.991561 0.000000 3.771531 0.429688
  534 1.380257 -21.466748 0.598828 1.066252 0.000000 3.749175 0.430664
  535 1.470217 -6.774259 0.706836 0.616371 0.000000 2.782139 0.543945
  536 1.382666 -7.167212 0.724609 0.771964 0.000000 2.775162 0.550781
  537 1.475127 -9.126562 0.641211 0.828634 0.000000 3.060485 0.498047
  538 1.457384 6.171629 0.630273 1.142501 0.000000 3.286700 0.470703
  539 1.278275 -15.359625 0.686328 0.560977 0.000000 2.954255 0.537109
  540 1.508948 9.574715 0.593359 0.793659 0.000000 2.963331 0.520508
  541 1.219756 -10.950062 0.674023 0.783369 0.000000 3.256056 0.492188
  542 1.070489 -4.766050 0.660352 0.765702 0.000000 3.308950 0.502930
  543 1.380257 -2.788119 0.581055 0.748857 0.000000 3.260528 0.492188
  544 1.303840 7.966605 0.612500 0.632563 0.000000 3.106746 0.512695
  545 1.641950 6.687481 0.693164 0.664181 0.000000 3.370519 0.484375
  546 1.548126 -11.194714 0.719141 0.770096 0.000000 3.633345 0.448242
  547 1.499333 -9.353894 0.575586 0.566205 0.000000 3.593236 0.474609
  548 1.153986 4.230582 0.657617 0.655861 0.000000 3.454502 0.494141
  549 2.233306 -22.065005 0.546875 0.796342 0.000000 4.439628 0.400391
  550 2.388699 -6.862451 0.522266 0.917937 0.000000 4.149238 0.414062
  551 2.408319 -27.910568 0.471680 0.994556 0.000000 4.718763 0.392578
  552 2.651650 -30.871007 0.423828 0.928199 0.000000 5.707542 0.328125
  553 2.236068 -33.379849 0.460742 0.590858 0.000000 4.522975 0.418945
  554 1.515684 -6.680226 0.637109 0.624063 0.000000 3.580982 0.481445
  555 1.399580 0.468710 0.646680 0.990773 0.000000 3.481243 0.468750
  556 1.502313 8.365714 0.691797 0.745537 0.000000 3.276323 0.489258
  557 1.343640 -10.062451 0.598828 0.848452 0.000000 3.373266 0.477539
  558 1.282359 1.513768 0.620703 0.619158 0.000000 3.363536 0.479492
  559 1.526723 -8.616729 0.680859 0.666069 0.000000 3.121540 0.517578
  560 1.204037 -4.795784 0.669922 0.633312 0.000000 2.824048 0.545898
  561 1.581139 -0.730187 0.676758 0.624116 0.000000 3.298477 0.503906
  562 1.459715 -3.211203 0.684961 0.643293 0.000000 2.996879 0.522461
  563 1.574367 21.558820 0.648047 1.064800 0.000000 2.952572 0.538086
  564 1.250503 -14.496188 0.706836 0.718646 0.000000 2.897018 0.510742
  565 1.295408 0.937549 0.622070 0.718108 0.000000 3.346573 0.495117
  566 1.548126 -1.168763 0.642578 0.806066 0.000000 3.177604 0.502930
  567 1.457384 -4.261173 0.602930 0.746688 0.000000 3.538773 0.460938
  568 1.388524 -21.071974 0.474414 0.773599 0.000000 3.926813 0.415039
  569 1.548126 -9.432950 0.649414 0.810493 0.000000 4.070214 0.444336
  570 1.386750 -9.706275 0.544141 0.664776 0.000000 3.938772 0.452148
  571 1.338111 8.459203 0.684961 0.710802 0.000000 3.083632 0.538086
  572 1.457738 3.453439 0.598828 0.638545 0.000000 2.933232 0.535156
  573 1.500000 2.535044 0.560547 0.803083 0.000000 2.879179 0.494141
  574 1.735024 5.258449 0.687695 0.504298 0.000000 3.049787 0.548828
  575 1.306094 24.495606 0.672656 0.740367 0.000000 3.016934 0.523438
  576 1.333333 -3.087988 0.697266 0.644087 0.000000 2.970896 0.542969
  577 1.586582 -5.240228 0.585156 0.802093 0.000000 2.870463 0.493164
  578 1.427153 6.267984 0.652148 0.631267 0.000000 2.848629 0.546875
  579 2.003084 -2.895516 0.690430 0.716632 0.000000 3.175938 0.499023
  580 1.621515 -10.548784 0.597461 0.794389 0.000000 3.491806 0.473633
  581 1.913992 -16.552567 0.534570 0.798681 0.000000 3.743064 0.439453
  582 1.915675 -14.955730 0.490820 0.796147 0.000000 4.413523 0.407227
  583 1.682889 5.254216 0.544141 0.820143 0.000000 4.377226 0.407227
  584 1.556113 -3.505245 0.601562 0.702430 0.000000 3.568583 0.463867
  585 1.201850 -3.648334 0.631641 0.780007 0.000000 3.418891 0.468750
  586 1.456022 -8.150642 0.623437 0.810787 0.000000 3.208456 0.465820
  587 1.209581 -17.624394 0.668555 0.769204 0.000000 3.030340 0.538086
  588 1.433587 11.575161 0.609766 0.734971 0.000000 3.235004 0.472656
  589 1.531716 5.767578 0.652148 0.730463 0.000000 3.324270 0.505859
  590 1.505827 -9.130395 0.656250 0.759886 0.000000 3.240417 0.507812
  591 1.712511 -1.403894 0.638477 0.664757 0.000000 3.226852 0.481445
  592 1.355669 -12.533395 0.652148 0.532238 0.000000 3.319141 0.516602
  593 1.188432 20.272131 0.639844 0.648439 0.000000 3.544610 0.471680
  594 1.312457 -0.415451 0.628906 0.880079 0.000000 3.343759 0.527344
  595 1.312457 -3.785750 0.674023 0.777376 0.000000 3.148841 0.508789
  596 1.672772 -11.477666 0.664453 0.706967 0.000000 3.081144 0.494141
  597 1.480466 -16.058560 0.587891 0.668966 0.000000 3.596225 0.435547
  598 1.342189 -5.512005 0.634375 0.693654 0.000000 3.330473 0.504883
  599 1.236159 -3.789723 0.689062 0.846323 0.000000 3.163896 0.519531
  600 1.328281 -11.120294 0.575586 0.844339 0.000000 3.152043 0.483398
  601 1.334474 -16.337673 0.574219 0.695001 0.000000 2.995889 0.500977
  602 2.036257 -17.639278 0.608398 0.851904 0.000000 3.896662 0.457031
  603 2.781339 11.182608 0.708203 0.630722 0.000000 3.497019 0.499023
  604 1.547416 -20.024355 0.574219 0.688374 0.000000 3.607354 0.440430
  605 1.717701 -2.853100 0.623437 0.900665 0.000000 3.701669 0.467773
  606 1.416931 -21.134847 0.628906 0.536245 0.000000 3.168914 0.502930
  607 1.808101 -24.368108 0.507227 0.783248 0.000000 4.246188 0.406250
  608 1.562889 -15.412896 0.493555 0.882864 0.000000 4.081795 0.421875
  609 2.051322 -16.733980 0.557812 0.939112 0.000000 3.908897 0.456055
  610 2.532146 -32.273466 0.535937 0.799133 0.000000 4.210342 0.433594
  611 2.224998 -26.569074 0.507227 0.943661 0.000000 4.214524 0.423828
  612 1.811077 -32.789723 0.425195 0.659696 0.000000 4.780103 0.368164
  613 2.300895 -27.159955 0.483984 0.805541 0.000000 5.021922 0.353516
  614 2.247083 -14.841951 0.522266 0.749296 0.000000 4.366091 0.409180
  615 1.726746 -6.328086 0.555078 0.775228 0.000000 4.152832 0.438477
  616 1.452408 9.796551 0.671289 0.679860 0.000000 3.248785 0.494141
  617 1.617215 4.075161 0.667187 0.869795 0.000000 3.177964 0.499023
  618 1.257410 -11.790247 0.613867 0.570810 0.000000 2.925472 0.519531
  619 1.295408 -4.330276 0.701367 0.707650 0.000000 3.118589 0.527344
  620 1.337038 -2.647736 0.643945 0.672874 0.000000 2.828434 0.552734
  621 1.531383 -1.897121 0.710937 0.941330 0.000000 3.032938 0.554688
  622 1.335935 10.087995 0.708203 0.693229 0.000000 2.894792 0.557617
  623 1.283997 9.716605 0.777930 0.855627 0.000000 3.031383 0.538086
  624 1.386750 -10.975600 0.660352 0.685183 0.000000 3.295331 0.485352
  625 1.456022 4.835181 0.716406 0.712356 0.000000 3.042278 0.504883
  626 1.261886 -11.812809 0.700000 0.754054 0.000000 3.039472 0.534180
  627 1.278812 2.022897 0.542773 1.013124 0.000000 3.318622 0.420898
  628 1.504018 21.857549 0.646680 0.929217 0.000000 2.821800 0.536133
  629 1.442221 6.875470 0.760156 0.777343 0.000000 2.621987 0.596680
  630 1.313064 -6.978672 0.742383 0.480439 0.000000 2.852513 0.567383
  631 1.700000 5.872160 0.660352 0.972070 0.000000 3.075059 0.526367
  632 1.617215 3.737549 0.717773 0.908211 0.000000 2.865083 0.547852
  633 1.341641 4.968221 0.719141 0.738528 0.000000 2.913095 0.541992
  634 1.459927 3.192114 0.730078 0.784710 0.000000 3.017834 0.532227
  635 1.278275 -6.697210 0.686328 0.845103 0.000000 2.949437 0.523438
  636 1.161063 -1.752617 0.615234 1.008013 0.000000 3.313916 0.524414
  637 1.163014 -13.624481 0.631641 0.844849 0.000000 3.251218 0.503906
  638 1.453444 5.878993 0.698633 0.805975 0.000000 3.301543 0.491211
  639 1.834758 -10.598012 0.669922 0.813607 0.000000 3.536040 0.469727
  640 1.815772 -12.994850 0.452539 0.756009 0.000000 4.641189 0.382812
  641 2.252370 -11.370470 0.378711 0.746956 0.000000 5.311570 0.318359
  642 2.918154 -24.033395 0.550977 0.647626 0.000000 4.468892 0.408203
  643 2.224998 -22.258172 0.486719 0.916957 0.000000 5.159356 0.335938
  644 2.557042 -27.371007 0.459375 0.951073 0.000000 4.754975 0.354492
  645 2.169635 -1.329654 0.525000 0.829535 0.000000 4.118773 0.430664
  646 1.767767 -21.324630 0.690430 0.773281 0.000000 3.536591 0.493164
  647 1.636734 -11.665748 0.576953 0.807546 0.000000 3.714699 0.458008
  648 1.910497 -15.164946 0.557812 0.556611 0.000000 3.975025 0.442383
  649 1.646434 5.676025 0.570117 0.794700 0.000000 3.827602 0.438477
  650 1.670928 -13.328031 0.656250 0.647695 0.000000 3.976035 0.433594
  651 1.926535 -24.679187 0.531836 0.574384 0.000000 4.251625 0.431641
  652 2.512469 -9.412451 0.496289 0.935235 0.000000 4.604570 0.379883
  653 2.233306 -21.555172 0.616602 0.588345 0.000000 4.108397 0.448242
  654 2.012308 -14.147442 0.459375 0.543836 0.000000 4.617309 0.388672
  655 1.785961 -33.442783 0.508594 0.586753 0.000000 3.929070 0.467773
  656 1.470217 -7.796319 0.453906 0.744932 0.000000 4.190495 0.421875
  657 1.542897 -9.574839 0.590625 0.729376 0.000000 3.322666 0.465820
  658 2.109502 7.301002 0.739648 0.660392 0.000000 3.177513 0.505859
  659 1.470217 -24.479639 0.585156 0.693120 0.000000 3.593092 0.469727
  660 1.702939 -14.093988 0.533203 0.679459 0.000000 3.566642 0.446289
  661 1.831876 -7.471146 0.583789 0.791264 0.000000 3.690474 0.452148
  662 1.535613 -7.711009 0.646680 0.547116 0.000000 3.365686 0.502930
  663 1.095032 -13.818972 0.576953 0.735446 0.000000 3.576188 0.461914
  664 1.556113 0.801379 0.575586 0.876268 0.000000 3.731163 0.417969
  665 1.345604 11.990604 0.616602 0.794676 0.000000 3.357953 0.490234
  666 1.712511 -17.861173 0.544141 0.528372 0.000000 3.273346 0.518555
  667 1.672772 -10.153360 0.676758 0.772681 0.000000 3.841476 0.471680
  668 1.581139 8.327544 0.689062 0.822932 0.000000 3.297823 0.492188
  669 1.333333 8.711163 0.620703 0.759729 0.000000 3.681927 0.458008
  670 1.162476 4.093105 0.660352 0.642076 0.000000 3.175475 0.522461
  671 1.339068 -15.230085 0.671289 0.902530 0.000000 2.953092 0.548828
  672 1.278985 0.809079 0.590625 0.885911 0.000000 2.904665 0.491211
  673 1.562050 -8.212241 0.590625 0.787847 0.000000 3.474238 0.460938
  674 1.556113 -16.296016 0.626172 0.763711 0.000000 3.546049 0.472656
  675 1.548126 -9.520213 0.555078 0.695324 0.000000 3.583348 0.438477
  676 1.309953 -0.601225 0.646680 0.599664 0.000000 3.205078 0.487305
  677 1.225924 0.360805 0.676758 0.733184 0.000000 3.118355 0.508789
  678 1.295408 -5.603527 0.818945 0.780179 0.000000 2.811335 0.572266
  679 1.280720 2.135585 0.672656 0.679333 0.000000 2.791021 0.545898
  680 1.427153 -12.897121 0.643945 0.733037 0.000000 3.316016 0.482422
  681 1.160629 -10.600508 0.575586 0.798375 0.000000 3.374305 0.476562
  682 1.238418 -7.347606 0.608398 0.872194 0.000000 2.994926 0.510742
  683 1.363474 1.934995 0.664453 0.688295 0.000000 3.135194 0.527344
  684 1.428768 1.454502 0.601562 0.978221 0.000000 3.255487 0.489258
  685 1.099054 -12.153952 0.663086 0.902893 0.000000 2.729421 0.530273
  686 1.720465 17.455606 0.663086 0.702948 0.000000 2.888995 0.540039
  687 1.528398 -1.366550 0.708203 0.612385 0.000000 2.817965 0.551758
  688 1.699056 1.050593 0.690430 0.933985 0.000000 3.018136 0.511719
  689 1.459927 -9.106546 0.658984 0.493300 0.000000 2.753007 0.579102
  690 1.236159 8.173052 0.653516 0.894971 0.000000 2.921396 0.509766
  691 1.605609 19.801542 0.725977 0.621456 0.000000 2.790636 0.581055
  692 1.255055 -9.080840 0.712305 0.808223 0.000000 2.932643 0.543945
  693 1.435552 0.545590 0.788867 0.732929 0.000000 2.912292 0.539062
  694 1.350858 11.957850 0.657617 0.769844 0.000000 3.175135 0.514648
  695 1.426437 2.129261 0.695898 0.679099 0.000000 2.910627 0.536133
  696 1.446481 -4.683433 0.646680 0.703398 0.000000 3.082416 0.518555
  697 1.276079 -22.727220 0.773828 0.834438 0.000000 2.892584 0.569336
  698 1.831876 -3.983535 0.633008 0.550110 0.000000 3.404273 0.498047
  699 1.273303 -4.272344 0.563281 0.895808 0.000000 3.102405 0.503906
  700 1.711724 -21.045962 0.570117 0.680430 0.000000 3.576870 0.484375
  701 1.711724 -28.523676 0.459375 0.680579 0.000000 4.195163 0.402344
  702 1.955385 -3.880632 0.626172 0.851541 0.000000 3.677229 0.475586
  703 1.806696 -4.465070 0.627539 0.835541 0.000000 3.595711 0.447266
  704 2.144192 -26.434414 0.471680 0.966342 0.000000 4.240060 0.399414
  705 1.712511 -8.961521 0.500391 1.108399 0.000000 4.472453 0.380859
  706 2.412865 -3.475730 0.615234 0.612702 0.000000 3.970126 0.472656
  707 1.312833 -2.843095 0.533203 0.697433 0.000000 3.802759 0.445312
  708 1.590571 -28.504340 0.637109 0.721397 0.000000 3.497260 0.483398
  709 1.646434 -13.773562 0.444336 0.887399 0.000000 4.221620 0.380859
  710 1.409460 -8.561318 0.624805 0.840583 0.000000 3.795350 0.444336
  711 1.492072 -1.327840 0.635742 0.856548 0.000000 3.409812 0.460938
  712 1.459927 -10.756234 0.567383 0.636753 0.000000 3.224019 0.498047
  713 1.351882 -6.897121 0.686328 0.660816 0.000000 2.896509 0.525391
  714 1.384615 -3.495784 0.706836 0.850635 0.000000 2.930078 0.553711
  715 1.632156 6.420883 0.661719 0.919261 0.000000 3.171794 0.511719
  716 1.309953 15.762902 0.743750 0.765735 0.000000 2.701456 0.535156
  717 1.325427 -3.362451 0.787500 0.931500 0.000000 2.928452 0.546875
  718 1.295319 -2.550062 0.663086 0.651479 0.000000 2.818354 0.506836
  719 1.636734 -23.274035 0.600195 0.951462 0.000000 3.434606 0.488281
  720 1.956852 20.896733 0.587891 0.759902 0.000000 3.876390 0.450195
  721 1.237656 -8.837286 0.624805 0.704702 0.000000 3.152682 0.509766
  722 1.187332 -9.499660 0.523633 0.721864 0.000000 3.355936 0.466797
  723 1.741490 -12.340556 0.600195 0.691183 0.000000 3.572104 0.433594
  724 1.488624 -17.971541 0.525000 0.864988 0.000000 4.030447 0.412109
  725 2.752839 -7.786609 0.549609 0.718564 0.000000 3.940100 0.437500
  726 2.169635 -14.258172 0.664453 0.587332 0.000000 3.768734 0.479492
  727 2.102380 4.354715 0.555078 0.560949 0.000000 4.021526 0.419922
  728 2.885849 -29.450062 0.560547 0.711229 0.000000 4.685554 0.416016
  729 2.335977 -4.040433 0.486719 0.919553 0.000000 5.087011 0.345703
  730 1.697056 0.633271 0.552344 0.524376 0.000000 4.374349 0.408203
  731 1.834758 -9.299994 0.637109 0.729915 0.000000 3.458436 0.504883
  732 1.255055 -10.975600 0.676758 0.638970 0.000000 3.390686 0.513672
  733 1.098751 -8.433022 0.646680 0.807596 0.000000 3.271062 0.492188
  734 1.515684 5.915518 0.630273 0.720474 0.000000 3.216788 0.488281
  735 1.338111 -9.077335 0.581055 0.893592 0.000000 3.238381 0.499023
  736 1.335935 -7.740169 0.716406 1.004512 0.000000 3.295440 0.495117
  737 1.737593 -8.469836 0.567383 0.680752 0.000000 3.452645 0.458984
  738 1.459715 -12.339999 0.757422 0.700779 0.000000 3.213008 0.519531
  739 1.249204 -1.912005 0.708203 0.682471 0.000000 3.029438 0.501953
  740 1.435552 -10.539919 0.648047 0.656906 0.000000 3.300472 0.489258
  741 1.175251 -3.825241 0.639844 0.702015 0.000000 3.202976 0.518555
  742 1.561557 -9.652944 0.665820 0.918265 0.000000 2.886341 0.506836
  743 1.421510 -5.548752 0.579687 0.598461 0.000000 3.482540 0.470703
  744 1.617215 -14.614500 0.589258 0.655264 0.000000 4.079342 0.459961
  745 1.605609 -19.773235 0.544141 0.681047 0.000000 4.049845 0.422852
  746 1.562050 -26.089597 0.430664 0.907010 0.000000 4.553131 0.363281
  747 1.617215 -22.251030 0.563281 0.653199 0.000000 3.594267 0.449219
  748 1.248529 0.320399 0.572852 0.802780 0.000000 3.735463 0.462891
  749 1.548126 -20.153360 0.619336 0.882774 0.000000 3.185457 0.502930
  750 1.860521 -9.069452 0.451172 0.819365 0.000000 4.330767 0.378906
  751 1.910497 -26.157756 0.523633 0.743808 0.000000 4.625375 0.401367
  752 2.035791 -12.837673 0.434766 0.935868 0.000000 5.133847 0.342773
  753 1.892154 -20.665748 0.504492 0.912582 0.000000 4.139793 0.393555
  754 1.641950 -28.170343 0.489453 0.869634 0.000000 4.009921 0.422852
  755 1.702939 -16.450991 0.430664 0.708139 0.000000 4.622413 0.369141
  756 2.144192 -10.509450 0.456641 0.699647 0.000000 4.546970 0.369141
  757 1.802776 -19.825241 0.641211 0.666724 0.000000 3.594442 0.476562
  758 1.726268 -22.619491 0.534570 0.597460 0.000000 4.246835 0.402344
  759 1.414214 -20.350062 0.586523 0.700356 0.000000 3.774378 0.459961
  760 1.802089 -7.454410 0.550977 0.941248 0.000000 4.452078 0.373047
  761 1.857143 -9.891205 0.583789 0.925900 0.000000 3.503805 0.464844
  762 1.700000 3.050593 0.643945 0.849206 0.000000 3.082003 0.499023
  763 1.456022 -1.367145 0.776562 0.690189 0.000000 2.744520 0.561523
  764 1.500000 10.404662 0.671289 0.531697 0.000000 2.738177 0.536133
  765 1.242730 -6.548369 0.675391 0.557905 0.000000 3.107795 0.523438
  766 1.584929 -0.706895 0.579687 0.770106 0.000000 3.646924 0.468750
  767 1.307692 0.005494 0.732812 0.737861 0.000000 3.244831 0.500977
  768 1.726746 -5.804607 0.635742 0.726512 0.000000 3.327911 0.492188
  769 1.252720 -18.264201 0.622070 0.825991 0.000000 3.570238 0.447266
  770 1.396082 8.425161 0.561914 0.673956 0.000000 3.622534 0.447266
  771 1.652122 -2.717409 0.772461 0.700509 0.000000 3.117603 0.496094
  772 1.828887 -7.200062 0.600195 1.027462 0.000000 3.572213 0.466797
  773 1.531716 18.707104 0.570117 0.754429 0.000000 4.212042 0.442383
  774 1.664101 -21.015852 0.700000 0.677717 0.000000 3.286701 0.537109
  775 1.664101 -17.011619 0.507227 0.936599 0.000000 4.285702 0.411133
  776 1.297212 -17.208158 0.494922 0.733842 0.000000 3.833663 0.432617
  777 1.581139 3.846431 0.613867 0.917010 0.000000 3.699932 0.424805
  778 1.465865 -26.198095 0.698633 0.793947 0.000000 3.461285 0.494141
  779 1.265784 18.230582 0.596094 0.929134 0.000000 3.523564 0.452148
  780 1.351882 -5.327840 0.582422 0.746283 0.000000 3.108873 0.487305
  781 1.438858 8.354941 0.617969 0.836626 0.000000 3.209909 0.491211
  782 1.406393 -4.048175 0.684961 0.721835 0.000000 3.081128 0.523438
  783 1.380257 -8.570735 0.628906 0.581263 0.000000 3.210544 0.516602
  784 1.480466 -3.446229 0.626172 0.596970 0.000000 3.661720 0.487305
  785 1.355669 -11.569729 0.571484 0.989463 0.000000 3.734731 0.440430
  786 1.590571 -7.412896 0.602930 0.734632 0.000000 3.374461 0.487305
  787 1.449677 -9.360886 0.583789 0.476621 0.000000 3.400441 0.493164
  788 1.335935 -12.592230 0.552344 0.883208 0.000000 3.087534 0.511719
  789 1.470217 -6.166798 0.575586 0.499339 0.000000 3.712083 0.448242
  790 1.363474 27.444412 0.691797 0.856929 0.000000 3.396516 0.475586
  791 1.651186 5.853212 0.682227 0.927893 0.000000 3.143364 0.516602
  792 1.277204 9.825161 0.598828 0.714535 0.000000 2.974062 0.506836
  793 1.726088 11.014145 0.660352 0.725706 0.000000 3.215279 0.510742
  794 1.355669 6.735941 0.639844 0.679696 0.000000 2.599439 0.587891
  795 1.150447 -19.198842 0.575586 0.831887 0.000000 3.233767 0.471680
  796 1.343640 6.468328 0.635742 0.645024 0.000000 3.153465 0.512695
  797 1.218227 -18.799616 0.678125 0.817327 0.000000 3.159881 0.532227
  798 1.427153 -23.101281 0.568750 0.726851 0.000000 3.426385 0.470703
  799 1.584929 4.725592 0.700000 0.910159 0.000000 3.114508 0.510742
  800 1.922009 -27.090525 0.642578 0.734288 0.000000 3.601973 0.497070
  801 2.247083 -20.630062 0.451172 0.608960 0.000000 4.751628 0.378906
  802 1.137737 -12.545071 0.567383 0.607660 0.000000 3.752562 0.468750
  803 1.257916 0.090797 0.600195 0.649450 0.000000 3.253951 0.500000
  804 1.163014 -10.657754 0.771094 0.827782 0.000000 2.998219 0.515625
  805 1.277204 -0.220893 0.695898 0.771242 0.000000 3.312630 0.472656
  806 1.910497 -7.235118 0.615234 0.455088 0.000000 3.479326 0.495117
  807 3.000000 -14.732896 0.561914 0.729049 0.000000 4.117737 0.445312
  808 2.233306 -39.672456 0.503125 0.916043 0.000000 5.238614 0.378906
  809 2.252370 -20.469836 0.441602 0.982561 0.000000 5.343609 0.353516
  810 1.533930 -7.622789 0.523633 0.601339 0.000000 3.937218 0.465820
  811 1.670928 1.757217 0.516797 0.701021 0.000000 4.129607 0.436523
  812 1.805111 -2.335178 0.602930 0.673736 0.000000 3.606334 0.466797
  813 1.802776 -22.340711 0.715039 0.677860 0.000000 3.514865 0.503906
  814 1.815772 -15.992885 0.471680 0.563815 0.000000 4.648278 0.388672
  815 2.114033 -38.089783 0.427930 1.036186 0.000000 4.854875 0.376953
  816 2.636878 -10.580508 0.541406 0.853634 0.000000 4.721641 0.364258
  817 2.527969 -43.288837 0.518164 0.768929 0.000000 4.961997 0.392578
  818 2.529822 -34.581570 0.445703 0.792301 0.000000 5.359173 0.362305
  819 2.012308 -35.074037 0.499023 0.857656 0.000000 4.687545 0.369141
  820 2.532146 -33.361832 0.479883 0.795887 0.000000 4.980785 0.386719
  821 2.333333 -12.675641 0.486719 0.750003 0.000000 4.897541 0.390625
  822 2.134375 0.914715 0.568750 0.850316 0.000000 4.736328 0.391602
  823 2.134375 -20.517899 0.475781 0.672376 0.000000 4.477391 0.392578
  824 2.557042 -24.183782 0.414258 0.827262 0.000000 4.967785 0.350586
  825 2.452040 -21.902451 0.505859 0.636380 0.000000 4.135441 0.408203
  826 2.378287 7.389001 0.509961 0.979384 0.000000 4.770582 0.395508
  827 2.122775 -21.081806 0.497656 1.038861 0.000000 4.754998 0.367188
  828 2.021519 -22.070491 0.545508 0.773468 0.000000 4.216171 0.408203
  829 1.500000 0.033672 0.537305 0.827215 0.000000 4.017023 0.404297
  830 1.161063 -19.619491 0.530469 0.801348 0.000000 3.795546 0.426758
  831 1.473815 -7.655343 0.591992 0.720575 0.000000 3.221464 0.487305
  832 1.400000 -16.653275 0.665820 0.622924 0.000000 3.100206 0.554688
  833 1.637196 -3.372284 0.549609 0.931372 0.000000 3.283315 0.494141
  834 1.626129 12.552772 0.687695 0.751519 0.000000 3.330224 0.497070
  835 1.236694 4.231921 0.563281 1.006647 0.000000 3.534328 0.435547
  836 1.355815 -2.904340 0.694531 0.483896 0.000000 3.137902 0.544922
  837 1.488417 -22.927182 0.604297 0.794019 0.000000 2.913926 0.521484
  838 1.416667 -15.961648 0.561914 0.718210 0.000000 3.244551 0.463867
  839 1.817348 -22.993229 0.576953 0.728189 0.000000 3.678272 0.461914
  840 1.554151 -8.736008 0.593359 0.804837 0.000000 3.855614 0.474609
  841 1.278275 1.127987 0.627539 0.542076 0.000000 3.287053 0.502930
  842 1.562050 -8.234376 0.664453 0.646487 0.000000 2.982805 0.519531
  843 1.711724 11.010731 0.570117 0.684108 0.000000 3.094129 0.491211
  844 1.277204 -9.759431 0.587891 0.952881 0.000000 3.575304 0.461914
  845 1.475127 4.119533 0.597461 0.791527 0.000000 3.627876 0.458984
  846 1.475127 -6.114560 0.579687 0.558780 0.000000 3.562166 0.477539
  847 1.234662 -19.689087 0.634375 0.759108 0.000000 3.135397 0.511719
  848 1.273303 3.706041 0.576953 0.704780 0.000000 3.021965 0.499023
  849 1.445253 -9.591417 0.601562 1.026667 0.000000 3.288188 0.476562
  850 1.480540 -10.801310 0.596094 0.811910 0.000000 3.308137 0.495117
  851 1.584929 -0.237018 0.639844 0.860733 0.000000 3.173068 0.502930
  852 1.119846 -12.345764 0.695898 0.824889 0.000000 3.277053 0.502930
  853 1.459715 3.954038 0.613867 0.743872 0.000000 3.342695 0.465820
  854 1.910938 3.969713 0.645312 1.032558 0.000000 3.082654 0.520508
  855 1.500000 12.512772 0.645312 0.686367 0.000000 3.198776 0.496094
  856 1.409329 -3.161646 0.742383 0.693693 0.000000 2.951528 0.552734
  857 1.373081 -1.926562 0.582422 0.745162 0.000000 3.041785 0.503906
  858 1.459715 1.925963 0.585156 0.682777 0.000000 3.406227 0.474609
  859 1.843909 -2.285950 0.679492 0.711419 0.000000 3.254215 0.491211
  860 1.486321 19.835509 0.758789 0.962304 0.000000 3.211927 0.516602
  861 2.111111 -29.971709 0.557812 0.770208 0.000000 3.546522 0.499023
  862 1.737593 -20.018221 0.534570 0.589826 0.000000 4.098459 0.417969
  863 1.581139 -6.712005 0.541406 0.787036 0.000000 4.081919 0.418945
  864 1.885618 -1.896578 0.622070 0.787289 0.000000 3.613526 0.459961
  865 1.726746 9.154286 0.671289 0.813135 0.000000 3.211472 0.515625
  866 1.751010 19.582160 0.731445 0.758899 0.000000 3.146973 0.524414
  867 1.545867 -21.635980 0.663086 0.594695 0.000000 3.433873 0.487305
  868 1.233171 15.148806 0.633008 0.736646 0.000000 3.513591 0.473633
  869 1.442221 -2.181434 0.693164 0.623351 0.000000 2.848959 0.553711
  870 1.306094 -3.259896 0.665820 0.833667 0.000000 3.116756 0.520508
  871 1.427153 7.940104 0.611133 0.838808 0.000000 3.010307 0.523438
  872 1.362047 -0.084673 0.747852 0.692123 0.000000 3.027571 0.556641
  873 1.249204 8.158494 0.697266 0.586943 0.000000 2.850839 0.553711
  874 1.286876 0.828993 0.721875 0.842171 0.000000 2.930936 0.551758
  875 1.601990 -9.895516 0.684961 0.880848 0.000000 3.126343 0.522461
  876 1.414214 -12.473111 0.548242 0.831047 0.000000 3.068918 0.523438
  877 1.445253 7.561049 0.572852 0.600715 0.000000 3.403435 0.462891
  878 1.672772 9.795660 0.668555 0.719997 0.000000 3.138561 0.508789
  879 1.248529 18.275952 0.717773 0.779232 0.000000 3.039657 0.528320
  880 1.338111 -15.437712 0.671289 0.669277 0.000000 3.454414 0.490234
  881 1.562050 -3.976149 0.593359 0.556986 0.000000 3.829017 0.447266
  882 2.035791 -22.680840 0.501758 0.675558 0.000000 4.072507 0.433594
  883 1.617215 -24.277704 0.503125 0.696199 0.000000 4.139986 0.432617
  884 1.824829 -16.801310 0.566016 0.914733 0.000000 3.837625 0.421875
  885 1.901916 -19.551339 0.559180 0.625241 0.000000 3.781119 0.441406
  886 1.815772 -25.368452 0.468945 0.673789 0.000000 4.066980 0.441406
  887 1.562889 -0.117244 0.515430 0.678078 0.000000 4.198366 0.427734
  888 1.737758 -4.223116 0.671289 0.770926 0.000000 3.262656 0.521484
  889 1.767767 -11.824394 0.622070 0.540490 0.000000 3.682886 0.469727
  890 1.584929 0.803771 0.541406 0.786122 0.000000 3.649719 0.477539
  891 1.162476 -1.437712 0.572852 0.702174 0.000000 3.634749 0.467773
  892 1.627882 2.545590 0.708203 0.870296 0.000000 3.206731 0.507812
  893 1.337955 2.399492 0.570117 1.045232 0.000000 2.832337 0.507812
  894 1.823400 12.627104 0.637109 0.858049 0.000000 3.069623 0.499023
  895 1.955385 1.119368 0.652148 0.764660 0.000000 3.088732 0.517578
  896 1.500000 -1.238951 0.675391 0.970022 0.000000 3.120347 0.500977
  897 1.444991 0.128284 0.594727 0.742695 0.000000 2.840067 0.504883
  898 1.351882 -4.164946 0.694531 0.682539 0.000000 3.158490 0.529297
  899 1.297212 -6.554713 0.660352 0.691101 0.000000 2.994416 0.547852
  900 1.601990 -4.862451 0.613867 0.740353 0.000000 3.278850 0.506836
  901 1.556113 0.716605 0.633008 0.631732 0.000000 3.432920 0.489258
  902 1.660910 -12.255855 0.545508 0.695329 0.000000 3.775301 0.442383
  903 1.937926 -32.579117 0.518164 0.609789 0.000000 4.297676 0.408203
  904 1.646434 -6.892219 0.511328 0.558180 0.000000 4.269325 0.416016
  905 2.775450 -24.684273 0.540039 0.701503 0.000000 4.657149 0.415039
  906 2.500000 -26.491483 0.400586 0.846181 0.000000 5.783643 0.329102
  907 2.875000 -13.497107 0.427930 0.752286 0.000000 5.614246 0.350586
  908 2.752839 -31.199616 0.519531 0.897332 0.000000 5.070554 0.376953
  909 1.652122 -13.555172 0.616602 0.601486 0.000000 4.525097 0.410156
  910 1.548126 -25.036364 0.533203 0.755017 0.000000 3.915009 0.432617
  911 1.651186 4.692273 0.505859 0.762733 0.000000 3.765434 0.444336
  912 1.456579 8.262772 0.665820 0.769147 0.000000 3.180334 0.514648
  913 1.702939 -7.441506 0.616602 0.643743 0.000000 3.146409 0.518555
  914 1.219756 -24.705410 0.482617 0.634105 0.000000 3.890123 0.430664
  915 1.427153 -14.172980 0.531836 0.823765 0.000000 3.502774 0.473633
  916 1.767767 1.354451 0.627539 0.771066 0.000000 3.340263 0.469727
  917 1.785961 -6.925285 0.611133 0.788109 0.000000 3.815964 0.444336
  918 1.918946 -6.573562 0.563281 0.703263 0.000000 4.086698 0.413086
  919 1.670928 -19.895516 0.527734 0.734540 0.000000 3.659569 0.485352
  920 1.569334 -20.246976 0.520898 1.071748 0.000000 3.990952 0.424805
  921 1.566151 -9.489125 0.571484 0.810195 0.000000 3.621914 0.452148
  922 1.414214 -6.705410 0.657617 0.568115 0.000000 3.165161 0.528320
  923 1.320972 -6.159955 0.690430 0.796740 0.000000 3.290820 0.505859
  924 1.465865 -0.845338 0.716406 0.741617 0.000000 2.872128 0.578125
  925 1.237656 15.558585 0.682227 0.717745 0.000000 3.404415 0.499023
  926 1.089850 1.526889 0.756055 0.942652 0.000000 3.124948 0.505859
  927 1.362047 2.225816 0.641211 0.878261 0.000000 3.211098 0.514648
  928 1.215610 -8.277925 0.675391 1.036957 0.000000 3.083403 0.494141
  929 1.218227 -14.712005 0.642578 0.959865 0.000000 2.933355 0.513672
  930 1.338111 -4.207243 0.691797 0.756210 0.000000 3.361366 0.511719
  931 1.500000 0.701101 0.706836 0.565573 0.000000 2.932241 0.536133
  932 1.343710 -7.614500 0.678125 0.648316 0.000000 3.303209 0.502930
  933 1.586582 -17.242169 0.560547 0.545580 0.000000 3.931381 0.428711
  934 1.680697 -16.122010 0.596094 0.715791 0.000000 3.663070 0.495117
  935 1.240347 -3.087988 0.570117 0.692251 0.000000 3.784983 0.459961
  936 1.351882 -11.462451 0.652148 0.908619 0.000000 2.936615 0.504883
  937 1.574148 6.347056 0.607031 0.633775 0.000000 2.963458 0.538086
  938 1.674906 -2.932892 0.656250 0.730947 0.000000 3.007150 0.525391
  939 2.541460 7.641427 0.657617 0.875381 0.000000 3.047344 0.505859
  940 1.500000 -7.057766 0.715039 0.527936 0.000000 3.016395 0.523438
  941 1.480540 -8.622789 0.643945 0.615633 0.000000 3.094184 0.546875
  942 1.767767 -0.784104 0.638477 0.910576 0.000000 3.153002 0.501953
  943 1.297212 -3.074037 0.615234 0.746750 0.000000 3.398590 0.499023
  944 1.261886 -7.806212 0.648047 0.578109 0.000000 3.143019 0.520508
  945 2.036257 -15.599616 0.560547 0.752901 0.000000 3.971947 0.406250
  946 3.030458 -11.095979 0.522266 0.787660 0.000000 4.624361 0.390625
  947 2.444444 -23.846411 0.426562 0.830451 0.000000 5.264629 0.348633
  948 2.100595 -8.841506 0.483984 0.583988 0.000000 5.415682 0.360352
  949 2.144192 -13.079117 0.575586 0.800150 0.000000 3.944225 0.456055
  950 2.000000 6.547104 0.560547 0.948976 0.000000 4.470868 0.384766
  951 1.670928 -10.008127 0.586523 0.838708 0.000000 3.908833 0.432617
  952 1.652122 -5.595505 0.645312 0.588229 0.000000 3.427210 0.456055
  953 1.669397 -18.446229 0.657617 0.864601 0.000000 3.658214 0.462891
  954 1.831876 -21.080840 0.451172 0.662264 0.000000 4.323917 0.413086
  955 1.315022 -9.862451 0.576953 0.686618 0.000000 3.701667 0.471680
  956 1.502313 -15.700508 0.623437 0.514951 0.000000 3.770029 0.454102
  957 2.002498 -16.245784 0.526367 0.744090 0.000000 3.961351 0.444336
  958 1.913992 -9.584325 0.589258 0.818151 0.000000 4.021811 0.464844
  959 1.309953 -3.781859 0.597461 0.714492 0.000000 3.453862 0.466797
  960 1.554930 -5.841506 0.608398 0.726911 0.000000 3.744877 0.479492
  961 1.562050 -20.504340 0.522266 0.569923 0.000000 4.080763 0.463867
  962 1.636734 -10.454162 0.533203 0.636213 0.000000 3.783943 0.456055
  963 1.612452 -15.250062 0.648047 0.484404 0.000000 3.241848 0.507812
  964 1.902630 -12.902499 0.600195 0.754708 0.000000 3.465871 0.480469
  965 1.831876 -12.952681 0.497656 0.790730 0.000000 3.698815 0.449219
  966 1.475287 1.786242 0.607031 0.605427 0.000000 3.650376 0.506836
  967 1.442221 -20.945958 0.638477 0.803951 0.000000 3.463548 0.471680
  968 1.711724 -13.374839 0.601562 0.749849 0.000000 3.248566 0.503906
  969 1.493154 -10.429892 0.639844 0.814375 0.000000 3.332850 0.481445
  970 1.355669 -5.096713 0.661719 0.669553 0.000000 3.230189 0.512695
  971 1.470217 -19.302636 0.620703 0.710204 0.000000 3.377685 0.489258
  972 1.242730 -22.113864 0.557812 0.670639 0.000000 3.466417 0.468750
  973 1.811077 -15.600271 0.693164 0.853845 0.000000 3.414443 0.490234
  974 2.233306 -19.526562 0.466211 0.802962 0.000000 4.329569 0.421875
  975 1.811077 -11.804607 0.514062 0.921570 0.000000 4.547777 0.395508
  976 1.636364 -11.539046 0.516797 0.553458 0.000000 3.838964 0.444336
  977 1.400000 6.720437 0.571484 0.755556 0.000000 3.409108 0.484375
  978 1.325236 12.979348 0.710937 0.538542 0.000000 2.975472 0.519531
  979 1.544021 10.914715 0.684961 0.779250 0.000000 2.997329 0.512695
  980 1.636392 7.244828 0.747852 0.788231 0.000000 2.962862 0.558594
  981 1.209995 -5.643403 0.700000 0.653173 0.000000 2.897481 0.541992
  982 2.015186 19.183362 0.591992 0.720509 0.000000 3.106086 0.528320
  983 1.273303 -1.238951 0.693164 0.559655 0.000000 2.851491 0.550781
  984 1.148442 0.121227 0.611133 0.562842 0.000000 3.122449 0.486328
  985 1.222222 -9.360886 0.683594 0.724846 0.000000 3.515245 0.503906
  986 1.170721 -10.481576 0.522266 0.610223 0.000000 3.387012 0.452148
  987 1.702939 1.849177 0.738281 0.745457 0.000000 2.888162 0.548828
  988 1.308625 9.107533 0.709570 0.665319 0.000000 3.040644 0.535156
  989 1.562050 -11.130697 0.638477 0.655978 0.000000 3.253233 0.505859
  990 1.256706 -16.920600 0.663086 0.944418 0.000000 3.338159 0.486328
  991 1.286876 5.763604 0.620703 0.601189 0.000000 3.323539 0.475586
  992 1.510589 12.637104 0.611133 0.836715 0.000000 2.994894 0.504883
  993 1.551674 -8.666254 0.657617 0.877865 0.000000 3.461602 0.467773
  994 1.355213 -2.117244 0.607031 0.580964 0.000000 3.389487 0.485352
  995 1.409329 10.022897 0.613867 0.960520 0.000000 3.238163 0.504883
  996 1.236694 -12.003449 0.682227 0.823403 0.000000 3.130476 0.506836
  997 1.892154 1.070883 0.622070 0.854146 0.000000 2.761625 0.525391
  998 1.419116 11.617646 0.633008 0.839643 0.000000 2.801940 0.527344
  999 1.160668 5.940169 0.671289 0.962181 0.000000 2.763798 0.537109
 1000 1.201850 -7.302112 0.682227 0.542014 0.000000 2.975971 0.549805
