    0 0.000000 -43.275845 0.000000 0.000000 0.000000 0.000000 0.000000
    1 1.406393 -36.815451 0.894141 1.056885 0.000000 3.136566 0.500000
    2 1.329772 -47.637673 0.939648 0.843029 0.000000 3.209749 0.568359
    3 1.619803 -50.964776 0.744141 0.992235 0.000000 4.248906 0.416016
    4 1.652122 -30.754786 0.719922 1.323114 0.000000 4.777554 0.369141
    5 2.009975 -61.409389 0.891406 0.681101 0.000000 3.952755 0.460938
    6 1.515438 -44.655065 0.846289 0.815583 0.000000 3.806378 0.460938
    7 1.729663 -57.923975 0.752930 0.851652 0.000000 4.133955 0.411133
    8 1.505199 -45.814500 0.900391 0.916305 0.000000 3.755450 0.469727
    9 1.240520 -46.212934 0.708203 0.664933 0.000000 3.404881 0.508789
   10 1.646434 -48.727840 0.961719 0.672046 0.000000 3.729474 0.464844
   11 1.726088 -23.363069 0.852930 0.639111 0.000000 3.932672 0.481445
   12 1.278275 -43.679472 1.156836 0.642419 0.000000 3.332517 0.560547
   13 1.386750 -23.606630 1.101562 1.082343 0.000000 3.412366 0.526367
   14 1.280720 -53.387228 0.985352 0.843143 0.000000 3.178697 0.520508
   15 2.146332 -36.191951 0.999414 0.944949 0.000000 3.392419 0.536133
   16 1.660910 -46.070720 0.881641 0.717915 0.000000 3.508661 0.501953
   17 1.817348 -43.558059 0.749219 0.848164 0.000000 4.339414 0.411133
   18 1.458601 -64.179830 0.883203 0.939133 0.000000 4.312209 0.418945
   19 1.827250 -44.955753 0.941992 0.701185 0.000000 3.502722 0.485352
   20 1.808101 -48.566729 1.016992 0.914719 0.000000 3.622820 0.469727
   21 1.562050 -54.683930 0.847656 0.933616 0.000000 3.965481 0.449219
   22 2.124193 -55.107509 0.905664 0.695324 0.000000 4.397842 0.449219
   23 1.649242 -55.910014 0.848047 0.903593 0.000000 3.976185 0.415039
   24 1.395102 -37.403894 0.807813 1.008121 0.000000 4.238787 0.419922
   25 1.329772 -58.331672 0.830664 1.032838 0.000000 3.876249 0.437500
   26 1.570717 -39.100795 0.913672 0.739261 0.000000 3.343237 0.500977
   27 1.411901 -32.260486 1.028125 0.918046 0.000000 3.479377 0.496094
   28 2.383889 -36.767228 0.918359 0.741070 0.000000 4.041481 0.463867
   29 2.148871 -52.141792 0.852539 0.677117 0.000000 4.425012 0.451172
   30 2.002498 -34.748369 0.838086 0.604419 0.000000 4.348887 0.476562
   31 1.737593 -62.975594 0.821875 0.761748 0.000000 4.090295 0.430664
   32 2.144192 -48.392488 0.890039 0.636758 0.000000 4.325496 0.448242
   33 2.503123 -63.867107 0.700391 0.973212 0.000000 4.555986 0.380859
   34 2.281036 -61.364179 0.884180 0.620723 0.000000 4.248428 0.443359
   35 2.636878 -55.808618 0.805469 0.577489 0.000000 4.848020 0.387695
   36 2.111111 -61.091242 0.916406 0.920533 0.000000 4.042185 0.457031
   37 2.114033 -64.894743 0.798242 0.894463 0.000000 4.331168 0.398438
   38 1.760942 -53.741060 0.827930 1.100488 0.000000 4.284115 0.404297
   39 2.557042 -60.091951 0.747070 0.689866 0.000000 4.763546 0.410156
   40 2.287087 -57.421634 0.840430 0.528978 0.000000 4.848355 0.438477
   41 2.270585 -55.321007 0.822656 0.630022 0.000000 4.096072 0.472656
   42 2.109502 -40.089733 0.860742 0.749234 0.000000 3.968632 0.452148
   43 1.720465 -32.851790 0.997852 0.626642 0.000000 3.398166 0.519531
   44 1.278275 -61.391951 0.937305 0.810664 0.000000 3.370044 0.496094
   45 1.260572 -37.844061 0.928125 0.612225 0.000000 3.067657 0.519531
   46 1.521535 -23.322730 1.116992 0.777628 0.000000 3.092462 0.570312
   47 1.273303 -42.422111 0.961719 1.006288 0.000000 2.952827 0.528320
   48 1.399580 -40.019284 1.099414 0.906427 0.000000 3.185374 0.569336
   49 1.827250 -52.940797 1.033984 0.788229 0.000000 3.154104 0.521484
   50 1.578410 -48.466283 0.986914 0.704626 0.000000 3.444392 0.509766
   51 1.849001 -46.847024 0.924023 0.871216 0.000000 3.355248 0.519531
   52 1.841738 -29.716260 0.986914 0.673598 0.000000 3.413251 0.520508
   53 2.000000 -64.924839 0.874219 0.845405 0.000000 3.967742 0.477539
   54 2.021519 -59.641929 0.788672 0.690531 0.000000 4.210338 0.418945
   55 2.388122 -46.294893 0.893359 1.211900 0.000000 3.816806 0.441406
   56 1.500000 -51.566798 0.778125 0.790291 0.000000 3.772923 0.439453
   57 1.910938 -37.879187 0.987500 0.860306 0.000000 3.332000 0.502930
   58 1.386750 -15.013758 0.975000 0.709506 0.000000 3.205134 0.518555
   59 1.162476 -40.638951 1.050000 0.906896 0.000000 3.105175 0.559570
   60 1.720465 -42.496752 0.956836 0.586201 0.000000 3.448268 0.502930
   61 1.458601 -47.841506 1.089844 0.741447 0.000000 3.261311 0.540039
   62 1.442221 -48.428691 0.770898 0.984416 0.000000 3.845955 0.432617
   63 1.500000 -40.677673 1.022070 0.701161 0.000000 3.214587 0.552734
   64 1.712511 -52.116729 0.903320 0.789890 0.000000 3.611378 0.491211
   65 2.114033 -57.347507 0.929688 0.881623 0.000000 4.191730 0.449219
   66 1.910497 -51.312005 0.827148 0.588265 0.000000 4.401825 0.416992
   67 1.887273 -42.681152 0.852539 0.633616 0.000000 3.709763 0.460938
   68 1.395102 -50.144650 0.911914 1.021318 0.000000 3.432706 0.490234
   69 1.490712 -39.759412 0.968945 0.931011 0.000000 3.251468 0.517578
   70 1.362047 -42.038951 1.113867 1.047879 0.000000 3.219804 0.536133
   71 1.309953 -7.034165 0.853906 0.786735 0.000000 3.497284 0.469727
   72 1.451398 -23.669291 0.951563 0.804913 0.000000 3.268691 0.516602
   73 1.660910 -48.791951 0.902148 0.632831 0.000000 3.418173 0.515625
   74 1.849870 -50.447228 0.838672 0.917360 0.000000 3.896108 0.477539
   75 1.802776 -53.216729 0.766406 0.736642 0.000000 4.692640 0.403320
   76 1.808101 -45.388694 0.842578 0.807188 0.000000 4.260312 0.430664
   77 1.411901 -42.344952 0.891797 1.006989 0.000000 3.567048 0.452148
   78 1.457458 -39.271936 1.033594 0.969581 0.000000 3.880567 0.457031
   79 1.549722 -47.641506 0.907617 0.971205 0.000000 3.566286 0.474609
   80 1.319536 -51.157727 0.825195 0.765235 0.000000 3.970378 0.416016
   81 1.427153 -51.363342 0.767773 0.826166 0.000000 3.762237 0.444336
   82 1.278275 -46.784363 0.782031 0.824175 0.000000 3.612679 0.450195
   83 1.480466 -31.975285 0.975391 0.629613 0.000000 3.453255 0.507812
   84 1.562889 -39.683930 0.920508 0.724201 0.000000 3.539915 0.468750
   85 1.636364 -35.962687 0.893945 0.846593 0.000000 3.372883 0.500000
   86 1.607764 -26.779117 1.057813 0.937809 0.000000 3.189915 0.561523
   87 1.273665 -24.951372 1.175977 0.724737 0.000000 2.902990 0.581055
   88 1.737489 -16.985341 1.043750 0.851126 0.000000 3.102979 0.545898
   89 1.306094 -28.723775 1.237109 0.838656 0.000000 3.096763 0.555664
   90 1.475127 -26.274221 0.910742 1.018272 0.000000 3.222592 0.482422
   91 1.426437 -35.346788 0.925586 0.832532 0.000000 3.433156 0.493164
   92 1.760942 -50.947507 1.041992 0.857502 0.000000 3.400916 0.514648
   93 1.719670 -46.111009 0.855273 0.920386 0.000000 3.591595 0.457031
   94 1.711724 -44.631668 0.755469 0.981134 0.000000 3.920664 0.439453
   95 1.619803 -72.499616 0.825977 0.863746 0.000000 3.614334 0.501953
   96 1.808101 -55.713970 0.802930 0.510426 0.000000 4.174079 0.431641
   97 2.233306 -47.339046 0.902734 0.859943 0.000000 4.583769 0.403320
   98 2.276604 -67.799329 0.816992 1.088288 0.000000 4.415592 0.383789
   99 2.677542 -69.007228 0.677344 0.933299 0.000000 5.078370 0.366211
  100 2.385856 -59.558172 0.698633 0.781510 0.000000 5.440174 0.372070
  101 2.057983 -60.900508 0.779102 0.612138 0.000000 4.195389 0.453125
  102 1.926535 -57.079117 0.727734 0.694297 0.000000 4.978729 0.368164
  103 1.811077 -41.812609 0.821484 0.716708 0.000000 4.032495 0.466797
  104 1.564609 -53.793229 0.860547 1.018179 0.000000 4.044478 0.441406
  105 1.204159 -33.933395 0.844531 0.818226 0.000000 3.725144 0.456055
  106 1.386750 -40.607002 1.082617 0.863740 0.000000 3.406590 0.515625
  107 1.095032 -29.820508 1.026563 0.713435 0.000000 3.152181 0.537109
  108 1.276079 -51.157689 1.119141 0.819558 0.000000 3.207471 0.541992
  109 2.015564 -20.444180 1.040039 0.605664 0.000000 3.163103 0.557617
  110 1.093415 -48.747442 1.054883 0.715842 0.000000 3.560223 0.474609
  111 1.574367 -59.237673 0.900391 0.779403 0.000000 3.430945 0.520508
  112 1.760942 -58.203627 0.742383 0.970321 0.000000 4.591817 0.423828
  113 1.802776 -45.474695 0.875586 0.724882 0.000000 4.696327 0.447266
  114 1.672772 -61.504340 0.796289 0.901954 0.000000 4.014248 0.435547
  115 1.140175 -22.485285 0.863672 0.851920 0.000000 3.418158 0.499023
  116 1.205842 -44.581099 1.076953 0.647879 0.000000 3.250259 0.546875
  117 1.312833 -39.402876 0.904688 0.738818 0.000000 3.268703 0.514648
  118 1.347230 -30.653940 1.120898 0.918592 0.000000 3.170673 0.587891
  119 1.469225 -29.725285 1.114258 0.778283 0.000000 3.368587 0.543945
  120 1.256444 -27.554718 1.066211 1.032606 0.000000 3.298295 0.496094
  121 1.954938 -51.639638 0.958789 0.997004 0.000000 3.987570 0.425781
  122 2.569619 -44.726580 0.940820 0.962546 0.000000 3.870706 0.448242
  123 2.311805 -69.165285 0.785156 0.886964 0.000000 4.796694 0.374023
  124 2.216103 -65.517673 0.805859 1.087733 0.000000 4.984895 0.383789
  125 1.783044 -68.637228 0.770703 0.782627 0.000000 4.619853 0.396484
  126 1.729663 -46.311350 0.854883 0.793443 0.000000 4.104376 0.434570
  127 2.036257 -56.591106 0.818555 0.852041 0.000000 4.174456 0.447266
  128 2.651560 -45.756054 0.725000 0.797711 0.000000 4.449794 0.410156
  129 2.447087 -48.681977 0.776953 1.117830 0.000000 4.821429 0.398438
  130 2.360756 -63.700508 0.917188 0.960389 0.000000 4.222412 0.433594
  131 2.110793 -57.308618 0.775391 0.771430 0.000000 4.723534 0.386719
  132 2.122775 -49.773591 0.936328 0.706924 0.000000 4.127722 0.451172
  133 2.131004 -63.087228 0.773242 0.498472 0.000000 5.141072 0.405273
  134 1.355213 -51.567145 0.823438 1.130487 0.000000 4.135840 0.428711
  135 1.581139 -44.220561 0.930273 0.699624 0.000000 3.415643 0.500977
  136 1.664305 -35.309246 1.006445 0.755425 0.000000 3.478785 0.506836
  137 1.787142 -27.208618 1.049414 0.605804 0.000000 3.280339 0.521484
  138 1.393136 -48.061141 1.104102 0.862238 0.000000 3.142417 0.569336
  139 1.737758 -42.287228 1.076563 0.634305 0.000000 3.501548 0.513672
  140 1.433587 -53.040716 0.956445 0.841924 0.000000 3.461124 0.496094
  141 1.414214 -22.241755 0.915039 0.926973 0.000000 3.608726 0.488281
  142 2.173067 -34.573089 0.910547 0.679813 0.000000 3.605840 0.492188
  143 1.531383 -31.843920 1.050391 0.914736 0.000000 3.407897 0.533203
  144 1.395102 -44.277008 1.022852 0.635206 0.000000 3.150358 0.511719
  145 1.070882 -39.619284 1.012695 1.044237 0.000000 3.000350 0.524414
  146 1.470217 -48.952617 0.804297 0.828831 0.000000 3.707028 0.447266
  147 1.236159 -28.590016 0.892773 0.706417 0.000000 3.398287 0.511719
  148 1.651186 -30.785499 0.861133 1.095498 0.000000 3.134799 0.508789
  149 1.581139 -29.962896 0.964844 0.675190 0.000000 3.081226 0.525391
  150 1.475127 -47.773318 0.969727 0.969684 0.000000 3.196846 0.532227
  151 1.212678 -58.493823 0.857422 0.719299 0.000000 3.593397 0.485352
  152 1.433587 -48.166798 0.907031 0.642524 0.000000 3.546779 0.503906
  153 1.278985 -35.021407 0.942188 1.198383 0.000000 3.250223 0.503906
  154 1.210515 -16.128504 1.002734 0.796337 0.000000 3.072173 0.540039
  155 1.910938 -30.395784 1.116602 0.847013 0.000000 2.818157 0.577148
  156 1.740910 -26.171045 1.198242 0.608825 0.000000 3.070686 0.596680
  157 1.288602 -49.083433 1.089844 0.696574 0.000000 3.115892 0.561523
  158 1.233171 -32.157063 0.895703 0.508294 0.000000 3.365896 0.504883
  159 1.343640 -50.971007 0.949609 0.830109 0.000000 3.293103 0.504883
  160 1.459927 -41.375703 0.893750 0.668086 0.000000 3.103471 0.493164
  161 1.644409 -46.242783 1.084180 0.654713 0.000000 2.976450 0.563477
  162 1.478583 -28.675463 0.927148 0.926332 0.000000 3.585993 0.455078
  163 1.219756 -33.517244 1.029297 1.050965 0.000000 3.188185 0.546875
  164 1.236694 -56.292640 0.956055 0.774747 0.000000 3.606635 0.510742
  165 1.356748 -34.447734 1.032422 0.744921 0.000000 3.008581 0.552734
  166 1.456022 -49.829892 0.966602 0.861150 0.000000 3.358259 0.500977
  167 1.697273 -57.340797 0.868359 0.872144 0.000000 4.352455 0.432617
  168 1.452500 -18.933484 0.916406 0.678745 0.000000 4.014754 0.472656
  169 2.000000 -52.772896 0.760352 0.826928 0.000000 3.777385 0.452148
  170 1.702939 -49.632663 0.862109 0.933498 0.000000 4.226610 0.435547
  171 1.072587 -33.981599 1.094531 0.871133 0.000000 3.483095 0.496094
  172 1.205842 -51.047566 0.940234 0.580515 0.000000 2.942972 0.563477
  173 1.697056 -28.808618 0.925977 0.841264 0.000000 3.433779 0.496094
  174 1.666667 -16.273771 0.826953 0.910519 0.000000 3.562150 0.463867
  175 1.802776 -62.954713 0.843945 0.892356 0.000000 3.714327 0.471680
  176 1.562050 -33.570561 0.847461 0.972585 0.000000 4.095666 0.442383
  177 1.401898 -25.379535 0.958203 0.849012 0.000000 3.559342 0.496094
  178 1.590571 -41.224106 0.965234 0.898801 0.000000 3.226829 0.536133
  179 1.237656 -43.174839 0.850391 0.838357 0.000000 3.395188 0.466797
  180 1.909091 -6.480530 1.144531 0.939527 0.000000 3.194678 0.549805
  181 2.446347 -41.778633 1.075195 1.167038 0.000000 3.683884 0.495117
  182 1.639672 -45.227013 0.909961 0.976559 0.000000 3.664478 0.494141
  183 1.581139 -40.477721 0.975781 1.124434 0.000000 4.030689 0.482422
  184 1.536902 -36.467217 1.036719 0.846423 0.000000 3.282036 0.532227
  185 1.277204 -42.315895 0.836523 0.775679 0.000000 3.087600 0.518555
  186 1.457458 -48.384612 0.855078 0.787413 0.000000 3.706007 0.440430
  187 1.638887 -49.494816 0.769531 0.875591 0.000000 4.144638 0.417969
  188 1.351882 -47.214500 0.968359 0.692514 0.000000 3.937399 0.468750
  189 1.280720 -49.911967 0.939258 0.942387 0.000000 3.373753 0.493164
  190 1.932013 -50.768833 0.918359 0.807117 0.000000 3.574089 0.487305
  191 1.433587 -33.417887 0.965039 0.800165 0.000000 3.589052 0.490234
  192 1.297666 -39.507636 1.064453 0.833635 0.000000 3.299198 0.541016
  193 1.325236 -20.836378 0.963281 0.792161 0.000000 3.116278 0.500977
  194 1.212678 -47.579911 0.954688 0.759074 0.000000 3.338415 0.504883
  195 1.337955 -33.767228 0.873438 0.804652 0.000000 3.080288 0.494141
  196 1.382666 -32.045714 0.838867 0.752307 0.000000 3.185933 0.510742
  197 1.303840 -38.860846 0.902344 1.001294 0.000000 3.115374 0.524414
  198 1.459715 -32.180818 1.028711 1.001759 0.000000 3.258642 0.511719
  199 1.112485 -37.602891 1.008398 0.742783 0.000000 3.117230 0.537109
  200 1.351882 -29.760722 0.902148 0.753100 0.000000 3.370881 0.501953
  201 1.355213 -35.789355 0.961914 1.310665 0.000000 3.301753 0.484375
  202 1.267105 -43.588119 1.012109 0.755027 0.000000 3.625491 0.494141
  203 1.219553 -15.166794 1.030664 0.802170 0.000000 3.602648 0.508789
  204 1.369932 -39.475285 1.091016 0.882452 0.000000 3.222300 0.554688
  205 1.126185 -40.526562 1.006836 0.748399 0.000000 3.404103 0.495117
  206 1.341641 -29.391620 0.853711 1.039962 0.000000 3.084183 0.527344
  207 1.922009 -40.305410 1.067578 0.592228 0.000000 3.296365 0.566406
  208 1.396082 -46.671146 0.762500 0.700540 0.000000 4.034261 0.449219
  209 1.355669 -42.640228 1.000586 0.826634 0.000000 3.695991 0.480469
  210 1.562889 -32.062451 0.974219 0.844776 0.000000 3.444256 0.496094
  211 1.562889 -50.300508 0.886133 0.945429 0.000000 3.736615 0.452148
  212 1.831876 -41.157727 0.864844 0.792541 0.000000 3.868765 0.443359
  213 1.923538 -57.092219 0.897852 0.671987 0.000000 4.304453 0.436523
  214 1.492072 -59.353894 1.013477 0.996688 0.000000 4.075737 0.451172
  215 1.338111 -47.178137 0.940234 0.659618 0.000000 3.826926 0.474609
  216 1.605609 -32.019627 0.962500 0.775300 0.000000 3.454644 0.510742
  217 1.626129 -25.567228 0.939453 1.047654 0.000000 3.432778 0.475586
  218 2.246365 -17.694839 1.019141 0.786120 0.000000 3.024890 0.532227
  219 1.673835 -21.986823 1.041602 0.535443 0.000000 2.895877 0.580078
  220 1.382666 -42.938475 0.983789 0.778162 0.000000 3.061314 0.517578
  221 1.561557 -37.788119 1.100000 0.788772 0.000000 3.067203 0.557617
  222 1.377411 -29.324016 1.126953 0.839867 0.000000 3.159198 0.568359
  223 1.070047 -30.661141 1.026172 0.759877 0.000000 3.184549 0.539062
  224 1.581139 -41.526889 0.979688 0.522264 0.000000 3.597191 0.510742
  225 1.800000 -69.834376 0.864648 0.958025 0.000000 4.002802 0.449219
  226 1.694586 -37.405285 0.861133 0.746378 0.000000 4.261778 0.423828
  227 2.446968 -42.058179 0.802734 1.060323 0.000000 4.426278 0.418945
  228 2.250000 -44.340669 0.861523 0.942766 0.000000 4.404448 0.397461
  229 2.378287 -64.003894 0.742969 1.013740 0.000000 4.824374 0.374023
  230 2.651650 -55.952005 0.646289 0.708555 0.000000 5.744211 0.316406
  231 3.146102 -59.066729 0.667578 0.984843 0.000000 5.501078 0.352539
  232 2.761340 -62.439010 0.649023 0.574364 0.000000 5.533897 0.371094
  233 3.017895 -33.402909 0.748047 1.047225 0.000000 5.335811 0.361328
  234 2.775450 -54.952198 0.764844 0.549332 0.000000 5.240392 0.378906
  235 2.651560 -57.496578 0.642383 0.743793 0.000000 5.961488 0.318359
  236 2.761340 -61.642843 0.694141 0.576325 0.000000 5.496895 0.381836
  237 2.532146 -35.181888 0.750586 0.782698 0.000000 4.666438 0.375977
  238 3.003399 -39.766256 0.860156 0.776007 0.000000 4.826310 0.414062
  239 2.137265 -48.024394 0.784766 0.773688 0.000000 5.016091 0.373047
  240 2.122775 -46.720561 0.807422 0.621154 0.000000 4.191169 0.420898
  241 2.341442 -53.271801 0.838867 0.616586 0.000000 4.727178 0.413086
  242 2.341442 -68.283727 0.666992 1.134341 0.000000 4.804748 0.362305
  243 2.335977 -38.112005 0.816602 0.954051 0.000000 4.146022 0.423828
  244 2.918154 -58.172734 0.786914 0.877696 0.000000 5.025360 0.380859
  245 2.408319 -35.443342 0.633789 0.850110 0.000000 5.029367 0.382812
  246 2.408319 -71.621648 0.755273 0.825001 0.000000 5.213074 0.383789
  247 1.646434 -46.925285 0.856836 0.906756 0.000000 4.028881 0.439453
  248 2.100265 -38.573089 0.934961 0.801790 0.000000 3.817969 0.459961
  249 1.549722 -32.602891 0.996680 1.006099 0.000000 3.647067 0.480469
  250 1.636734 -41.748784 1.013867 0.709449 0.000000 3.569626 0.511719
  251 1.767767 -22.054839 1.048633 1.027051 0.000000 3.401256 0.504883
  252 1.386750 -35.525940 1.009961 0.773660 0.000000 3.319783 0.540039
  253 1.421510 -45.115279 0.902734 0.805935 0.000000 3.608781 0.499023
  254 1.276079 -52.991951 0.790039 0.886239 0.000000 3.551981 0.484375
  255 1.286876 -59.183535 0.918945 0.841656 0.000000 3.705575 0.451172
  256 1.562889 -50.977394 0.904883 0.759535 0.000000 3.594389 0.470703
  257 1.584929 -35.113755 0.941016 0.722550 0.000000 3.936272 0.468750
  258 1.802776 -51.149307 0.804297 0.632207 0.000000 3.896397 0.437500
  259 1.386750 -40.495784 0.855273 0.621593 0.000000 4.584145 0.418945
  260 1.672772 -36.705164 0.912305 1.016464 0.000000 4.140389 0.446289
  261 1.664101 -44.561377 0.966211 0.896513 0.000000 3.689018 0.464844
  262 1.664101 -54.436396 0.865625 0.925663 0.000000 3.541230 0.492188
  263 2.503123 -28.021347 0.819727 0.795388 0.000000 3.962138 0.485352
  264 2.942151 -39.907103 0.818555 0.643461 0.000000 4.853709 0.389648
  265 2.144192 -65.724839 0.782813 0.656497 0.000000 5.371556 0.384766
  266 2.527969 -46.018972 0.761523 0.902957 0.000000 4.925815 0.377930
  267 2.527969 -52.680900 0.777344 0.819508 0.000000 4.922352 0.387695
  268 2.027588 -57.658950 0.764844 1.149826 0.000000 4.807054 0.364258
  269 2.298337 -46.737673 0.919531 0.900544 0.000000 4.041577 0.462891
  270 2.436896 -75.670901 0.707227 0.775625 0.000000 4.923786 0.369141
  271 2.029486 -64.257794 0.704102 0.750122 0.000000 5.183049 0.373047
  272 2.631174 -75.156790 0.627344 0.951698 0.000000 5.830303 0.316406
  273 2.233306 -67.513970 0.648242 0.651240 0.000000 5.983597 0.336914
  274 2.427061 -60.450508 0.699609 0.555859 0.000000 5.668470 0.342773
  275 3.272783 -43.310855 0.939453 0.651056 0.000000 4.660658 0.427734
  276 2.188376 -29.877835 0.995312 1.006185 0.000000 3.577692 0.500000
  277 1.744449 -46.958758 1.041992 0.602274 0.000000 3.512281 0.500977
  278 2.116783 -39.540508 0.944336 0.702501 0.000000 3.528490 0.492188
  279 1.693880 -51.495784 0.865820 0.774121 0.000000 3.688893 0.450195
  280 1.617215 -48.670115 0.899023 0.728892 0.000000 3.659833 0.462891
  281 1.554930 -53.038983 0.942188 0.645616 0.000000 3.698603 0.468750
  282 1.793186 -58.397625 0.733398 0.815785 0.000000 4.406217 0.397461
  283 1.811077 -43.972284 0.825195 0.665089 0.000000 3.806247 0.468750
  284 1.840894 -38.604200 1.015234 1.004944 0.000000 3.713406 0.489258
  285 1.953057 -59.608641 0.897656 1.088806 0.000000 3.938019 0.474609
  286 2.100265 -47.644434 0.771875 0.806481 0.000000 4.274211 0.416992
  287 2.124193 -51.660266 0.867969 0.816501 0.000000 4.406128 0.427734
  288 2.752839 -50.120432 0.841211 0.509012 0.000000 5.281379 0.419922
  289 2.875000 -71.028404 0.781250 0.616363 0.000000 6.604893 0.356445
  290 3.053937 -66.741060 0.624219 0.621921 0.000000 6.213471 0.315430
  291 2.754018 -61.217986 0.686133 0.689281 0.000000 5.376550 0.361328
  292 2.677542 -60.767228 0.758594 0.795181 0.000000 6.034950 0.395508
  293 2.368916 -66.991506 0.710156 0.787418 0.000000 5.096037 0.405273
  294 2.003084 -40.957727 0.851172 0.727450 0.000000 4.004372 0.484375
  295 1.868523 -33.714028 0.985742 0.832081 0.000000 3.808184 0.496094
  296 1.600000 -37.483727 0.986523 0.797998 0.000000 3.724069 0.487305
  297 1.545867 -35.655065 1.006641 0.964439 0.000000 3.284764 0.535156
  298 2.127147 -52.629563 0.917383 1.143067 0.000000 3.854473 0.447266
  299 2.252370 -57.383395 0.941211 0.783593 0.000000 4.140468 0.477539
  300 2.224998 -46.409064 0.732227 0.706671 0.000000 4.958974 0.367188
  301 2.022375 -45.039616 0.836133 0.740529 0.000000 4.419062 0.419922
  302 1.717701 -49.721394 0.825195 0.721588 0.000000 4.134555 0.434570
  303 1.509231 -34.571792 0.850977 0.905111 0.000000 4.052647 0.429688
  304 2.114033 -47.450597 0.930664 0.728501 0.000000 4.319778 0.432617
  305 1.670928 -44.845338 0.818750 0.705088 0.000000 4.365574 0.432617
  306 1.910497 -34.068443 0.950000 0.740377 0.000000 3.732348 0.482422
  307 1.204037 -48.393021 0.968359 0.867121 0.000000 3.503492 0.493164
  308 1.381484 -32.216230 0.946289 0.610007 0.000000 3.230907 0.535156
  309 1.316711 -40.510031 1.080664 0.821218 0.000000 3.156174 0.587891
  310 1.493576 -36.455065 1.003320 0.860641 0.000000 3.389368 0.510742
  311 1.545867 -28.515512 1.011523 0.768755 0.000000 3.545216 0.496094
  312 1.459845 -56.683337 0.859766 0.740398 0.000000 3.649951 0.500977
  313 1.350926 -43.749407 0.817969 0.967889 0.000000 3.804758 0.463867
  314 1.099054 -34.812896 0.877539 0.749693 0.000000 3.415918 0.480469
  315 1.514456 -29.099171 0.996094 0.614238 0.000000 3.230097 0.549805
  316 1.456579 -36.050062 1.053711 0.698639 0.000000 3.151979 0.554688
  317 1.278812 -25.883486 1.011914 0.942301 0.000000 3.273751 0.513672
  318 1.253896 -40.920701 0.967578 0.822766 0.000000 3.238675 0.538086
  319 1.286876 -47.483395 0.938672 0.629013 0.000000 3.428607 0.456055
  320 1.480466 -35.575979 0.881641 0.652378 0.000000 3.557989 0.455078
  321 1.502313 -41.984732 1.049414 0.549466 0.000000 3.354146 0.543945
  322 1.473815 -37.403894 1.047852 0.754013 0.000000 3.554007 0.515625
  323 1.459927 -35.107727 0.987500 0.725359 0.000000 3.181810 0.541992
  324 2.525343 -35.717696 1.039844 0.745231 0.000000 3.508118 0.531250
  325 1.554930 -28.629830 0.894727 0.771423 0.000000 3.606416 0.467773
  326 1.187776 -43.114374 0.945703 0.901521 0.000000 3.569119 0.499023
  327 1.355213 -26.590062 1.087109 0.635249 0.000000 3.094250 0.560547
  328 1.937926 -46.532504 0.952734 0.682534 0.000000 3.919844 0.474609
  329 2.109502 -48.569588 0.858203 0.693653 0.000000 4.506234 0.438477
  330 2.015186 -46.658195 0.994141 0.847367 0.000000 3.879303 0.500000
  331 1.834758 -46.006212 0.896680 0.701191 0.000000 4.286297 0.436523
  332 2.137265 -59.991922 0.772656 0.706778 0.000000 4.329002 0.412109
  333 2.651650 -35.615451 0.758789 0.845219 0.000000 4.648859 0.418945
  334 2.773501 -81.617976 0.621289 0.661988 0.000000 5.463286 0.360352
  335 2.121320 -50.102643 0.693945 1.164425 0.000000 5.460821 0.349609
  336 2.343891 -69.371452 0.723438 0.814233 0.000000 4.795868 0.393555
  337 2.454525 -66.839183 0.741797 0.905129 0.000000 5.011548 0.398438
  338 2.557042 -60.188601 0.695703 0.745535 0.000000 4.913084 0.365234
  339 2.335977 -66.087228 0.798633 0.733370 0.000000 5.219293 0.402344
  340 1.697056 -56.445714 0.682617 0.645841 0.000000 4.946937 0.377930
  341 1.545867 -52.212896 0.700391 0.603232 0.000000 4.073691 0.444336
  342 1.185114 -38.676698 0.887695 0.728762 0.000000 3.298263 0.511719
  343 1.616542 -37.949407 0.915820 0.825824 0.000000 3.343467 0.515625
  344 1.802776 -14.311196 0.918359 0.711798 0.000000 3.677109 0.472656
  345 1.894264 -54.774839 0.972461 0.768836 0.000000 3.684349 0.518555
  346 2.012308 -32.558758 0.751758 0.668986 0.000000 4.571629 0.404297
  347 1.902630 -53.910062 0.795703 0.753816 0.000000 4.418405 0.433594
  348 1.456579 -47.700508 0.850000 0.824953 0.000000 3.842513 0.439453
  349 1.297212 -44.199616 0.959570 0.822268 0.000000 3.651256 0.476562
  350 1.554151 -26.371007 1.099023 0.904070 0.000000 3.423821 0.528320
  351 1.273303 -37.564578 0.971680 0.717244 0.000000 3.300342 0.552734
  352 1.475127 -58.974839 0.900195 0.812185 0.000000 4.070697 0.430664
  353 2.057983 -66.987228 0.742578 0.645773 0.000000 4.776607 0.397461
  354 1.757886 -34.125730 0.917383 0.948096 0.000000 4.076450 0.452148
  355 1.428768 -30.312005 0.905273 0.801944 0.000000 3.252820 0.493164
  356 1.234662 -37.199616 0.984180 0.816503 0.000000 3.544774 0.497070
  357 1.154006 -43.012896 0.906250 0.692903 0.000000 3.022874 0.530273
  358 1.218227 -51.988793 0.917969 0.773694 0.000000 3.228136 0.506836
  359 1.148442 -36.698899 0.995508 0.668784 0.000000 3.371039 0.513672
  360 1.492072 -52.752617 0.834180 0.840199 0.000000 3.412934 0.521484
  361 1.248529 -45.383128 0.761914 0.626820 0.000000 3.413073 0.500977
  362 2.002498 -54.729563 0.896094 1.001800 0.000000 3.581525 0.500000
  363 2.000000 -50.182354 0.855469 0.937593 0.000000 4.436222 0.394531
  364 1.858883 -49.867567 0.889453 1.070918 0.000000 3.863161 0.483398
  365 1.907662 -56.636396 0.911914 0.915766 0.000000 3.911286 0.441406
  366 1.980460 -40.006630 0.844336 0.915469 0.000000 4.102961 0.474609
  367 1.833333 -35.390062 0.919922 1.067334 0.000000 4.158344 0.437500
  368 1.556113 -56.602891 0.907617 0.696793 0.000000 4.083773 0.463867
  369 2.063031 -61.925285 0.742578 0.911654 0.000000 4.072362 0.446289
  370 2.266231 -55.390062 0.714453 0.768103 0.000000 4.608342 0.396484
  371 2.264820 -44.919616 0.775391 1.095744 0.000000 4.415766 0.388672
  372 2.144192 -74.358573 0.778125 0.622279 0.000000 4.728738 0.417969
  373 1.955385 -49.137673 0.676953 0.702335 0.000000 4.786600 0.372070
  374 1.849870 -47.607205 0.889453 1.002060 0.000000 3.772255 0.444336
  375 1.470217 -35.145784 0.822852 0.810991 0.000000 3.726998 0.469727
  376 1.498717 -42.557673 0.810742 0.596662 0.000000 4.114081 0.439453
  377 1.767767 -51.542451 1.024023 0.937176 0.000000 3.502543 0.496094
  378 1.421510 -53.769848 0.847656 0.836400 0.000000 4.041226 0.420898
  379 1.672772 -49.294614 0.820117 0.755790 0.000000 4.208691 0.432617
  380 1.717701 -48.662451 0.867578 1.061568 0.000000 3.922101 0.412109
  381 1.569334 -36.281806 0.898047 0.979976 0.000000 3.395013 0.512695
  382 1.549722 -46.914269 0.925977 0.836357 0.000000 3.365342 0.479492
  383 1.393136 -40.983395 0.988477 0.756484 0.000000 3.452386 0.514648
  384 1.510589 -20.692467 0.974805 0.663151 0.000000 3.418903 0.495117
  385 2.169305 -32.708504 0.844141 0.868433 0.000000 3.343832 0.466797
  386 1.307692 -32.232682 1.051172 0.957117 0.000000 3.243378 0.546875
  387 1.820453 -20.803716 1.038281 0.793129 0.000000 3.372602 0.485352
  388 1.913992 -36.333039 0.973047 0.843846 0.000000 3.839178 0.504883
  389 2.264820 -34.959616 0.869922 0.622506 0.000000 4.857359 0.418945
  390 2.035791 -47.394672 0.895313 0.528531 0.000000 4.254021 0.457031
  391 2.416244 -63.685123 0.685352 0.668253 0.000000 5.544016 0.353516
  392 1.760942 -52.655855 0.748047 1.029469 0.000000 4.824229 0.395508
  393 1.815772 -57.083424 0.898047 0.988158 0.000000 3.894911 0.459961
  394 2.122775 -35.654287 0.790625 0.938303 0.000000 3.750039 0.475586
  395 2.500000 -49.995505 0.811914 0.910840 0.000000 4.160810 0.443359
  396 1.760942 -50.023116 0.916016 1.084717 0.000000 3.731860 0.492188
  397 1.915675 -57.709246 0.733008 0.756026 0.000000 3.955562 0.426758
  398 1.612452 -23.972254 0.912109 0.661395 0.000000 3.708154 0.467773
  399 1.335935 -45.418317 1.075195 0.614124 0.000000 3.364116 0.530273
  400 1.271162 -51.892919 0.801563 0.998382 0.000000 3.379777 0.449219
  401 1.271162 -34.017633 0.925195 0.652108 0.000000 3.671427 0.526367
  402 1.291884 -37.210277 1.067969 1.033826 0.000000 3.261005 0.517578
  403 1.138129 -58.762494 0.941016 0.762171 0.000000 3.351456 0.512695
  404 1.159897 -36.416767 0.985742 0.731443 0.000000 3.476778 0.526367
  405 1.900292 -40.599423 1.127930 0.628158 0.000000 3.042896 0.580078
  406 1.343640 -38.679472 1.106445 0.938409 0.000000 3.260236 0.523438
  407 1.339068 -39.264055 0.971484 0.524531 0.000000 3.289273 0.544922
  408 1.309953 -29.308618 0.973633 0.860672 0.000000 3.445029 0.512695
  409 1.303840 -39.929206 0.891602 0.817489 0.000000 3.425803 0.490234
  410 1.581139 -35.497378 0.969531 0.719109 0.000000 2.980689 0.554688
  411 1.908455 -35.897001 0.933398 0.718008 0.000000 3.511041 0.529297
  412 1.433587 -37.832005 1.072656 0.814824 0.000000 3.648382 0.516602
  413 1.351882 -37.052557 0.966406 0.570813 0.000000 3.552989 0.502930
  414 1.242730 -27.966283 1.005273 0.878413 0.000000 3.242003 0.523438
  415 1.562050 -37.346229 0.959766 0.915268 0.000000 3.351201 0.510742
  416 1.711724 -54.630085 0.787109 0.955936 0.000000 3.829430 0.462891
  417 1.492072 -48.763255 1.008594 0.669004 0.000000 3.341634 0.488281
  418 1.426437 -59.905274 0.827344 0.859869 0.000000 3.642507 0.444336
  419 1.612452 -55.781859 0.969727 0.844406 0.000000 3.665793 0.475586
  420 1.212678 -47.203411 0.993555 0.545027 0.000000 3.421269 0.530273
  421 1.280720 -28.849438 0.872070 0.871926 0.000000 3.038961 0.520508
  422 1.542897 -36.791506 1.116211 0.728463 0.000000 3.262339 0.549805
  423 1.416667 -43.773146 1.083203 0.750706 0.000000 3.554847 0.516602
  424 1.145374 -34.637386 0.839648 0.826859 0.000000 3.691403 0.443359
  425 1.456022 -40.477666 1.024609 0.664430 0.000000 3.162738 0.524414
  426 1.699056 -23.637673 1.109180 0.786703 0.000000 3.329833 0.541992
  427 1.312833 -42.027013 0.994531 0.696665 0.000000 3.053793 0.534180
  428 1.660910 -59.029633 1.022461 0.634643 0.000000 3.259212 0.527344
  429 1.868523 -59.975285 0.665430 0.621529 0.000000 4.869888 0.369141
  430 1.907662 -56.354831 0.801953 0.788345 0.000000 4.645236 0.409180
  431 2.224998 -52.743331 0.660938 1.194373 0.000000 4.947822 0.365234
  432 2.114033 -60.593887 0.932617 0.827373 0.000000 4.223176 0.438477
  433 1.729663 -47.030399 0.807227 0.963818 0.000000 4.723583 0.420898
  434 1.717701 -64.008967 0.789648 0.679870 0.000000 4.381208 0.458984
  435 1.886699 -33.956746 0.693555 0.758334 0.000000 4.053320 0.416016
  436 2.000000 -33.084756 0.945898 0.830209 0.000000 3.398733 0.504883
  437 1.502313 -32.750349 0.900781 1.062124 0.000000 3.606413 0.501953
  438 1.307692 -45.286232 0.860156 0.786563 0.000000 3.860897 0.470703
  439 1.564609 -37.062451 0.975586 0.963082 0.000000 3.221363 0.516602
  440 1.500000 -52.412141 0.731445 0.840780 0.000000 4.070112 0.427734
  441 2.202272 -53.056782 0.749023 0.780193 0.000000 4.608601 0.390625
  442 2.630173 -71.166742 0.692383 0.584257 0.000000 4.732387 0.402344
  443 2.589921 -54.370470 0.848242 0.735664 0.000000 4.713090 0.428711
  444 2.569619 -63.985356 0.798633 1.094415 0.000000 4.883647 0.373047
  445 2.910618 -75.043939 0.812109 0.649254 0.000000 5.178849 0.380859
  446 2.500000 -71.979563 0.756250 1.062344 0.000000 6.285368 0.329102
  447 2.247083 -72.002121 0.702734 0.617180 0.000000 5.355104 0.353516
  448 2.144192 -50.007228 0.740625 0.825203 0.000000 5.190092 0.410156
  449 1.669397 -48.071007 0.813867 1.072414 0.000000 4.790761 0.412109
  450 1.660910 -63.286232 0.743359 0.746517 0.000000 4.207726 0.440430
  451 2.382534 -83.685285 0.563281 0.943430 0.000000 6.402558 0.292969
  452 2.467067 -54.951812 0.623633 0.860854 0.000000 5.767830 0.327148
  453 2.627975 -77.300508 0.850781 0.759143 0.000000 4.604094 0.420898
  454 2.015186 -34.622451 0.863867 0.898459 0.000000 4.731381 0.407227
  455 1.719670 -53.167174 0.943555 0.781609 0.000000 3.726575 0.467773
  456 1.473815 -55.586260 0.936719 0.822780 0.000000 3.677774 0.487305
  457 1.323987 -21.483827 1.020508 0.731357 0.000000 3.461457 0.503906
  458 1.328281 -44.335178 1.039648 0.804602 0.000000 3.194785 0.562500
  459 1.433587 -41.131838 0.963867 0.790657 0.000000 3.232369 0.492188
  460 1.095835 -30.508618 0.960156 0.875876 0.000000 3.180154 0.504883
  461 1.514037 -41.553360 1.121484 0.577485 0.000000 3.150614 0.545898
  462 1.561557 -41.228978 1.011719 0.742623 0.000000 3.026198 0.546875
  463 1.220529 -13.267854 0.828320 0.821181 0.000000 3.241544 0.495117
  464 1.780449 -31.412896 1.128516 1.073805 0.000000 3.312218 0.540039
  465 1.382666 -14.640436 1.054883 0.998044 0.000000 3.228014 0.530273
  466 1.531283 -20.750062 0.902930 0.975037 0.000000 3.413464 0.500000
  467 1.459927 -33.209636 0.860352 0.773034 0.000000 3.475756 0.482422
  468 1.563750 -34.443365 0.889844 0.775793 0.000000 3.468472 0.490234
  469 1.828887 -23.733651 1.077148 1.227139 0.000000 3.120404 0.489258
  470 1.754116 -30.713040 0.911133 1.002773 0.000000 3.572154 0.465820
  471 2.119996 -30.429117 1.079492 0.804416 0.000000 3.523348 0.508789
  472 1.886699 -58.292219 0.963477 0.985709 0.000000 3.593924 0.500000
  473 2.134375 -56.652896 0.809766 0.792228 0.000000 4.155243 0.443359
  474 1.600000 -52.751339 0.782422 0.809644 0.000000 4.312197 0.435547
  475 1.910497 -47.950062 0.926953 0.667657 0.000000 3.935752 0.477539
  476 1.953057 -51.454340 0.825195 0.679440 0.000000 4.279229 0.426758
  477 1.556113 -44.774839 0.860547 0.962010 0.000000 3.821998 0.454102
  478 1.737758 -27.263485 0.871875 1.035539 0.000000 4.192268 0.439453
  479 1.817348 -61.058172 0.953906 1.168640 0.000000 3.838831 0.458984
  480 1.502313 -38.345693 0.886133 1.019451 0.000000 3.679640 0.457031
  481 1.712511 -54.784989 0.768359 1.054614 0.000000 3.999889 0.426758
  482 2.169635 -60.591166 0.860352 1.090083 0.000000 4.057510 0.446289
  483 2.110793 -48.715024 0.810938 0.867889 0.000000 4.254199 0.444336
  484 2.455486 -57.756138 0.799023 0.777727 0.000000 4.308587 0.436523
  485 2.110793 -60.330543 0.801953 0.863987 0.000000 4.457269 0.420898
  486 1.137220 -42.038951 0.809180 0.763168 0.000000 4.277863 0.448242
  487 1.585525 -36.647228 0.934375 0.933788 0.000000 3.467714 0.473633
  488 1.516293 -50.143042 0.950000 0.718805 0.000000 3.324903 0.505859
  489 1.442221 -45.102112 0.851172 0.786590 0.000000 3.656253 0.465820
  490 1.641950 -42.815451 0.888086 0.884103 0.000000 3.556399 0.508789
  491 1.597412 -37.978768 0.986914 0.949351 0.000000 3.617660 0.493164
  492 1.892154 -43.929781 0.935547 0.784561 0.000000 3.654804 0.483398
  493 1.252720 -37.616283 0.986914 0.799393 0.000000 3.392271 0.506836
  494 1.616542 -26.049616 0.848242 0.896802 0.000000 3.336453 0.501953
  495 1.493576 -37.407657 0.998047 0.550874 0.000000 3.484525 0.522461
  496 1.674906 -45.214500 1.048828 0.754938 0.000000 3.364737 0.519531
  497 1.250000 -43.478285 0.971875 1.119676 0.000000 3.204375 0.485352
  498 1.046433 -50.356657 0.895898 0.801104 0.000000 3.415443 0.464844
  499 1.328174 -23.750062 0.932617 0.942681 0.000000 3.396527 0.488281
  500 1.646026 -25.682284 1.107617 1.012378 0.000000 3.350976 0.512695
  501 1.601990 -37.426763 1.027539 0.756403 0.000000 3.249668 0.541016
  502 1.551674 -27.774839 1.083984 0.870874 0.000000 3.178091 0.541992
  503 1.914104 -28.495811 0.954102 0.708583 0.000000 3.528250 0.481445
  504 2.651650 -41.766963 0.967969 1.028396 0.000000 4.147983 0.432617
  505 2.161154 -50.312005 0.873828 0.614181 0.000000 4.740440 0.444336
  506 2.427061 -55.906754 0.829492 0.665963 0.000000 5.106545 0.395508
  507 2.512469 -72.315279 0.660547 0.692289 0.000000 5.279209 0.345703
  508 2.565199 -61.209064 0.677148 1.028710 0.000000 5.737185 0.332031
  509 2.891025 -70.999293 0.676367 1.169036 0.000000 6.304246 0.309570
  510 3.002603 -69.790062 0.788281 0.563473 0.000000 6.010739 0.375977
  511 2.775450 -51.445285 0.786719 0.662733 0.000000 5.896124 0.351562
  512 2.484520 -56.207905 0.815625 1.031840 0.000000 5.077330 0.395508
  513 3.288818 -76.516600 0.785352 1.148406 0.000000 5.498913 0.363281
  514 2.161154 -64.995345 0.653711 0.959200 0.000000 6.364674 0.342773
  515 2.026298 -60.835923 0.749219 0.869140 0.000000 4.606775 0.410156
  516 2.357023 -34.702117 0.808203 0.806180 0.000000 4.681022 0.409180
  517 2.875000 -70.230062 0.710742 0.679015 0.000000 5.109077 0.395508
  518 2.357023 -64.923342 0.715820 0.908076 0.000000 6.028118 0.348633
  519 2.012308 -51.392374 0.707031 0.882598 0.000000 4.984599 0.388672
  520 2.416244 -65.235923 0.753906 0.970374 0.000000 4.263209 0.415039
  521 3.440456 -65.144070 0.653906 0.841774 0.000000 5.510574 0.328125
  522 2.527969 -68.772433 0.642383 0.718217 0.000000 5.810802 0.333008
  523 2.527969 -70.755072 0.676563 1.029116 0.000000 5.457659 0.331055
  524 2.287087 -48.425285 0.764062 0.891955 0.000000 4.787645 0.394531
  525 2.109502 -42.131277 0.975195 0.910142 0.000000 4.253610 0.455078
  526 1.932013 -68.550817 0.770508 0.630907 0.000000 4.776559 0.423828
  527 2.651560 -84.299198 0.708008 0.887214 0.000000 5.344760 0.337891
  528 3.190611 -71.960122 0.671289 0.575717 0.000000 5.924774 0.331055
  529 2.236068 -69.569608 0.589453 1.304161 0.000000 6.349766 0.299805
  530 2.454525 -50.140169 0.757031 0.857523 0.000000 5.695397 0.358398
  531 2.672195 -50.790062 0.642578 0.756925 0.000000 4.991994 0.375977
  532 2.617812 -21.396713 0.876953 0.512161 0.000000 4.223694 0.455078
  533 2.915476 -70.656782 0.824805 0.791095 0.000000 4.132444 0.467773
  534 2.512469 -60.275730 0.697070 0.847730 0.000000 5.874323 0.354492
  535 2.378287 -38.088523 0.753320 0.735970 0.000000 4.639543 0.392578
  536 2.209072 -57.343302 0.953906 0.768179 0.000000 4.143229 0.440430
  537 2.102380 -31.737049 0.888086 0.742514 0.000000 4.513220 0.436523
  538 1.824829 -28.039616 0.957617 0.638089 0.000000 3.542256 0.509766
  539 1.702939 -42.305004 0.898633 0.803216 0.000000 3.814769 0.477539
  540 1.276484 -50.754317 0.839648 0.955707 0.000000 3.715431 0.456055
  541 1.325178 -34.908618 0.876367 0.634926 0.000000 3.309183 0.490234
  542 1.590571 -41.084608 0.924609 0.832248 0.000000 3.207467 0.510742
  543 1.531283 -40.871007 0.866406 0.562246 0.000000 3.567778 0.480469
  544 1.581139 -38.474839 0.973242 0.778111 0.000000 3.508139 0.502930
  545 1.737593 -52.061141 1.026953 0.531358 0.000000 3.506456 0.499023
  546 1.218227 -41.943802 0.895313 0.993959 0.000000 3.417116 0.483398
  547 1.711724 -36.879064 0.987500 0.680003 0.000000 3.267660 0.532227
  548 1.528321 -61.138292 0.793555 0.950357 0.000000 4.082288 0.449219
  549 2.000000 -43.819313 0.784375 0.849033 0.000000 4.373522 0.412109
  550 2.247083 -42.668119 0.771094 0.824704 0.000000 4.731524 0.429688
  551 1.913992 -43.045059 0.729297 0.919645 0.000000 4.730029 0.378906
  552 1.840894 -39.262451 0.886133 0.558649 0.000000 4.010339 0.447266
  553 2.775450 -59.576736 0.707031 0.607390 0.000000 4.731849 0.390625
  554 2.015186 -54.194365 0.717578 0.784621 0.000000 4.921794 0.388672
  555 2.022375 -57.845285 0.961914 0.630587 0.000000 4.151224 0.458008
  556 2.144192 -59.984104 0.842578 0.728270 0.000000 4.513783 0.410156
  557 2.236068 -58.621452 0.895117 0.895246 0.000000 4.074836 0.446289
  558 2.144192 -34.865851 0.791406 0.829094 0.000000 4.249662 0.451172
  559 2.557042 -56.674839 0.925195 0.877647 0.000000 4.308695 0.442383
  560 2.454525 -32.250191 0.734961 0.808270 0.000000 4.707921 0.399414
  561 2.512469 -51.316589 0.787305 0.885733 0.000000 4.793365 0.391602
  562 1.767767 -50.060700 0.832617 0.741629 0.000000 4.278751 0.443359
  563 1.811077 -30.953894 0.845898 0.501346 0.000000 3.804928 0.467773
  564 1.475287 -34.853940 0.904297 0.683329 0.000000 3.752372 0.435547
  565 1.545867 -35.344394 0.874609 0.624678 0.000000 3.909592 0.444336
  566 1.955385 -59.929563 0.741602 1.019646 0.000000 4.327771 0.399414
  567 1.621515 -66.081977 0.761914 0.851081 0.000000 4.865059 0.401367
  568 1.381484 -35.060508 0.797461 0.596835 0.000000 3.762098 0.453125
  569 1.703229 -49.866729 1.023828 0.750776 0.000000 3.494539 0.531250
  570 1.562050 -43.462451 1.008789 0.671643 0.000000 3.454786 0.526367
  571 1.154006 -37.054839 0.933789 0.825190 0.000000 3.186758 0.512695
  572 1.214286 -0.836396 1.019727 0.803297 0.000000 3.181169 0.537109
  573 1.337955 -16.310855 1.154688 0.755066 0.000000 3.127323 0.567383
  574 1.209995 -48.175494 0.925586 0.886022 0.000000 3.396741 0.531250
  575 1.201850 -52.113698 0.813672 0.694914 0.000000 3.381096 0.493164
  576 1.815772 -30.364619 0.816211 0.781272 0.000000 4.013799 0.457031
  577 1.409460 -49.572284 0.966406 0.880359 0.000000 3.677364 0.482422
  578 1.476891 -35.378768 0.888477 0.970384 0.000000 3.500441 0.484375
  579 2.000000 -47.929117 0.878320 0.878662 0.000000 3.935588 0.436523
  580 1.817348 -56.822402 0.794727 0.813911 0.000000 4.298947 0.420898
  581 1.612452 -36.552005 0.789844 0.798319 0.000000 4.401742 0.426758
  582 1.980460 -34.757577 0.761523 1.083495 0.000000 4.422363 0.380859
  583 2.076322 -39.885285 0.867969 0.986920 0.000000 3.836665 0.459961
  584 1.894264 -51.232682 0.738672 0.659789 0.000000 4.041315 0.440430
  585 1.500000 -59.950062 0.910352 0.596987 0.000000 4.238549 0.438477
  586 1.974609 -44.816729 0.796875 0.771219 0.000000 4.080514 0.447266
  587 1.514456 -48.464733 0.759180 0.681303 0.000000 4.738657 0.390625
  588 1.564609 -47.375835 0.978711 0.683296 0.000000 3.367434 0.553711
  589 1.068748 -26.305758 1.070313 0.970972 0.000000 3.073692 0.541016
  590 1.726088 -49.638951 1.061914 0.911426 0.000000 3.515616 0.516602
  591 1.327782 -32.541506 0.907422 0.726316 0.000000 3.462200 0.484375
  592 1.414214 -49.249260 0.997656 1.061939 0.000000 3.348414 0.502930
  593 1.596025 -43.191951 0.987305 0.617560 0.000000 3.376718 0.540039
  594 1.697273 -50.026252 0.864258 0.635168 0.000000 4.127795 0.449219
  595 1.319536 -35.012896 0.910938 0.719320 0.000000 3.334599 0.495117
  596 1.380257 -49.795813 1.028320 0.922438 0.000000 3.436314 0.503906
  597 1.162476 -33.901785 0.844922 0.805261 0.000000 3.499464 0.472656
  598 1.508948 -46.242783 1.074219 1.082755 0.000000 3.199441 0.542969
  599 1.446481 -36.517409 0.910352 0.704977 0.000000 3.570469 0.502930
  600 1.457738 -28.835709 0.858984 0.671311 0.000000 3.346062 0.503906
  601 1.984943 -16.969251 1.023633 1.006360 0.000000 3.646495 0.497070
  602 1.493576 -25.951057 0.900000 1.040847 0.000000 3.333927 0.488281
  603 1.900292 -37.700062 0.949805 0.637646 0.000000 3.431164 0.471680
  604 1.277204 -33.692219 0.875977 1.029835 0.000000 3.640432 0.461914
  605 1.286100 -24.568079 1.039453 0.679357 0.000000 3.091020 0.560547
  606 1.153986 -45.401581 0.896680 0.850382 0.000000 3.122950 0.519531
  607 1.435552 -41.189429 1.022266 0.689040 0.000000 3.176759 0.562500
  608 1.678484 -32.982950 1.013867 0.797473 0.000000 2.885946 0.586914
  609 1.257916 -29.206136 0.993359 0.629647 0.000000 2.940291 0.529297
  610 1.400000 -37.716656 0.943555 0.591504 0.000000 3.225166 0.497070
  611 1.249204 -31.548369 1.121289 0.484440 0.000000 3.121756 0.558594
  612 1.457384 -27.283395 1.128906 0.839536 0.000000 2.920051 0.577148
  613 1.508948 -23.537530 1.037305 0.810655 0.000000 3.026132 0.550781
  614 1.638480 -17.811470 0.883008 0.825088 0.000000 2.867705 0.543945
  615 1.407029 -26.998339 1.028125 0.627276 0.000000 3.090443 0.525391
  616 1.697157 -38.703964 0.915820 0.834521 0.000000 2.903716 0.557617
  617 1.500000 -25.230062 1.041211 0.813357 0.000000 3.080959 0.546875
  618 1.380257 -27.112005 1.053125 0.715377 0.000000 3.031903 0.538086
  619 1.765686 -18.341151 0.972266 0.793855 0.000000 3.090448 0.527344
  620 1.409460 -25.416283 0.935352 0.958922 0.000000 2.877186 0.514648
  621 1.456022 -29.416397 0.835352 1.155001 0.000000 3.095293 0.485352
  622 1.453296 -36.042575 0.940234 1.010382 0.000000 3.249748 0.506836
  623 1.433587 1.239843 1.002148 0.848821 0.000000 3.015694 0.537109
  624 1.316711 -17.909533 1.108008 0.930181 0.000000 3.305253 0.548828
  625 1.452408 -47.842783 0.949609 0.922334 0.000000 3.352378 0.483398
  626 1.351882 -48.967906 0.965039 0.669228 0.000000 3.325859 0.525391
  627 1.548126 -26.806347 0.976563 1.027882 0.000000 3.518277 0.478516
  628 1.727273 -49.864415 0.879883 0.887511 0.000000 3.499687 0.502930
  629 1.406930 -36.149407 0.797656 0.763070 0.000000 3.396220 0.465820
  630 1.253896 -27.013551 0.980664 0.859371 0.000000 3.224645 0.502930
  631 1.192928 -19.215032 0.904102 0.716521 0.000000 3.282998 0.520508
  632 1.801234 -23.521452 1.039453 0.717972 0.000000 3.402333 0.527344
  633 1.314462 -17.941060 1.093555 0.744373 0.000000 2.860810 0.567383
  634 2.253470 -28.653185 1.037109 0.651686 0.000000 3.112152 0.567383
  635 1.955761 -40.150062 0.964844 1.037380 0.000000 3.130699 0.534180
  636 1.726746 -47.336782 1.069531 0.637740 0.000000 3.392772 0.553711
  637 1.096323 -33.332671 1.033008 0.495523 0.000000 3.585310 0.522461
  638 2.134023 -25.362451 0.916016 0.668412 0.000000 3.042605 0.547852
  639 1.664305 -35.315279 0.981055 0.697593 0.000000 3.173728 0.516602
  640 1.761661 -25.804964 1.030859 0.813436 0.000000 2.944811 0.578125
  641 1.309001 -32.448397 1.049805 0.769175 0.000000 2.999041 0.527344
  642 1.078143 -26.674839 1.124414 0.876244 0.000000 3.012707 0.576172
  643 1.687602 -12.300765 1.062695 0.807209 0.000000 3.067566 0.546875
  644 1.953057 -41.206630 1.054688 0.752533 0.000000 3.579973 0.535156
  645 1.726088 -45.345478 0.848828 0.766950 0.000000 4.413275 0.440430
  646 2.102380 -48.951372 0.870117 0.768520 0.000000 3.882805 0.475586
  647 2.651650 -48.059705 0.923242 0.667733 0.000000 4.033400 0.465820
  648 3.053937 -58.534598 0.805664 0.847128 0.000000 4.662508 0.422852
  649 3.455253 -81.422451 0.749219 0.755558 0.000000 5.740041 0.381836
  650 2.773501 -80.459050 0.656055 0.596375 0.000000 6.409265 0.322266
  651 4.362084 -54.948018 0.641211 1.024092 0.000000 6.015226 0.335938
  652 3.455253 -84.477335 0.629102 0.756828 0.000000 5.854940 0.331055
  653 3.224903 -58.044269 0.668945 0.838695 0.000000 6.588846 0.334961
  654 3.155817 -69.521007 0.545312 0.795488 0.000000 6.744449 0.294922
  655 2.775450 -76.182451 0.768555 0.873518 0.000000 6.115135 0.314453
  656 3.171943 -85.554718 0.690234 0.797524 0.000000 5.943921 0.334961
  657 2.775450 -52.728685 0.682813 0.720659 0.000000 6.854344 0.298828
  658 2.773501 -78.532126 0.743945 0.762071 0.000000 5.946131 0.336914
  659 3.259601 -49.102112 0.674219 1.270982 0.000000 6.144323 0.315430
  660 3.171943 -77.485285 0.717969 0.778085 0.000000 5.672828 0.365234
  661 3.298113 -67.674435 0.510937 0.953496 0.000000 7.526730 0.256836
  662 2.919431 -72.566473 0.557812 0.840688 0.000000 6.882708 0.277344
  663 3.313547 -81.568847 0.674414 0.887501 0.000000 6.000200 0.338867
  664 3.194383 -72.587099 0.625000 0.962219 0.000000 6.293301 0.294922
  665 2.729282 -56.337537 0.640625 0.672307 0.000000 6.623923 0.315430
  666 2.131004 -44.541951 0.770898 0.641556 0.000000 4.743299 0.403320
  667 1.726746 -40.794365 0.933203 0.888364 0.000000 3.697314 0.487305
  668 1.666667 -44.176117 0.962109 0.754709 0.000000 3.475874 0.496094
  669 1.380257 -29.818308 1.017578 0.842980 0.000000 3.245866 0.561523
  670 1.584929 -55.407905 1.005273 0.842455 0.000000 3.310140 0.516602
  671 1.636734 -39.732671 0.962305 0.920963 0.000000 3.805033 0.481445
  672 1.910497 -24.208044 0.882617 0.645466 0.000000 3.722264 0.477539
  673 1.860521 -51.255690 0.939258 0.975203 0.000000 4.060557 0.440430
  674 2.144192 -64.277335 0.778320 0.866625 0.000000 4.076559 0.445312
  675 2.672195 -61.131263 0.683594 0.915861 0.000000 5.363117 0.336914
  676 2.773501 -54.391519 0.864453 0.864745 0.000000 4.635053 0.416016
  677 3.155817 -56.835776 0.686914 0.902091 0.000000 5.642812 0.346680
  678 2.446968 -40.485285 0.772656 0.825298 0.000000 4.554797 0.427734
  679 3.162278 -62.906417 0.748047 0.880238 0.000000 5.244089 0.373047
  680 3.738929 -85.499367 0.612305 0.709386 0.000000 6.865517 0.316406
  681 3.171943 -77.856458 0.633203 0.893787 0.000000 6.833540 0.295898
  682 2.877716 -56.134677 0.627734 1.059440 0.000000 5.433789 0.348633
  683 2.877716 -73.826003 0.784961 0.571375 0.000000 4.715151 0.407227
  684 3.194383 -82.422289 0.703906 0.632349 0.000000 5.921443 0.316406
  685 2.233306 -62.562451 0.707031 0.702867 0.000000 5.780937 0.351562
  686 2.532146 -67.007228 0.741406 0.982534 0.000000 4.874953 0.355469
  687 1.652122 -45.359616 0.798242 0.496498 0.000000 4.501732 0.403320
  688 1.849870 -63.190303 0.774023 0.850046 0.000000 4.457986 0.398438
  689 1.811077 -55.520294 0.885156 0.957566 0.000000 4.158773 0.460938
  690 1.248529 -26.419402 0.923633 0.968481 0.000000 3.931416 0.480469
  691 1.438482 -35.800912 0.784570 0.843848 0.000000 4.366076 0.422852
  692 1.617215 -61.079601 0.848828 0.659419 0.000000 4.008161 0.432617
  693 1.137220 -20.800939 0.975781 0.766385 0.000000 3.414760 0.506836
  694 1.452408 -40.958517 0.928711 0.920989 0.000000 3.151788 0.515625
  695 1.390000 -42.458172 0.937500 0.756191 0.000000 3.466689 0.485352
  696 1.475127 -39.087228 1.086523 0.830848 0.000000 3.240662 0.555664
  697 1.452408 -64.298899 0.889063 0.798345 0.000000 3.549960 0.479492
  698 1.066108 -28.273707 0.928711 0.688459 0.000000 3.618948 0.475586
  699 1.469225 -29.876800 1.009180 0.761079 0.000000 3.295453 0.528320
  700 2.072225 -21.637584 1.065039 0.851301 0.000000 3.112086 0.529297
  701 2.114033 -23.480099 1.095898 0.915220 0.000000 2.943087 0.560547
  702 1.617215 -35.405595 0.935938 0.684838 0.000000 2.867847 0.579102
  703 1.297212 -42.559586 0.946289 0.981552 0.000000 3.268782 0.499023
  704 1.351882 -48.672344 1.127148 0.650416 0.000000 3.188073 0.552734
  705 1.315022 -37.738119 1.064258 0.715911 0.000000 3.301297 0.561523
  706 1.277204 -35.696578 1.053125 0.717000 0.000000 3.366564 0.524414
  707 1.600000 -51.857954 0.919922 0.909267 0.000000 3.935088 0.445312
  708 1.554151 -50.213137 0.763867 0.942939 0.000000 4.169293 0.408203
  709 1.646434 -48.932016 0.836523 0.853128 0.000000 4.019636 0.446289
  710 2.026298 -59.015451 0.766406 0.734010 0.000000 4.435425 0.412109
  711 1.729663 -33.700062 0.889648 0.684517 0.000000 3.812534 0.475586
  712 1.584929 -30.421347 0.991406 0.779787 0.000000 3.473023 0.499023
  713 1.687602 -35.822161 0.901367 0.756910 0.000000 3.498689 0.488281
  714 1.438482 -54.915799 0.895898 0.941938 0.000000 3.487908 0.472656
  715 2.134375 -47.817174 1.001563 0.821351 0.000000 3.564151 0.495117
  716 1.815772 -44.496734 0.818945 0.771568 0.000000 4.062414 0.476562
  717 1.550434 -25.467217 0.922656 0.716288 0.000000 3.775197 0.473633
  718 1.591932 -41.421634 0.741602 0.961991 0.000000 3.937309 0.417969
  719 1.355815 -35.610931 0.857617 0.556486 0.000000 3.642294 0.475586
  720 1.500000 -43.668102 0.899609 0.668571 0.000000 3.186015 0.516602
  721 1.470217 -30.141366 1.020508 0.779395 0.000000 2.897871 0.561523
  722 1.735024 -20.776265 0.951367 0.931887 0.000000 3.004363 0.548828
  723 1.339068 -30.270561 1.115234 0.684554 0.000000 3.182987 0.565430
  724 1.256335 -27.496578 0.966406 0.781434 0.000000 3.076599 0.561523
  725 1.664305 -34.916743 1.021680 0.698198 0.000000 2.991196 0.555664
  726 1.447719 -25.457548 1.025195 0.856540 0.000000 3.138294 0.514648
  727 1.253860 -35.689125 0.884766 0.695416 0.000000 3.204127 0.505859
  728 1.230769 -35.258656 1.052734 1.060572 0.000000 3.330646 0.526367
  729 1.286100 -34.154340 1.107617 0.790910 0.000000 3.106420 0.548828
  730 1.562050 -28.869836 0.985156 0.780772 0.000000 3.279194 0.521484
  731 1.427747 -34.998621 1.038086 0.979939 0.000000 3.494691 0.466797
  732 2.000000 -23.047934 1.058594 0.740744 0.000000 3.110728 0.543945
  733 1.945897 -29.671007 1.047656 0.845977 0.000000 2.817346 0.571289
  734 2.133974 -28.968580 1.147656 0.917023 0.000000 3.275396 0.516602
  735 1.406930 -23.887228 0.940430 0.880582 0.000000 3.227789 0.508789
  736 1.456022 -34.908172 1.143750 0.617541 0.000000 3.068613 0.577148
  737 2.035791 -47.172896 1.027734 0.704702 0.000000 3.630272 0.512695
  738 1.840894 -35.576117 0.905469 0.769339 0.000000 4.123794 0.464844
  739 1.570717 -25.422289 0.963867 0.650924 0.000000 3.812895 0.484375
  740 2.134375 -32.716283 0.898047 0.964444 0.000000 3.336724 0.495117
  741 1.971710 -23.217553 0.947461 0.979798 0.000000 3.455173 0.495117
  742 1.664950 -39.287228 0.907422 0.664707 0.000000 3.741579 0.509766
  743 1.458601 -38.499616 0.992578 0.724128 0.000000 3.249296 0.530273
  744 1.289753 -28.478777 0.941211 0.874332 0.000000 3.357454 0.473633
  745 1.409460 -43.823633 1.074609 0.614119 0.000000 3.240735 0.554688
  746 1.856626 -34.520634 1.027148 0.773653 0.000000 2.898449 0.549805
  747 2.044036 -31.222451 1.091016 0.842128 0.000000 3.112553 0.520508
  748 1.456022 -47.096597 0.949805 0.586163 0.000000 2.780832 0.572266
  749 1.238418 -33.932045 0.930078 0.873221 0.000000 3.129854 0.517578
  750 1.321069 -39.169588 0.901953 0.795229 0.000000 3.335494 0.488281
  751 1.541768 -20.195730 1.055273 0.755195 0.000000 3.317013 0.514648
  752 2.000000 -34.722780 1.149805 1.040720 0.000000 3.182113 0.541992
  753 1.862629 -32.129117 0.966602 0.846893 0.000000 2.945387 0.552734
  754 2.114033 -31.803894 0.948242 0.963427 0.000000 3.093211 0.505859
  755 2.073974 -30.708172 0.958984 1.098380 0.000000 2.831474 0.534180
  756 1.432581 -34.943986 1.038867 0.656898 0.000000 2.947165 0.564453
  757 1.442221 -21.768111 1.071094 0.797134 0.000000 2.965221 0.561523
  758 1.749842 -36.947507 1.005469 0.973051 0.000000 3.013310 0.538086
  759 1.726746 -16.772896 1.107813 0.969871 0.000000 3.145227 0.541992
  760 1.703229 -21.502451 1.023438 0.743411 0.000000 3.079047 0.566406
  761 1.343640 -40.529117 0.975586 0.641421 0.000000 3.325976 0.521484
  762 1.237656 -18.525572 1.014648 0.951360 0.000000 2.983799 0.538086
  763 1.526723 -20.303908 1.100781 0.685431 0.000000 3.170484 0.535156
  764 1.664332 -43.327840 0.940234 0.717104 0.000000 2.996453 0.572266
  765 1.343640 -42.730187 0.923047 0.711110 0.000000 3.171534 0.512695
  766 1.351882 -36.315303 0.852734 0.740414 0.000000 3.940803 0.432617
  767 1.050748 -46.498899 0.950781 0.830363 0.000000 3.105607 0.558594
  768 1.135292 -18.189436 0.847266 0.740165 0.000000 3.553563 0.466797
  769 1.888889 -30.859321 1.041992 0.910702 0.000000 3.057331 0.547852
  770 2.000000 -16.418888 1.183008 0.636336 0.000000 3.034918 0.599609
  771 1.074480 -53.303062 0.973242 0.781949 0.000000 3.185486 0.522461
  772 1.531013 -37.974184 1.014258 0.987596 0.000000 3.055584 0.516602
  773 1.549722 -16.445376 1.205469 0.754497 0.000000 2.941891 0.579102
  774 1.243904 -40.713698 1.114844 0.929937 0.000000 2.978507 0.554688
  775 1.238418 -47.993357 0.906250 0.664235 0.000000 3.457662 0.458984
  776 1.084255 -38.559955 0.925977 0.955268 0.000000 3.353221 0.514648
  777 1.414214 -24.663205 1.039844 0.970756 0.000000 3.231976 0.535156
  778 1.386750 -38.924394 1.066602 0.970393 0.000000 3.239929 0.504883
  779 1.617215 -46.831078 1.016406 0.607179 0.000000 3.291802 0.510742
  780 1.515684 -47.505617 0.952344 0.837346 0.000000 3.442477 0.491211
  781 1.419116 -45.002876 0.925195 0.633132 0.000000 3.855424 0.469727
  782 1.432581 -22.403342 0.984375 0.643896 0.000000 3.501391 0.501953
  783 1.500000 -35.568860 0.987109 0.931249 0.000000 3.702108 0.482422
  784 1.492072 -33.715730 0.930469 0.804512 0.000000 3.639802 0.493164
  785 2.150581 -56.418317 0.902344 0.638113 0.000000 3.963432 0.460938
  786 1.427153 -63.764946 0.927148 0.842823 0.000000 3.669751 0.500977
  787 1.670928 -47.811586 0.819141 0.810788 0.000000 4.115474 0.427734
  788 2.342070 -77.987673 0.845898 0.791236 0.000000 4.422432 0.421875
  789 2.651560 -73.916600 0.636719 1.029972 0.000000 5.980127 0.347656
  790 2.122775 -66.793229 0.588867 0.828344 0.000000 5.339492 0.326172
  791 2.357023 -65.939374 0.659375 0.802315 0.000000 5.112756 0.345703
  792 2.233306 -53.762828 0.828711 0.602779 0.000000 4.522362 0.430664
  793 1.902630 -60.591576 0.846680 0.853620 0.000000 4.296289 0.452148
  794 1.660910 -56.119279 0.791406 0.811893 0.000000 4.011738 0.423828
  795 2.012308 -54.605608 0.834766 0.832803 0.000000 4.614199 0.407227
  796 2.300895 -50.704340 0.708789 0.681934 0.000000 4.951562 0.374023
  797 1.219756 -53.064733 0.834375 0.741511 0.000000 3.958995 0.465820
  798 1.365542 -53.462451 0.756445 0.653569 0.000000 3.756122 0.471680
  799 1.918075 -41.986160 0.981250 0.640115 0.000000 3.599470 0.522461
  800 1.910497 -51.298814 0.936914 0.727713 0.000000 4.015201 0.463867
  801 1.815772 -40.441951 0.855859 0.687294 0.000000 3.680119 0.499023
  802 2.012308 -52.483337 0.983398 0.949232 0.000000 3.707225 0.507812
  803 1.926535 -60.054410 0.940430 0.839134 0.000000 3.810712 0.466797
  804 1.554151 -53.558332 0.829883 0.943084 0.000000 4.062632 0.436523
  805 1.815772 -71.036364 0.830859 0.761198 0.000000 4.155857 0.435547
  806 1.913992 -59.142676 0.740430 0.889005 0.000000 4.278664 0.422852
  807 1.811077 -58.645059 0.903711 0.673257 0.000000 4.005374 0.469727
  808 1.605192 -37.877915 0.951563 0.802566 0.000000 3.929705 0.455078
  809 1.270352 -44.303550 0.958008 0.720262 0.000000 3.517944 0.495117
  810 1.783044 -38.839616 1.054883 0.824519 0.000000 3.295618 0.527344
  811 1.910497 -57.752681 0.818359 0.888462 0.000000 4.181282 0.417969
  812 1.638480 -36.237228 0.936914 0.676831 0.000000 4.084168 0.448242
  813 2.124193 -52.512005 0.896680 0.934826 0.000000 3.876951 0.455078
  814 1.729663 -50.358172 0.838672 0.883892 0.000000 3.802586 0.475586
  815 1.729663 -46.597673 0.985352 0.737499 0.000000 3.688188 0.481445
  816 1.913992 -39.954786 0.908789 0.698155 0.000000 4.185303 0.410156
  817 1.902630 -48.929563 0.856055 1.199939 0.000000 4.222236 0.427734
  818 1.343710 -53.250062 0.969531 0.685417 0.000000 3.415996 0.534180
  819 1.386750 -31.746229 0.948633 0.652056 0.000000 3.302324 0.518555
  820 1.376042 -47.471801 1.048633 0.804915 0.000000 3.044799 0.524414
  821 1.449677 -47.301475 0.950391 0.661314 0.000000 3.541219 0.456055
  822 1.249204 -46.174184 0.974023 0.869358 0.000000 3.179076 0.496094
  823 1.303840 -13.610305 1.168164 0.773485 0.000000 3.063853 0.566406
  824 1.549722 -56.297233 0.957031 0.804091 0.000000 3.404778 0.513672
  825 1.636734 -44.657954 0.938867 0.704948 0.000000 3.607093 0.477539
  826 1.380670 -22.708618 0.875781 0.925606 0.000000 3.832044 0.457031
  827 1.624171 -46.713698 1.063477 0.874657 0.000000 3.091894 0.560547
  828 1.382152 -30.988119 1.036523 0.881044 0.000000 3.048273 0.563477
  829 1.335935 -52.341520 1.147070 0.816492 0.000000 3.269599 0.527344
  830 1.585525 -32.892640 1.120703 0.742915 0.000000 3.465590 0.538086
  831 2.408319 -36.813966 0.982031 0.684032 0.000000 4.154178 0.458008
  832 2.233306 -62.191951 0.831641 0.698622 0.000000 4.085494 0.475586
  833 2.029486 -61.235000 0.846094 0.922872 0.000000 5.297355 0.377930
  834 2.233339 -63.095784 0.828125 0.643857 0.000000 5.471892 0.398438
  835 1.646434 -50.789723 0.901367 0.779644 0.000000 4.532119 0.451172
  836 1.922009 -64.536782 0.795508 0.713526 0.000000 4.617712 0.376953
  837 2.233306 -67.148784 0.728711 0.661556 0.000000 4.518361 0.404297
  838 2.557042 -60.035054 0.805469 0.872038 0.000000 4.851302 0.376953
  839 2.503123 -42.949616 0.699414 0.975260 0.000000 4.845812 0.399414
  840 2.677542 -48.145209 0.805469 0.789881 0.000000 4.478836 0.414062
  841 2.026298 -62.147693 0.842578 0.708331 0.000000 4.222556 0.450195
  842 1.711724 -59.218317 0.701758 0.631967 0.000000 4.871687 0.387695
  843 2.009975 -40.541324 0.932422 0.967725 0.000000 3.901515 0.457031
  844 1.953057 -28.749564 1.031055 1.132665 0.000000 4.065270 0.470703
  845 2.186187 -48.259896 0.985547 0.971531 0.000000 3.596726 0.491211
  846 1.815772 -64.605346 0.910352 0.827929 0.000000 3.845841 0.446289
  847 1.562050 -49.679187 0.919922 0.946299 0.000000 3.957397 0.462891
  848 2.222222 -46.958159 0.802539 0.887385 0.000000 4.527362 0.407227
  849 1.355213 -46.000271 0.900000 0.501325 0.000000 4.281721 0.478516
  850 1.923538 -57.538292 0.897070 0.608733 0.000000 4.019127 0.464844
  851 1.914104 -49.427968 0.808789 0.920564 0.000000 4.328203 0.425781
  852 2.205108 -37.144371 0.904688 0.585126 0.000000 4.380851 0.433594
  853 1.510313 -32.588119 0.831641 1.017368 0.000000 3.704645 0.476562
  854 1.638887 -40.213551 1.115820 1.222154 0.000000 3.251955 0.545898
  855 2.335977 -39.847228 1.000586 0.725228 0.000000 3.858768 0.475586
  856 2.036257 -76.856445 0.861719 0.657243 0.000000 4.265819 0.450195
  857 2.063031 -60.874839 0.746875 0.792438 0.000000 4.832864 0.404297
  858 2.117851 -31.899616 0.978320 0.656709 0.000000 3.784257 0.468750
  859 1.831876 -26.761648 0.927539 0.694569 0.000000 3.776323 0.509766
  860 1.672772 -55.287228 0.975586 0.831182 0.000000 4.036029 0.467773
  861 1.860108 -53.620561 0.757422 0.744142 0.000000 4.340556 0.388672
  862 1.923538 -11.771066 0.993359 0.625504 0.000000 3.506835 0.500977
  863 1.323987 -34.753894 1.097656 0.866639 0.000000 3.075382 0.549805
  864 1.652122 -39.414839 1.000586 0.657978 0.000000 3.399435 0.516602
  865 1.093561 -57.070144 0.873047 0.701011 0.000000 3.558420 0.491211
  866 1.351882 -61.869182 0.936914 0.815490 0.000000 3.285491 0.518555
  867 2.360883 -38.592775 0.881836 0.712275 0.000000 3.527664 0.495117
  868 2.196253 -24.662896 0.978516 0.900504 0.000000 3.377026 0.533203
  869 1.584929 -51.096578 0.817773 0.953098 0.000000 3.937425 0.436523
  870 1.409460 -45.592230 0.997656 0.708351 0.000000 3.725416 0.503906
  871 1.802776 -46.696229 0.957031 0.931564 0.000000 3.773803 0.452148
  872 2.124193 -43.428672 0.950977 0.725836 0.000000 3.629923 0.496094
  873 2.169635 -46.785821 0.764844 0.796128 0.000000 4.686822 0.388672
  874 2.100265 -44.862540 0.700781 0.647132 0.000000 4.851945 0.391602
  875 1.729663 -56.110401 0.921484 0.627957 0.000000 3.899585 0.471680
  876 1.811077 -34.866532 1.024219 0.768971 0.000000 3.536719 0.513672
  877 2.063031 -50.966283 0.958984 0.676161 0.000000 3.632959 0.512695
  878 2.247083 -56.449056 0.692969 0.850687 0.000000 4.642188 0.397461
  879 2.877716 -64.728685 0.749609 0.706293 0.000000 5.212224 0.368164
  880 2.224998 -74.291060 0.844922 0.906519 0.000000 5.110105 0.408203
  881 1.329772 -41.587464 0.866992 0.893663 0.000000 4.227385 0.425781
  882 1.800000 -34.274462 0.873242 1.087657 0.000000 4.188544 0.444336
  883 1.811077 -55.791506 0.837109 1.020647 0.000000 3.877750 0.452148
  884 1.652122 -58.583395 0.871289 0.845027 0.000000 3.936278 0.470703
  885 1.646434 -35.160750 0.863867 0.975674 0.000000 4.363872 0.422852
  886 1.328281 -45.272456 1.121094 0.667457 0.000000 3.497827 0.535156
  887 1.702939 -50.157448 0.955859 0.688030 0.000000 3.433396 0.493164
  888 1.338111 -48.614500 0.890234 0.571956 0.000000 3.878816 0.459961
  889 1.562050 -38.818875 0.840820 0.770725 0.000000 3.938641 0.434570
  890 1.811077 -36.772896 0.978906 0.925430 0.000000 3.476545 0.499023
  891 1.435552 -47.601310 1.031445 0.923833 0.000000 3.286229 0.515625
  892 1.452408 -41.808814 0.952930 0.856695 0.000000 3.367331 0.484375
  893 1.373081 -30.106584 0.995313 0.953322 0.000000 3.573170 0.463867
  894 1.955385 -46.488119 1.047070 1.166779 0.000000 3.461405 0.528320
  895 1.433587 -44.555072 0.830469 0.887465 0.000000 3.612004 0.452148
  896 1.907662 -61.751339 0.874805 0.659682 0.000000 3.736544 0.458008
  897 1.457458 -33.419897 0.941016 1.164283 0.000000 3.587562 0.490234
  898 1.475127 -66.301668 1.008984 0.743148 0.000000 3.450505 0.500977
  899 1.801234 -57.767212 0.970117 1.065426 0.000000 3.745009 0.473633
  900 1.516293 -40.237673 0.861914 0.836543 0.000000 3.454878 0.457031
  901 1.597412 -42.184732 1.123828 0.739427 0.000000 3.347653 0.537109
  902 1.670928 -42.902451 0.909961 0.764335 0.000000 3.637585 0.474609
  903 2.009975 -46.710757 0.824414 0.945851 0.000000 4.460435 0.419922
  904 1.923538 -30.960323 0.991406 0.778501 0.000000 3.887718 0.496094
  905 2.276604 -79.558103 0.916406 0.655313 0.000000 4.398107 0.447266
  906 2.798351 -70.704340 0.719922 0.835391 0.000000 4.753077 0.384766
  907 2.383889 -52.010439 0.792969 0.803931 0.000000 5.025516 0.383789
  908 2.915476 -62.982451 0.672852 0.724488 0.000000 5.470459 0.370117
  909 2.895620 -70.414793 0.678906 1.137078 0.000000 5.893161 0.333008
  910 2.918154 -70.415709 0.583789 0.815547 0.000000 6.108488 0.290039
  911 3.171943 -58.001254 0.645117 0.612069 0.000000 5.533970 0.348633
  912 3.271563 -79.644269 0.658203 0.812690 0.000000 5.724364 0.327148
  913 2.899353 -79.485331 0.694336 0.709521 0.000000 5.374227 0.348633
  914 3.288818 -80.000912 0.645898 0.744650 0.000000 7.038944 0.317383
  915 3.171943 -72.990224 0.513086 0.988204 0.000000 7.241195 0.274414
  916 3.155817 -91.272005 0.589648 0.786041 0.000000 6.842341 0.288086
  917 3.597051 -84.655855 0.668164 0.683453 0.000000 6.579948 0.316406
  918 2.885849 -76.070062 0.484961 0.808092 0.000000 7.482966 0.254883
  919 3.571429 -66.458656 0.532812 0.568609 0.000000 6.748701 0.295898
  920 3.847799 -84.579535 0.684961 0.697173 0.000000 6.631174 0.291016
  921 3.455253 -63.493358 0.510352 0.663194 0.000000 7.071959 0.311523
  922 4.179979 -69.034376 0.460156 0.978750 0.000000 8.511658 0.230469
  923 4.003471 -76.016194 0.564453 0.779848 0.000000 8.116855 0.253906
  924 3.030458 -97.417592 0.526953 0.857081 0.000000 7.381709 0.287109
  925 3.313547 -87.412575 0.484375 0.618079 0.000000 6.873557 0.302734
  926 3.907719 -75.777513 0.542773 0.811772 0.000000 7.266211 0.244141
  927 3.361547 -76.987477 0.563867 0.547785 0.000000 7.005746 0.274414
  928 2.752839 -54.283342 0.645898 1.142443 0.000000 6.243285 0.285156
  929 2.627975 -58.267147 0.714648 0.590770 0.000000 5.120560 0.411133
  930 2.636878 -81.870491 0.632813 1.079099 0.000000 5.872892 0.332031
  931 2.383889 -56.654696 0.708398 0.712584 0.000000 5.743696 0.347656
  932 2.773501 -38.470112 0.727734 0.912638 0.000000 5.696298 0.349609
  933 3.155817 -69.046699 0.643945 0.919043 0.000000 6.370806 0.336914
  934 1.954938 -30.038248 0.735937 0.986305 0.000000 4.892145 0.410156
  935 1.902630 -58.991951 0.929297 0.771164 0.000000 3.865736 0.481445
  936 2.343891 -50.390303 0.911914 0.815514 0.000000 4.033974 0.484375
  937 1.737758 -47.402236 0.873242 0.724450 0.000000 3.974542 0.492188
  938 1.390297 -19.750383 0.919531 0.831405 0.000000 3.295702 0.518555
  939 1.670928 -42.663787 0.929492 0.881365 0.000000 3.693604 0.448242
  940 1.355213 -41.549066 0.892383 1.204576 0.000000 3.661411 0.458008
  941 1.277204 -34.192230 1.018555 0.632378 0.000000 3.488244 0.524414
  942 1.362047 -35.861141 1.096875 0.682886 0.000000 3.355856 0.549805
  943 1.427153 -27.721007 0.978711 0.646136 0.000000 3.177907 0.548828
  944 1.234662 -42.971007 1.022070 0.514636 0.000000 3.026162 0.572266
  945 1.162420 -43.350062 1.004688 0.887769 0.000000 3.303879 0.510742
  946 1.579688 -31.253894 1.060742 0.719396 0.000000 3.022404 0.567383
  947 1.617215 -23.157673 1.035352 0.793746 0.000000 2.983525 0.544922
  948 1.789392 -35.141366 0.974805 0.660916 0.000000 3.017924 0.547852
  949 1.140175 -36.032682 1.001172 0.761772 0.000000 3.020946 0.538086
  950 1.396082 -33.102451 1.099805 0.983355 0.000000 3.139535 0.529297
  951 1.308625 -51.867949 0.943945 0.967342 0.000000 3.330945 0.500977
  952 1.478583 -27.822643 0.976563 0.598285 0.000000 3.059496 0.534180
  953 1.355213 -47.304302 0.955664 0.924049 0.000000 3.480755 0.475586
  954 1.741490 -49.004200 0.878906 1.019315 0.000000 3.832178 0.459961
  955 1.309953 -29.862451 0.986328 0.846942 0.000000 3.677636 0.492188
  956 1.362047 -40.348784 0.935156 0.598352 0.000000 3.190735 0.535156
  957 1.295319 -45.727182 1.019336 0.872147 0.000000 3.088700 0.507812
  958 1.734604 -18.777137 0.914258 0.925198 0.000000 3.452698 0.465820
  959 1.979305 -35.962005 1.095312 0.841293 0.000000 3.308751 0.518555
  960 1.901016 -25.574839 0.940039 0.665730 0.000000 3.004669 0.522461
  961 2.658753 -25.395247 0.915625 0.775698 0.000000 3.026481 0.523438
  962 1.729663 -32.325285 1.045508 0.717377 0.000000 2.798388 0.603516
  963 1.447107 -23.812896 0.870508 1.159246 0.000000 3.046912 0.491211
  964 1.500000 -29.169427 1.044336 0.847517 0.000000 3.016792 0.564453
  965 1.325427 -31.620599 1.091211 0.766316 0.000000 3.135907 0.547852
  966 1.500000 -19.161648 0.948633 0.714656 0.000000 3.450270 0.490234
  967 1.465865 -45.100690 0.904492 0.991544 0.000000 3.907453 0.446289
  968 1.556113 -53.418161 0.958594 0.727689 0.000000 3.841371 0.476562
  969 1.528321 -48.267461 1.086523 0.899413 0.000000 3.460160 0.523438
  970 2.222222 -27.625285 0.881250 1.032015 0.000000 3.878118 0.471680
  971 1.261886 -52.757448 0.884180 0.791579 0.000000 3.697095 0.468750
  972 1.278985 -46.740056 0.918750 0.827640 0.000000 4.037242 0.462891
  973 1.797695 -55.948203 0.869727 0.787145 0.000000 3.920420 0.453125
  974 1.201850 -35.156449 0.965039 0.590687 0.000000 3.486924 0.510742
  975 1.212678 -33.289192 0.885352 0.867289 0.000000 3.085798 0.514648
  976 1.427153 -39.668429 1.110352 0.682658 0.000000 3.428572 0.539062
  977 1.906344 -31.028649 0.931836 0.925876 0.000000 3.535886 0.501953
  978 1.617215 -25.562214 0.964844 0.536903 0.000000 3.288804 0.533203
  979 1.915751 -33.792101 1.046875 0.734815 0.000000 3.242524 0.541992
  980 1.907662 -44.687228 0.866602 0.796302 0.000000 3.610547 0.480469
  981 1.382666 -36.636364 0.945703 0.816337 0.000000 3.715114 0.478516
  982 1.406930 -41.625903 0.735352 1.057860 0.000000 3.920001 0.413086
  983 2.233306 -60.683395 0.943750 0.811727 0.000000 4.028719 0.439453
  984 1.312457 -23.619491 0.799414 0.825801 0.000000 4.178854 0.452148
  985 1.581139 -41.538475 0.957422 0.907107 0.000000 3.846616 0.485352
  986 2.043345 -45.176176 0.930273 0.845830 0.000000 3.770649 0.452148
  987 1.923538 -32.796216 0.965039 0.877372 0.000000 3.554224 0.479492
  988 1.528321 -44.110062 0.821875 0.771057 0.000000 4.060902 0.425781
  989 1.617914 -62.462210 0.800195 0.893086 0.000000 3.977401 0.439453
  990 1.554151 -36.512896 0.900781 0.967743 0.000000 3.639187 0.459961
  991 1.370008 -38.296229 0.969531 0.695748 0.000000 3.504683 0.494141
  992 1.032137 -33.964619 0.986523 0.883495 0.000000 3.418212 0.489258
  993 1.887273 -21.607638 0.982031 0.767522 0.000000 3.169727 0.523438
  994 1.465865 -45.791162 1.041797 1.022372 0.000000 3.059693 0.536133
  995 1.638887 -34.887228 1.019922 0.900369 0.000000 3.288765 0.529297
  996 1.744449 -45.082732 0.906250 1.016696 0.000000 3.455538 0.504883
  997 1.578410 -50.727840 0.853320 0.844294 0.000000 4.178092 0.439453
  998 1.286876 -44.632935 0.966406 0.906744 0.000000 3.693550 0.467773
  999 2.224998 -40.654340 0.835742 0.812109 0.000000 3.692161 0.472656
 1000 1.817348 -50.462451 0.650977 0.832298 0.000000 5.080918 0.375000
