    0 0.000000 23.924155 0.000000 0.000000 0.000000 0.000000 0.000000
    1 1.562889 50.695660 0.204688 0.586540 0.000000 3.098927 0.478516
    2 1.236694 32.591595 0.220313 0.863471 0.000000 2.765870 0.503906
    3 1.362047 33.756154 0.170703 0.791599 0.000000 2.775192 0.503906
    4 1.337038 44.652493 0.171094 0.963685 0.000000 2.915194 0.485352
    5 1.277016 30.142041 0.208984 0.677902 0.000000 2.862997 0.516602
    6 1.510589 42.033361 0.166016 0.941903 0.000000 2.931325 0.461914
    7 1.230769 36.778649 0.158594 0.746492 0.000000 3.335597 0.445312
    8 1.355815 35.727656 0.196484 0.728379 0.000000 2.914522 0.500000
    9 1.295319 39.383300 0.180469 0.526975 0.000000 2.780478 0.501953
   10 1.664305 44.899492 0.196094 0.606649 0.000000 2.866478 0.517578
   11 1.307692 45.294383 0.171094 0.892237 0.000000 2.810692 0.478516
   12 1.660910 56.659289 0.173047 0.577670 0.000000 3.225732 0.467773
   13 1.295319 24.663798 0.178906 0.721377 0.000000 3.049620 0.487305
   14 1.536902 22.727406 0.147266 0.700475 0.000000 3.466712 0.415039
   15 1.218227 38.030852 0.171094 0.567728 0.000000 2.936949 0.478516
   16 1.212678 29.960391 0.169531 0.691599 0.000000 3.078417 0.453125
   17 1.616542 36.189001 0.146875 0.588329 0.000000 3.134360 0.452148
   18 1.267105 49.166159 0.169531 0.949801 0.000000 3.341913 0.421875
   19 1.421510 52.439933 0.176563 0.612271 0.000000 3.097295 0.474609
   20 1.098751 32.726167 0.183594 0.562624 0.000000 3.142395 0.489258
   21 1.335935 18.164224 0.157422 0.872996 0.000000 3.017351 0.467773
   22 1.261886 14.462327 0.156250 0.746129 0.000000 3.464302 0.426758
   23 1.492072 33.878510 0.160547 0.494989 0.000000 3.529435 0.444336
   24 1.297212 33.459424 0.179688 0.597583 0.000000 3.256117 0.475586
   25 1.697273 28.577348 0.173047 0.588447 0.000000 3.269594 0.445312
   26 1.562050 34.038479 0.169141 0.618117 0.000000 3.442359 0.446289
   27 1.212678 19.677739 0.144141 0.783932 0.000000 3.245666 0.444336
   28 1.355669 43.240588 0.170703 0.638526 0.000000 3.078511 0.480469
   29 1.542897 46.093105 0.189063 0.578111 0.000000 2.868677 0.525391
   30 1.516293 43.454929 0.175391 1.072960 0.000000 3.116980 0.483398
   31 1.704457 52.873438 0.193750 0.798890 0.000000 2.843017 0.479492
   32 1.286876 27.420863 0.216797 0.691050 0.000000 3.011874 0.480469
   33 1.173231 34.152571 0.211328 0.751621 0.000000 2.814044 0.531250
   34 1.362047 42.117882 0.213672 0.795255 0.000000 2.892809 0.500000
   35 1.271162 36.074802 0.186719 0.693190 0.000000 2.859231 0.510742
   36 1.189030 19.768805 0.187500 0.580640 0.000000 2.935606 0.523438
   37 1.473815 27.243343 0.167969 0.686136 0.000000 3.597405 0.417969
   38 1.574148 32.385826 0.139063 0.615027 0.000000 3.638091 0.423828
   39 1.562889 19.225161 0.166797 0.631001 0.000000 3.698458 0.429688
   40 1.937926 26.091293 0.162500 0.794615 0.000000 4.362856 0.384766
   41 1.802776 26.722296 0.151563 0.662909 0.000000 3.811903 0.422852
   42 2.036257 17.664822 0.159375 0.673681 0.000000 3.966159 0.425781
   43 2.157388 38.455359 0.141797 0.686438 0.000000 4.477357 0.373047
   44 2.144192 24.406556 0.151953 0.742603 0.000000 3.696092 0.428711
   45 1.815772 16.713446 0.157031 0.707829 0.000000 3.902697 0.392578
   46 1.636734 16.788797 0.139063 0.585533 0.000000 4.110886 0.376953
   47 1.545867 29.198690 0.150781 0.757976 0.000000 3.859434 0.405273
   48 1.700000 42.658227 0.173828 0.660398 0.000000 3.549723 0.437500
   49 1.528398 40.127486 0.204688 0.548997 0.000000 3.028085 0.497070
   50 1.343457 26.118231 0.173828 0.646107 0.000000 2.885673 0.460938
   51 1.444991 37.775606 0.175781 0.710296 0.000000 2.993312 0.468750
   52 1.185114 29.922665 0.176953 0.750578 0.000000 3.023220 0.476562
   53 1.234662 33.686174 0.151172 0.721005 0.000000 3.312070 0.435547
   54 1.230769 49.808049 0.197266 0.973942 0.000000 2.955331 0.513672
   55 1.163586 19.772529 0.197656 0.944856 0.000000 2.636159 0.523438
   56 1.646434 22.239602 0.175391 0.512394 0.000000 3.051019 0.477539
   57 1.447719 25.291038 0.142969 0.417038 0.000000 3.849333 0.392578
   58 1.475127 39.468120 0.171875 0.616107 0.000000 3.294352 0.444336
   59 1.054093 29.289599 0.171875 0.670227 0.000000 3.229782 0.473633
   60 1.369932 34.606036 0.178516 0.541214 0.000000 2.962442 0.493164
   61 1.177124 23.909804 0.164063 0.535770 0.000000 3.039981 0.498047
   62 1.470217 10.735652 0.142578 0.631863 0.000000 3.492160 0.417969
   63 1.616542 25.935614 0.156250 0.911186 0.000000 3.354364 0.440430
   64 1.038133 27.225161 0.174609 0.897006 0.000000 3.036519 0.450195
   65 1.136962 41.801905 0.193359 0.510453 0.000000 2.756069 0.501953
   66 1.295408 21.996667 0.194141 0.571674 0.000000 2.665710 0.511719
   67 1.242730 38.576574 0.197656 0.598283 0.000000 2.731605 0.528320
   68 1.171657 41.625248 0.195313 0.621636 0.000000 2.759578 0.524414
   69 1.355669 20.412772 0.175000 0.602207 0.000000 2.979234 0.504883
   70 1.180281 41.599106 0.152344 1.092213 0.000000 3.519436 0.416016
   71 1.549722 54.528607 0.182031 0.590105 0.000000 2.783501 0.477539
   72 1.596270 43.132051 0.206641 0.693908 0.000000 2.515824 0.525391
   73 1.319536 56.892761 0.201563 0.649759 0.000000 2.720834 0.500977
   74 1.666667 34.407317 0.183984 0.800072 0.000000 3.284967 0.451172
   75 2.173067 39.802939 0.198438 0.736822 0.000000 3.105628 0.467773
   76 1.487410 39.973748 0.177344 0.581013 0.000000 2.983173 0.496094
   77 1.516293 36.069450 0.193359 0.623613 0.000000 2.947561 0.494141
   78 1.280720 24.956481 0.171875 0.665560 0.000000 3.066169 0.482422
   79 1.452408 37.203681 0.178125 0.553135 0.000000 2.991110 0.493164
   80 1.672772 35.780103 0.197266 0.849054 0.000000 3.740898 0.437500
   81 1.932013 34.601661 0.175000 0.564944 0.000000 3.400913 0.441406
   82 1.824829 23.684163 0.175391 0.666658 0.000000 3.526271 0.442383
   83 1.831876 32.978161 0.170313 0.611862 0.000000 3.556674 0.416016
   84 1.569334 32.078432 0.174609 0.556291 0.000000 3.744764 0.447266
   85 1.248529 25.849177 0.160938 0.532778 0.000000 3.062466 0.471680
   86 1.646434 23.491799 0.173438 0.763542 0.000000 3.613354 0.444336
   87 1.910938 45.658227 0.153906 0.523271 0.000000 3.394670 0.448242
   88 1.515438 39.323302 0.189063 0.773252 0.000000 3.047979 0.480469
   89 1.802776 27.496938 0.167969 0.724586 0.000000 3.629616 0.444336
   90 1.564609 10.747613 0.138672 0.813092 0.000000 4.172289 0.367188
   91 1.922009 13.942201 0.153906 0.706191 0.000000 3.829186 0.416992
   92 2.144192 37.287340 0.149219 0.648952 0.000000 4.000522 0.430664
   93 1.638887 42.453771 0.168750 0.626502 0.000000 3.634188 0.432617
   94 1.584929 33.930954 0.164453 0.600916 0.000000 3.463903 0.435547
   95 1.257410 28.068483 0.154297 0.557952 0.000000 3.291521 0.445312
   96 1.461763 26.606036 0.175391 0.727628 0.000000 3.280644 0.442383
   97 1.500000 33.045060 0.176563 0.575077 0.000000 2.894870 0.488281
   98 1.562889 25.744145 0.160156 0.731849 0.000000 3.468234 0.418945
   99 1.617215 28.451631 0.169531 0.557924 0.000000 3.543960 0.458984
  100 1.726746 24.400297 0.134375 0.783047 0.000000 3.660303 0.407227
  101 1.955385 23.987066 0.131641 0.758619 0.000000 3.771594 0.382812
  102 1.355669 29.928026 0.158594 0.686193 0.000000 3.422067 0.450195
  103 1.499333 28.474715 0.179688 0.640882 0.000000 3.147798 0.467773
  104 1.351882 30.094227 0.167969 0.812477 0.000000 3.195473 0.457031
  105 1.350926 26.368018 0.185156 0.862529 0.000000 3.382470 0.441406
  106 1.261886 14.981374 0.158594 0.690431 0.000000 3.397498 0.426758
  107 1.499333 22.737936 0.158594 0.433943 0.000000 3.618352 0.443359
  108 1.438858 48.702047 0.180078 0.791368 0.000000 2.833531 0.499023
  109 1.261886 27.649938 0.189844 0.808676 0.000000 3.179499 0.439453
  110 1.329772 40.898215 0.176953 0.654303 0.000000 3.060513 0.502930
  111 1.351882 30.712579 0.175000 0.740522 0.000000 3.135197 0.448242
  112 1.122256 30.255591 0.180078 0.581036 0.000000 2.826406 0.490234
  113 1.122256 24.409946 0.166797 0.659421 0.000000 3.012334 0.475586
  114 1.161063 27.202357 0.170703 0.683177 0.000000 3.230023 0.447266
  115 1.256335 34.449938 0.143750 0.701059 0.000000 3.406799 0.442383
  116 1.726746 27.364186 0.168359 0.784386 0.000000 3.267145 0.479492
  117 1.702939 37.865153 0.158594 0.952224 0.000000 3.525748 0.417969
  118 1.860521 24.133717 0.153125 0.479418 0.000000 3.510240 0.405273
  119 1.426437 31.290277 0.164063 0.484523 0.000000 3.684448 0.460938
  120 1.369621 40.112772 0.191406 0.576256 0.000000 3.106535 0.483398
  121 1.717701 9.688033 0.154688 0.600926 0.000000 3.547245 0.452148
  122 1.858883 25.107781 0.171094 0.592923 0.000000 3.817514 0.432617
  123 1.815772 13.244828 0.149609 0.685285 0.000000 3.937998 0.422852
  124 1.767767 20.856533 0.155469 0.523026 0.000000 4.100688 0.427734
  125 2.003084 2.003426 0.138672 0.693207 0.000000 4.476190 0.375000
  126 2.144192 27.380931 0.133203 0.778742 0.000000 4.726243 0.362305
  127 1.699056 25.185826 0.116797 0.961281 0.000000 4.312794 0.354492
  128 1.531716 37.601138 0.138281 0.920231 0.000000 4.041210 0.392578
  129 2.233306 16.049938 0.135938 0.809679 0.000000 4.391728 0.378906
  130 1.815772 17.666427 0.163672 0.837489 0.000000 3.916865 0.407227
  131 1.646434 18.830890 0.176563 0.797996 0.000000 4.095001 0.391602
  132 1.350926 47.447433 0.187891 0.525850 0.000000 3.421917 0.442383
  133 1.562889 35.604274 0.177344 0.943001 0.000000 3.216926 0.439453
  134 1.515684 40.107781 0.179297 0.763773 0.000000 2.945004 0.492188
  135 1.400000 13.663218 0.194531 0.898439 0.000000 3.040413 0.488281
  136 1.114941 27.357062 0.153906 0.742125 0.000000 3.487881 0.451172
  137 1.102822 45.454929 0.162891 0.746912 0.000000 3.029795 0.452148
  138 1.414214 23.366083 0.176172 0.651852 0.000000 3.035435 0.484375
  139 1.361560 26.996551 0.168359 0.546527 0.000000 3.517015 0.424805
  140 1.536902 38.542541 0.171875 0.642550 0.000000 3.442390 0.433594
  141 1.459715 35.394538 0.164063 0.612892 0.000000 3.007178 0.482422
  142 1.278985 44.152066 0.155859 0.615713 0.000000 3.376039 0.430664
  143 1.355669 34.805805 0.172656 0.720433 0.000000 3.656742 0.411133
  144 1.351882 35.075606 0.163672 0.744104 0.000000 3.465341 0.440430
  145 1.214747 41.937549 0.167578 0.605202 0.000000 2.858138 0.475586
  146 1.237656 32.267782 0.182031 0.709108 0.000000 2.901659 0.490234
  147 1.470217 46.259831 0.167578 0.849282 0.000000 3.327848 0.419922
  148 1.201850 45.890550 0.168750 0.738564 0.000000 3.007577 0.455078
  149 1.565672 23.657527 0.166797 0.722225 0.000000 2.960681 0.485352
  150 1.145087 38.755731 0.183594 0.936512 0.000000 2.734181 0.510742
  151 1.250000 31.493067 0.174219 0.735374 0.000000 3.010536 0.481445
  152 1.212678 41.789723 0.173047 0.503230 0.000000 2.871510 0.500977
  153 1.578410 42.019922 0.138672 0.620832 0.000000 3.519153 0.413086
  154 1.475127 23.305752 0.153125 0.518700 0.000000 3.580159 0.433594
  155 1.726268 28.272780 0.167578 0.750501 0.000000 3.231920 0.445312
  156 1.638887 21.025199 0.167969 0.656348 0.000000 3.801999 0.434570
  157 1.910497 11.831756 0.146484 0.689933 0.000000 3.845107 0.415039
  158 1.605609 22.835497 0.165234 0.666950 0.000000 3.578851 0.436523
  159 1.338111 35.762327 0.166406 0.533305 0.000000 3.282544 0.478516
  160 1.666667 34.983271 0.171875 0.570843 0.000000 3.145239 0.487305
  161 1.578410 39.765624 0.185938 0.782950 0.000000 3.005930 0.478516
  162 1.493576 57.674715 0.183203 0.635686 0.000000 2.998311 0.476562
  163 1.286876 24.494034 0.173828 0.685725 0.000000 2.965398 0.520508
  164 1.811077 28.214250 0.154297 0.783728 0.000000 3.882298 0.399414
  165 1.562889 26.658227 0.164453 0.520431 0.000000 3.481628 0.458008
  166 1.910497 11.264959 0.148438 1.002402 0.000000 3.943448 0.364258
  167 1.646434 21.743279 0.160156 0.511413 0.000000 3.524043 0.446289
  168 1.270352 25.567980 0.158984 0.868089 0.000000 3.719935 0.425781
  169 1.387392 39.677845 0.191406 0.570271 0.000000 3.300167 0.446289
  170 1.237656 40.559029 0.196094 0.756419 0.000000 3.032135 0.492188
  171 1.498717 25.960391 0.168750 0.615687 0.000000 3.589085 0.418945
  172 1.922009 45.392355 0.142969 0.641957 0.000000 3.913083 0.391602
  173 1.726746 28.436582 0.153516 0.720751 0.000000 3.528508 0.440430
  174 1.562889 44.784549 0.172656 0.786473 0.000000 3.342605 0.464844
  175 1.536902 30.697519 0.186719 0.766655 0.000000 3.069558 0.484375
  176 1.295408 35.664822 0.172656 0.907381 0.000000 2.922768 0.468750
  177 1.171303 32.225161 0.176563 0.800050 0.000000 2.863936 0.481445
  178 1.256706 19.979331 0.171094 0.898072 0.000000 2.919650 0.468750
  179 1.380257 39.820283 0.183203 1.005156 0.000000 3.077172 0.480469
  180 1.163014 28.612772 0.161719 0.576368 0.000000 3.145620 0.481445
  181 1.093561 38.003426 0.175781 0.741445 0.000000 2.814202 0.491211
  182 1.261886 37.276574 0.192969 0.670953 0.000000 2.867414 0.478516
  183 1.581139 34.450699 0.196094 0.692223 0.000000 2.773972 0.518555
  184 1.170721 16.102948 0.160938 0.666682 0.000000 3.665177 0.438477
  185 1.737758 22.647383 0.163672 0.855738 0.000000 3.385729 0.435547
  186 1.406930 28.358532 0.185156 0.530399 0.000000 3.109145 0.512695
  187 1.500000 58.788854 0.187891 0.817740 0.000000 2.919918 0.473633
  188 1.416931 50.221328 0.179297 0.679108 0.000000 3.128971 0.493164
  189 1.380257 19.020089 0.169141 0.911405 0.000000 3.046065 0.470703
  190 1.531283 35.051546 0.162500 0.594451 0.000000 3.472403 0.426758
  191 1.538831 44.050593 0.183203 0.822923 0.000000 3.408011 0.459961
  192 1.444991 30.508475 0.212109 0.584795 0.000000 2.844411 0.495117
  193 1.041367 25.613489 0.178516 0.753289 0.000000 2.736382 0.508789
  194 1.227262 31.988712 0.160938 0.668477 0.000000 2.918136 0.478516
  195 1.590571 31.895689 0.199609 0.559418 0.000000 3.233764 0.458984
  196 1.230325 32.163218 0.207031 0.748651 0.000000 2.770035 0.517578
  197 1.419116 38.308978 0.195313 0.515367 0.000000 2.888190 0.505859
  198 1.295408 15.215211 0.173047 0.578353 0.000000 3.355811 0.462891
  199 1.156294 49.027126 0.138281 0.759874 0.000000 3.544641 0.433594
  200 1.660910 23.223883 0.165625 0.932397 0.000000 3.404715 0.429688
  201 1.355669 38.682583 0.184766 0.554718 0.000000 3.323213 0.463867
  202 1.257916 30.573913 0.183203 0.480705 0.000000 3.419587 0.469727
  203 1.261886 32.662831 0.167578 0.853954 0.000000 3.045440 0.468750
  204 1.578410 46.970615 0.187109 0.610951 0.000000 2.992929 0.493164
  205 1.500000 42.063650 0.194141 0.595296 0.000000 3.201285 0.443359
  206 1.380670 38.914050 0.144141 0.680824 0.000000 3.319320 0.443359
  207 1.171303 25.891828 0.176953 0.638585 0.000000 3.023932 0.476562
  208 1.146563 38.790898 0.176172 0.883704 0.000000 2.871774 0.487305
  209 1.854239 27.102879 0.187891 0.871698 0.000000 2.824686 0.493164
  210 1.536902 14.912772 0.178906 0.805358 0.000000 3.366571 0.422852
  211 1.382666 37.636747 0.163672 0.922187 0.000000 3.211570 0.465820
  212 1.338111 36.249938 0.165234 0.488768 0.000000 3.088257 0.480469
  213 1.427747 42.869257 0.190625 0.675307 0.000000 2.515130 0.524414
  214 1.465865 31.484084 0.181250 0.856180 0.000000 3.021574 0.471680
  215 1.459715 34.640414 0.191406 0.559349 0.000000 2.694105 0.525391
  216 1.438482 47.959772 0.193750 0.558120 0.000000 2.923056 0.500977
  217 1.406393 23.688033 0.150781 0.683472 0.000000 3.054106 0.461914
  218 1.361560 25.102879 0.146094 0.649113 0.000000 3.222786 0.445312
  219 1.338111 29.768586 0.161719 0.610780 0.000000 3.431789 0.440430
  220 1.438858 42.096450 0.189453 0.863837 0.000000 3.123107 0.471680
  221 1.492072 37.998525 0.183984 0.497466 0.000000 3.200993 0.470703
  222 1.584929 21.590402 0.174219 0.577423 0.000000 3.542726 0.433594
  223 1.646434 52.661195 0.149609 0.777679 0.000000 4.461302 0.386719
  224 1.847096 35.846048 0.182813 0.679701 0.000000 3.805783 0.434570
  225 1.519282 39.740847 0.184766 0.838288 0.000000 2.706339 0.497070
  226 1.388524 45.187027 0.177344 0.631910 0.000000 3.046506 0.481445
  227 1.278985 37.456364 0.167969 0.605933 0.000000 2.917347 0.489258
  228 1.240347 45.922665 0.169141 1.078173 0.000000 2.989312 0.431641
  229 1.547416 27.912772 0.182813 0.603064 0.000000 3.204046 0.459961
  230 1.307692 26.492897 0.169531 0.818202 0.000000 3.537741 0.436523
  231 1.737593 13.051216 0.142969 1.232305 0.000000 4.082611 0.381836
  232 1.605609 20.512772 0.155859 0.827808 0.000000 4.195679 0.357422
  233 1.427153 11.332478 0.153125 0.704360 0.000000 3.825390 0.428711
  234 1.660910 21.198015 0.150000 0.664401 0.000000 3.867996 0.411133
  235 1.584929 15.609686 0.166406 0.545566 0.000000 3.838048 0.442383
  236 1.556113 25.113159 0.167969 0.580629 0.000000 3.896654 0.391602
  237 1.295408 34.627058 0.195313 0.589876 0.000000 3.243789 0.470703
  238 1.339068 28.038764 0.164844 0.587168 0.000000 3.245895 0.481445
  239 1.702939 20.317900 0.161328 0.723190 0.000000 3.741336 0.405273
  240 1.815772 28.235110 0.139063 1.016651 0.000000 3.963860 0.394531
  241 1.736663 23.662370 0.145313 0.827250 0.000000 4.221064 0.391602
  242 1.427153 39.931162 0.154688 0.741337 0.000000 3.696392 0.431641
  243 1.823689 20.203681 0.169922 0.530714 0.000000 3.370807 0.471680
  244 1.831876 17.805709 0.134375 0.594458 0.000000 4.375163 0.376953
  245 1.564609 47.641427 0.170313 0.717616 0.000000 3.596811 0.444336
  246 1.549722 26.094383 0.165234 0.578363 0.000000 3.344378 0.455078
  247 1.548126 30.609908 0.165625 0.544826 0.000000 3.760249 0.416016
  248 1.456022 25.239215 0.178516 0.912002 0.000000 3.489361 0.428711
  249 1.562050 25.191081 0.134375 0.687400 0.000000 3.819189 0.411133
  250 1.278275 25.891828 0.161328 0.587315 0.000000 3.263773 0.462891
  251 1.562050 29.740847 0.194141 0.688415 0.000000 2.983962 0.480469
  252 1.578410 33.851216 0.158203 0.698755 0.000000 3.664156 0.418945
  253 1.465865 25.917070 0.144531 0.799866 0.000000 3.720353 0.399414
  254 1.234560 25.800384 0.161328 0.571581 0.000000 3.628534 0.453125
  255 1.815772 39.135856 0.185156 0.745189 0.000000 3.215487 0.468750
  256 1.286876 39.220170 0.147266 0.704457 0.000000 3.963034 0.361328
  257 1.380257 38.772309 0.173438 0.692880 0.000000 2.670286 0.499023
  258 1.261886 28.537549 0.191016 0.644100 0.000000 2.861842 0.462891
  259 1.297370 51.504743 0.166406 0.716347 0.000000 3.376324 0.447266
  260 1.092975 20.527725 0.161328 0.618431 0.000000 3.147495 0.485352
  261 1.618477 45.557763 0.182813 0.656614 0.000000 3.047172 0.487305
  262 1.390297 39.330616 0.171875 0.455959 0.000000 2.854726 0.487305
  263 1.699056 31.832788 0.170703 0.589830 0.000000 2.806580 0.510742
  264 1.783044 28.724029 0.155469 0.559152 0.000000 3.545677 0.435547
  265 1.711724 29.896195 0.136328 0.523435 0.000000 3.919621 0.396484
  266 1.068393 41.000384 0.167188 0.599192 0.000000 3.192446 0.461914
  267 1.617215 48.460954 0.159766 0.423045 0.000000 2.725371 0.497070
  268 1.240347 36.559284 0.170703 0.663963 0.000000 2.819145 0.466797
  269 1.566151 64.702137 0.195703 0.729732 0.000000 2.916893 0.504883
  270 1.386750 40.971309 0.185547 0.881599 0.000000 2.831602 0.497070
  271 1.309953 62.168922 0.201563 0.667187 0.000000 2.673173 0.498047
  272 1.227262 29.887995 0.179297 0.603225 0.000000 2.754398 0.505859
  273 1.325236 40.077932 0.168359 0.637508 0.000000 2.889700 0.497070
  274 1.520526 15.507894 0.172266 0.764828 0.000000 3.063921 0.489258
  275 2.003084 11.999106 0.151563 0.502689 0.000000 3.941422 0.417969
  276 2.000000 10.925963 0.131641 0.618618 0.000000 4.582984 0.375000
  277 2.114033 27.909475 0.141016 0.552273 0.000000 3.988634 0.389648
  278 2.022375 36.849938 0.181641 0.780795 0.000000 4.038220 0.421875
  279 2.247083 24.203681 0.135938 0.760475 0.000000 4.385075 0.407227
  280 2.137265 6.722296 0.139844 0.518988 0.000000 4.782813 0.341797
  281 1.712511 13.656198 0.141016 0.673135 0.000000 4.567406 0.356445
  282 2.137265 11.956915 0.123828 0.719424 0.000000 4.440215 0.355469
  283 2.378287 14.508940 0.128906 0.500033 0.000000 4.891591 0.363281
  284 2.233306 31.180716 0.122266 0.602452 0.000000 5.241137 0.322266
  285 2.076322 19.027907 0.154688 0.923644 0.000000 4.074664 0.390625
  286 1.612452 39.351666 0.127734 0.804236 0.000000 4.516085 0.357422
  287 1.382666 20.263605 0.149219 0.751576 0.000000 3.487773 0.428711
  288 1.240347 39.383300 0.162891 0.615279 0.000000 3.240610 0.440430
  289 1.435552 32.666427 0.144141 0.605913 0.000000 3.871303 0.395508
  290 1.278275 36.981374 0.160547 0.614084 0.000000 3.982776 0.406250
  291 1.562050 31.038352 0.178125 0.736571 0.000000 3.238608 0.473633
  292 1.831876 24.174759 0.176953 0.582269 0.000000 3.195819 0.450195
  293 1.419116 36.788797 0.181641 0.570694 0.000000 3.231926 0.471680
  294 1.923538 29.747555 0.185547 0.927998 0.000000 3.432785 0.467773
  295 2.012308 2.605796 0.129688 0.778600 0.000000 4.714092 0.343750
  296 1.892154 43.528854 0.132031 0.394657 0.000000 4.530567 0.357422
  297 1.419116 30.094227 0.154688 0.732131 0.000000 3.295493 0.436523
  298 1.502313 31.590127 0.185547 0.719798 0.000000 3.230211 0.439453
  299 1.350926 21.263992 0.189844 0.773487 0.000000 3.008540 0.493164
  300 1.457384 28.112966 0.169922 0.706811 0.000000 3.064457 0.469727
  301 1.475287 31.491799 0.198828 0.684307 0.000000 2.959195 0.513672
  302 1.469225 27.139158 0.192969 0.634591 0.000000 3.407111 0.428711
  303 1.356748 45.879706 0.167188 0.828914 0.000000 3.052659 0.487305
  304 1.433587 23.846048 0.185156 0.677442 0.000000 3.325901 0.454102
  305 1.233171 30.810140 0.178516 0.755624 0.000000 3.271674 0.444336
  306 1.638887 28.653849 0.168750 0.644678 0.000000 3.282450 0.467773
  307 1.926535 21.657324 0.174219 0.614650 0.000000 3.586258 0.452148
  308 2.131004 34.291828 0.166406 0.672789 0.000000 3.424330 0.468750
  309 2.012308 22.531820 0.164063 0.779768 0.000000 3.755665 0.428711
  310 1.596270 15.747035 0.138281 0.572433 0.000000 3.775237 0.393555
  311 1.901916 40.658567 0.141406 0.597409 0.000000 3.811505 0.407227
  312 1.737593 35.742659 0.164453 0.646994 0.000000 3.656450 0.441406
  313 1.815772 15.947886 0.166406 0.763979 0.000000 3.465237 0.442383
  314 2.508447 11.983647 0.153125 0.876975 0.000000 4.450920 0.389648
  315 1.910497 23.263044 0.138672 0.810733 0.000000 4.614161 0.375000
  316 1.902630 19.908121 0.150000 0.627174 0.000000 4.521413 0.386719
  317 2.317160 28.445172 0.121094 0.503025 0.000000 4.636309 0.348633
  318 2.404423 -1.090525 0.128125 0.771456 0.000000 5.300587 0.314453
  319 2.124193 10.182338 0.110938 0.606301 0.000000 5.902367 0.315430
  320 2.899353 18.078548 0.132031 0.779993 0.000000 5.327198 0.320312
  321 2.512469 4.146900 0.105078 0.654068 0.000000 5.541813 0.313477
  322 1.922009 24.983233 0.132031 0.541933 0.000000 4.843686 0.377930
  323 1.600000 40.978161 0.153906 0.627259 0.000000 3.626901 0.430664
  324 2.102380 31.779107 0.162500 0.469336 0.000000 4.076101 0.404297
  325 1.562889 34.545838 0.151953 0.727537 0.000000 4.355030 0.390625
  326 1.913992 17.047383 0.126563 0.587662 0.000000 4.264471 0.388672
  327 2.651650 38.736480 0.144531 0.567460 0.000000 5.857179 0.329102
  328 2.672195 9.103422 0.112891 0.449218 0.000000 5.689883 0.336914
  329 2.000000 12.063218 0.114844 0.600523 0.000000 5.607753 0.303711
  330 2.122775 11.644828 0.132031 0.389126 0.000000 4.570407 0.354492
  331 2.000000 27.625161 0.140234 0.636800 0.000000 4.214252 0.402344
  332 1.584929 38.932783 0.160547 0.734140 0.000000 3.685496 0.438477
  333 1.250000 38.468543 0.183594 0.711819 0.000000 3.184581 0.471680
  334 1.249204 36.815268 0.178906 0.561705 0.000000 2.874306 0.493164
  335 1.355815 39.553151 0.160938 0.849434 0.000000 3.264524 0.456055
  336 1.058391 25.998525 0.179297 0.705055 0.000000 3.103665 0.468750
  337 1.395102 35.317674 0.188672 0.599267 0.000000 3.073135 0.462891
  338 1.607764 43.349982 0.193359 0.833709 0.000000 2.796308 0.481445
  339 1.386750 33.504371 0.196875 0.775349 0.000000 2.804409 0.504883
  340 1.291884 30.029652 0.176563 0.643129 0.000000 3.098582 0.476562
  341 1.536902 40.220510 0.180469 0.750639 0.000000 3.329163 0.474609
  342 1.351882 49.269813 0.183984 0.872213 0.000000 3.088654 0.465820
  343 1.612452 9.673941 0.152734 0.766999 0.000000 3.641587 0.411133
  344 2.012338 42.618641 0.148438 0.724707 0.000000 3.754687 0.435547
  345 1.363474 50.423883 0.196094 0.630736 0.000000 3.331568 0.444336
  346 1.252775 24.219601 0.178906 0.411100 0.000000 3.535014 0.462891
  347 1.150447 21.651797 0.154297 0.633078 0.000000 2.990804 0.477539
  348 1.343640 40.179063 0.155078 0.661870 0.000000 3.969639 0.390625
  349 1.492072 48.124231 0.189453 0.571380 0.000000 3.184684 0.463867
  350 1.435552 19.775800 0.188672 0.598040 0.000000 3.367591 0.464844
  351 1.473815 31.008010 0.196875 0.646398 0.000000 2.871855 0.501953
  352 1.741490 28.162327 0.180078 0.718525 0.000000 3.421145 0.445312
  353 1.416931 34.088769 0.151172 0.857423 0.000000 3.659732 0.423828
  354 1.250000 26.594692 0.192188 0.592559 0.000000 3.048579 0.458984
  355 1.339068 21.500384 0.180469 0.594904 0.000000 3.298749 0.438477
  356 1.362047 34.028291 0.188672 0.800514 0.000000 3.246430 0.472656
  357 1.282359 23.740847 0.168359 1.013931 0.000000 3.376662 0.466797
  358 1.250000 27.164918 0.176172 0.664992 0.000000 2.953680 0.500977
  359 1.355669 33.648041 0.158984 0.471849 0.000000 3.019029 0.484375
  360 1.452408 23.747035 0.182422 0.883716 0.000000 3.339283 0.428711
  361 1.343710 39.941440 0.166016 0.663758 0.000000 3.314475 0.460938
  362 1.339068 18.119196 0.152734 0.688115 0.000000 3.299853 0.437500
  363 1.697273 21.891828 0.174219 0.750949 0.000000 3.499596 0.433594
  364 1.556113 21.210447 0.153125 0.678761 0.000000 4.024161 0.403320
  365 1.312833 32.790898 0.167188 0.562958 0.000000 3.021736 0.472656
  366 1.380670 34.392095 0.188672 0.517014 0.000000 3.067873 0.498047
  367 1.236694 32.220510 0.165625 0.688716 0.000000 3.120816 0.440430
  368 1.250000 32.653732 0.157031 0.585458 0.000000 2.843062 0.482422
  369 1.400000 37.538310 0.173438 0.583298 0.000000 3.050557 0.449219
  370 1.343640 45.799536 0.168750 0.614081 0.000000 2.877210 0.506836
  371 1.522271 32.776187 0.169531 0.963709 0.000000 2.964291 0.457031
  372 1.273303 43.269605 0.143750 0.814309 0.000000 2.907049 0.495117
  373 1.233784 23.903287 0.184766 0.812129 0.000000 2.898519 0.507812
  374 1.163014 37.567205 0.173828 0.780048 0.000000 3.006279 0.473633
  375 1.638480 27.703016 0.225000 0.683137 0.000000 2.984382 0.501953
  376 1.619803 26.898719 0.167969 0.623803 0.000000 3.188302 0.469727
  377 1.343710 39.959772 0.189063 0.788192 0.000000 2.742256 0.522461
  378 1.276484 37.085539 0.177344 0.655632 0.000000 3.293207 0.458008
  379 1.078164 30.762327 0.193750 0.588068 0.000000 3.026728 0.499023
  380 1.228848 24.077465 0.173047 0.530544 0.000000 2.713520 0.509766
  381 1.717701 52.970615 0.188281 0.750295 0.000000 2.775805 0.493164
  382 1.699056 49.615810 0.179297 0.632608 0.000000 2.731405 0.500977
  383 1.456022 41.483004 0.176953 0.640711 0.000000 2.745960 0.505859
  384 1.257916 33.898732 0.167969 0.812653 0.000000 3.076691 0.490234
  385 1.426437 43.918194 0.179297 0.913678 0.000000 3.035783 0.489258
  386 1.286876 46.454929 0.177734 0.629857 0.000000 3.303531 0.447266
  387 1.516293 22.734581 0.181250 0.705721 0.000000 2.532692 0.527344
  388 1.475127 33.123509 0.181250 0.680169 0.000000 3.300789 0.458008
  389 1.355669 30.118502 0.168750 0.842706 0.000000 3.357123 0.439453
  390 1.351882 31.809869 0.178516 0.632624 0.000000 3.119221 0.482422
  391 1.250503 23.706780 0.174609 0.825746 0.000000 3.301589 0.449219
  392 1.086736 44.535691 0.195703 0.903641 0.000000 2.818231 0.494141
  393 1.465865 24.835417 0.167578 0.777599 0.000000 3.079229 0.461914
  394 1.421510 24.093260 0.175391 0.555684 0.000000 3.091566 0.481445
  395 1.760942 28.000384 0.161719 0.737278 0.000000 3.378379 0.458008
  396 2.111111 4.930954 0.133984 0.600034 0.000000 4.527348 0.346680
  397 1.815772 26.448661 0.158984 0.687719 0.000000 3.828177 0.408203
  398 1.499333 30.726167 0.152734 0.618160 0.000000 3.944532 0.412109
  399 1.248529 26.872433 0.160156 0.682309 0.000000 3.264535 0.451172
  400 1.351882 28.531820 0.173828 0.772092 0.000000 3.014119 0.482422
  401 1.800000 49.966696 0.164063 0.744315 0.000000 3.269663 0.466797
  402 1.736816 26.840636 0.160547 0.548992 0.000000 3.393041 0.434570
  403 2.169635 22.487995 0.131250 0.705907 0.000000 4.035112 0.391602
  404 2.569619 34.512772 0.171484 0.646689 0.000000 4.603050 0.437500
  405 2.026298 46.877990 0.146875 0.726194 0.000000 4.922936 0.367188
  406 1.453296 35.796589 0.180859 0.712138 0.000000 2.998054 0.473633
  407 1.212678 29.293725 0.191016 0.548031 0.000000 2.749548 0.536133
  408 1.343404 42.286302 0.200781 0.604186 0.000000 3.049558 0.493164
  409 1.100505 21.526826 0.199609 0.732691 0.000000 2.846177 0.492188
  410 1.355815 39.592795 0.171484 0.595350 0.000000 3.008064 0.449219
  411 1.240347 35.395506 0.194141 0.623586 0.000000 2.771845 0.515625
  412 1.499333 21.592795 0.177734 0.847111 0.000000 3.179796 0.464844
  413 1.712511 19.937549 0.149609 0.593872 0.000000 3.735547 0.416992
  414 1.356748 30.361049 0.160938 0.442210 0.000000 3.580178 0.428711
  415 1.802776 18.516070 0.164453 0.588258 0.000000 3.769992 0.421875
  416 2.000000 25.581098 0.128906 0.655012 0.000000 4.566072 0.386719
  417 1.913992 16.497210 0.138672 0.726728 0.000000 4.261291 0.399414
  418 1.712511 15.536028 0.155859 0.667374 0.000000 3.869554 0.404297
  419 1.433587 45.198690 0.156641 0.579183 0.000000 3.875940 0.425781
  420 1.427153 14.030852 0.161328 0.536184 0.000000 3.543347 0.445312
  421 1.465865 28.463256 0.161328 0.511719 0.000000 3.416465 0.458008
  422 1.840894 24.652394 0.164063 0.697832 0.000000 3.430821 0.438477
  423 1.548126 30.096450 0.163281 0.706993 0.000000 3.703748 0.418945
  424 1.361560 37.039021 0.198438 0.547293 0.000000 2.975591 0.466797
  425 1.356748 53.343937 0.192969 0.663022 0.000000 2.872261 0.496094
  426 1.476891 35.925963 0.191797 0.751785 0.000000 2.878977 0.477539
  427 1.652122 45.066675 0.188672 0.730821 0.000000 2.812691 0.531250
  428 2.015186 12.879706 0.177734 0.462493 0.000000 3.834716 0.442383
  429 2.122775 20.601992 0.136328 0.539162 0.000000 4.832844 0.367188
  430 2.233306 28.991382 0.132813 0.878370 0.000000 4.548779 0.371094
  431 2.532146 17.599106 0.117969 0.589316 0.000000 5.210731 0.323242
  432 2.233306 30.562327 0.123438 0.649362 0.000000 5.526876 0.318359
  433 2.114033 20.711495 0.124219 0.586499 0.000000 5.448917 0.323242
  434 2.266231 25.371677 0.121484 0.545008 0.000000 4.805960 0.375000
  435 2.910618 30.927289 0.142969 0.681801 0.000000 5.061095 0.345703
  436 2.357023 16.938827 0.166016 1.106249 0.000000 3.891013 0.416016
  437 1.910497 28.149047 0.163281 0.743496 0.000000 4.577318 0.382812
  438 1.680697 22.633450 0.161328 0.815180 0.000000 3.683166 0.442383
  439 1.355669 36.280214 0.164453 0.586141 0.000000 3.501047 0.447266
  440 1.456022 19.712772 0.177344 0.780871 0.000000 3.146017 0.449219
  441 1.198012 46.447973 0.174609 0.689359 0.000000 3.281622 0.492188
  442 1.900292 23.832788 0.179688 0.623951 0.000000 3.380102 0.451172
  443 2.131004 27.712117 0.192969 0.688573 0.000000 3.451671 0.467773
  444 2.247083 11.753024 0.148828 0.961455 0.000000 4.477177 0.379883
  445 1.815772 14.377211 0.121094 0.983142 0.000000 4.048960 0.375977
  446 1.621515 27.752764 0.181250 0.677874 0.000000 3.352277 0.449219
  447 1.185498 35.212729 0.160547 0.830295 0.000000 3.073153 0.462891
  448 1.301319 31.181336 0.159375 0.580425 0.000000 2.922473 0.511719
  449 1.737758 25.656198 0.169141 0.682520 0.000000 3.376868 0.458984
  450 1.802776 50.608049 0.172266 0.819066 0.000000 3.840162 0.378906
  451 1.388524 24.503210 0.167188 1.065182 0.000000 3.406424 0.437500
  452 1.699056 17.922748 0.158203 0.818063 0.000000 3.660844 0.433594
  453 1.475127 30.983895 0.170703 0.676923 0.000000 3.795951 0.409180
  454 1.237656 27.323302 0.167578 0.770497 0.000000 3.247830 0.474609
  455 1.717701 40.596406 0.190234 0.879013 0.000000 3.163944 0.462891
  456 2.144192 34.983974 0.161328 0.802281 0.000000 3.845833 0.392578
  457 1.500000 22.249938 0.142188 0.757373 0.000000 4.096689 0.381836
  458 1.426437 37.472160 0.196484 0.848185 0.000000 3.184699 0.449219
  459 1.456022 27.451835 0.154688 0.493264 0.000000 3.467127 0.442383
  460 1.456022 25.891828 0.140234 0.578607 0.000000 3.630532 0.426758
  461 1.820453 49.648334 0.196094 0.499395 0.000000 3.099499 0.501953
  462 1.384615 43.120437 0.166016 0.801256 0.000000 4.048580 0.389648
  463 1.185114 26.956767 0.177734 1.161084 0.000000 3.109888 0.454102
  464 1.151086 36.805286 0.167188 0.652369 0.000000 2.865343 0.485352
  465 1.638887 23.770868 0.166406 0.692370 0.000000 3.063053 0.483398
  466 1.702939 20.449938 0.169141 0.569154 0.000000 3.336678 0.455078
  467 1.556113 38.028993 0.163281 0.740121 0.000000 3.787008 0.405273
  468 1.475127 37.557763 0.176172 0.598988 0.000000 3.547264 0.447266
  469 1.380670 43.846048 0.157813 0.632389 0.000000 3.637355 0.435547
  470 1.338111 27.922665 0.173047 0.684124 0.000000 3.253730 0.438477
  471 1.711724 32.873748 0.160156 0.638120 0.000000 3.182874 0.459961
  472 1.355669 48.658227 0.185938 0.876351 0.000000 3.035545 0.474609
  473 1.562889 27.806771 0.180469 0.643444 0.000000 3.132792 0.431641
  474 1.545455 14.118231 0.183203 0.718972 0.000000 3.511334 0.438477
  475 1.562889 38.163604 0.154688 0.496277 0.000000 3.958965 0.419922
  476 1.556113 22.792757 0.146094 0.572239 0.000000 4.097438 0.413086
  477 1.343640 15.562288 0.153516 0.447267 0.000000 3.859119 0.391602
  478 1.250503 37.748080 0.146484 0.608261 0.000000 3.635861 0.430664
  479 1.386750 15.995699 0.164063 0.550050 0.000000 2.965772 0.521484
  480 1.236694 47.714631 0.166016 0.715595 0.000000 3.158238 0.453125
  481 1.334474 39.662370 0.167188 0.634369 0.000000 3.046314 0.459961
  482 1.227294 29.552934 0.182422 0.666891 0.000000 2.642519 0.520508
  483 1.338111 35.225741 0.188672 0.590652 0.000000 2.630252 0.511719
  484 1.678484 42.419431 0.191406 0.802856 0.000000 2.521143 0.524414
  485 2.332633 44.466261 0.203516 0.698282 0.000000 2.555822 0.538086
  486 1.639672 47.925963 0.170703 0.771760 0.000000 2.774006 0.490234
  487 1.702939 43.911495 0.176953 0.673432 0.000000 3.011406 0.481445
  488 1.480540 44.710837 0.167578 0.513858 0.000000 2.986505 0.461914
  489 1.252775 13.771326 0.177344 0.599325 0.000000 2.869307 0.488281
  490 1.638887 53.353198 0.183594 0.833685 0.000000 3.183441 0.482422
  491 1.386750 27.895689 0.184375 0.793139 0.000000 3.336022 0.460938
  492 1.458918 22.062444 0.148438 0.690186 0.000000 3.622552 0.431641
  493 1.562050 33.115327 0.151563 0.653135 0.000000 3.443380 0.460938
  494 1.198038 41.429812 0.158594 0.570948 0.000000 3.241563 0.442383
  495 1.459927 19.197254 0.168750 0.724325 0.000000 3.270738 0.462891
  496 1.426437 21.862327 0.168359 0.589033 0.000000 3.413810 0.430664
  497 1.370008 25.154546 0.162109 0.516892 0.000000 3.388155 0.421875
  498 1.603122 38.983233 0.181641 0.937619 0.000000 3.035107 0.498047
  499 1.079803 46.392095 0.187500 0.638191 0.000000 2.719318 0.509766
  500 1.227262 31.232181 0.198828 0.644896 0.000000 2.603348 0.519531
  501 1.362047 29.582540 0.156641 0.913711 0.000000 3.282338 0.419922
  502 1.465865 25.840376 0.152344 0.586519 0.000000 3.301007 0.449219
  503 1.500000 45.909475 0.177734 0.601171 0.000000 3.318974 0.448242
  504 1.380257 29.152434 0.169141 0.858151 0.000000 3.178454 0.474609
  505 1.811077 30.485376 0.169141 0.753453 0.000000 3.363995 0.493164
  506 1.569334 23.195393 0.150781 0.730943 0.000000 3.749155 0.393555
  507 1.361560 36.529350 0.170703 0.692330 0.000000 3.448581 0.438477
  508 1.369932 31.668328 0.155859 0.532728 0.000000 3.467087 0.421875
  509 1.369932 36.714377 0.145313 0.538621 0.000000 3.459909 0.429688
  510 1.214747 22.019702 0.177734 0.520117 0.000000 3.525604 0.441406
  511 1.419116 36.449938 0.153516 0.650788 0.000000 3.099094 0.469727
  512 1.702939 49.343937 0.184375 0.699097 0.000000 2.956492 0.474609
  513 1.010858 37.703984 0.194922 0.755594 0.000000 2.838782 0.486328
  514 1.860108 32.545838 0.164063 0.436916 0.000000 3.301210 0.441406
  515 1.355213 28.337549 0.148047 0.868903 0.000000 3.591580 0.409180
  516 1.824829 38.880407 0.169922 0.527158 0.000000 3.131290 0.470703
  517 1.680476 36.328199 0.177344 0.840884 0.000000 3.244870 0.450195
  518 1.459927 36.087995 0.159375 0.641624 0.000000 3.297994 0.448242
  519 1.388524 23.113620 0.160547 0.736108 0.000000 3.313122 0.456055
  520 1.456022 16.875296 0.165625 1.002336 0.000000 3.568114 0.407227
  521 1.261886 20.648777 0.162500 0.671416 0.000000 3.116623 0.485352
  522 1.380257 32.575606 0.155469 0.659439 0.000000 3.264990 0.449219
  523 1.595029 36.629416 0.178906 0.691857 0.000000 3.308068 0.457031
  524 1.528321 28.288382 0.187891 0.621510 0.000000 3.101159 0.452148
  525 1.470217 23.987066 0.174609 0.694114 0.000000 3.394904 0.430664
  526 1.612452 31.909475 0.163672 0.721588 0.000000 3.399251 0.445312
  527 1.811077 11.263218 0.136719 1.010850 0.000000 4.061831 0.405273
  528 1.815772 33.853694 0.155859 0.622340 0.000000 3.767423 0.427734
  529 1.312833 38.264565 0.156641 0.929321 0.000000 3.505079 0.443359
  530 1.643753 15.815098 0.168359 0.798178 0.000000 3.265731 0.466797
  531 1.737593 17.459114 0.160547 0.687989 0.000000 4.169714 0.382812
  532 1.737593 11.664822 0.137891 0.444379 0.000000 4.184108 0.378906
  533 1.801234 43.023851 0.122266 0.723689 0.000000 4.275190 0.368164
  534 1.370879 20.498252 0.169922 0.678168 0.000000 3.353399 0.465820
  535 1.249204 40.898215 0.161328 0.664181 0.000000 3.057290 0.482422
  536 1.209995 36.011970 0.163281 0.762174 0.000000 2.713944 0.499023
  537 1.797245 45.104484 0.179297 0.576470 0.000000 2.885278 0.490234
  538 1.419116 45.898732 0.187109 0.544686 0.000000 2.846866 0.516602
  539 1.204037 31.385556 0.165625 0.553572 0.000000 3.320359 0.455078
  540 1.150447 20.558494 0.166797 0.823720 0.000000 3.053642 0.483398
  541 1.209995 33.933755 0.180469 0.665410 0.000000 3.009033 0.477539
  542 1.240347 40.032749 0.171875 0.578780 0.000000 3.114582 0.469727
  543 1.295319 42.295660 0.164844 0.820639 0.000000 2.943373 0.489258
  544 1.196843 40.210277 0.175000 0.543157 0.000000 2.720642 0.505859
  545 1.617215 38.892680 0.169141 0.476203 0.000000 2.808278 0.495117
  546 1.295319 36.119368 0.171094 0.515991 0.000000 2.727287 0.516602
  547 1.222222 23.984909 0.147266 0.863142 0.000000 3.201870 0.440430
  548 1.242730 50.375519 0.150781 0.495074 0.000000 3.098285 0.455078
  549 1.442221 41.193788 0.171484 0.780370 0.000000 2.828923 0.511719
  550 1.273303 37.293725 0.197266 0.751495 0.000000 2.872954 0.493164
  551 1.261412 26.096450 0.167188 0.623474 0.000000 2.898623 0.493164
  552 1.386750 28.313533 0.205078 0.802451 0.000000 2.747323 0.500000
  553 1.581139 30.324193 0.170703 0.624904 0.000000 2.894570 0.486328
  554 1.516293 21.225161 0.166406 0.788832 0.000000 3.496573 0.408203
  555 1.702939 19.796589 0.139844 0.630885 0.000000 4.140709 0.376953
  556 1.465865 39.830152 0.165625 0.615841 0.000000 3.668654 0.423828
  557 1.338111 38.855668 0.185547 0.598275 0.000000 3.100105 0.488281
  558 1.278275 38.047656 0.176172 0.652603 0.000000 3.163099 0.475586
  559 1.442221 29.263992 0.161328 0.566364 0.000000 3.338789 0.466797
  560 1.475287 29.556559 0.178906 0.548477 0.000000 3.412748 0.454102
  561 1.271162 28.081736 0.164063 0.831161 0.000000 3.238858 0.458008
  562 1.204037 31.312772 0.173828 0.459910 0.000000 3.233488 0.449219
  563 1.073807 31.961679 0.193359 0.528240 0.000000 2.709003 0.541016
  564 1.536902 47.447383 0.210938 0.714994 0.000000 2.808151 0.520508
  565 1.198038 37.573913 0.191016 0.539848 0.000000 2.844672 0.502930
  566 1.180586 23.874328 0.160547 0.560059 0.000000 3.105372 0.461914
  567 1.395102 30.664822 0.132031 0.676572 0.000000 3.566689 0.409180
  568 1.188432 39.783271 0.166797 0.735932 0.000000 3.015266 0.495117
  569 1.556411 41.210277 0.199609 0.813431 0.000000 2.705569 0.500977
  570 1.309012 37.104484 0.171094 0.736317 0.000000 2.851977 0.530273
  571 1.188432 37.937549 0.159766 0.691217 0.000000 2.970464 0.473633
  572 1.112485 39.430573 0.169531 0.781498 0.000000 2.946635 0.490234
  573 1.166667 41.406810 0.173047 0.766701 0.000000 3.128729 0.477539
  574 1.185114 33.613489 0.213672 0.778965 0.000000 2.853123 0.497070
  575 1.459715 43.947443 0.176953 0.588566 0.000000 2.961124 0.475586
  576 1.333333 34.164224 0.183203 0.702592 0.000000 3.126038 0.472656
  577 1.135292 37.796589 0.187109 0.690376 0.000000 2.672805 0.523438
  578 1.150521 31.296956 0.181641 0.613224 0.000000 2.721950 0.519531
  579 1.286876 29.477084 0.196484 0.495471 0.000000 2.926351 0.499023
  580 1.126185 29.796589 0.182422 0.594719 0.000000 3.079280 0.483398
  581 1.228848 38.586430 0.176172 0.693276 0.000000 2.950907 0.472656
  582 1.085931 40.294590 0.191016 0.579955 0.000000 2.792924 0.516602
  583 1.315587 23.187995 0.193359 0.476272 0.000000 2.749255 0.494141
  584 1.564609 20.956481 0.156641 0.572208 0.000000 3.280185 0.454102
  585 1.522271 14.811936 0.188281 0.482402 0.000000 3.270747 0.500977
  586 1.840894 21.559772 0.140625 0.655638 0.000000 3.900210 0.396484
  587 1.800000 32.514669 0.138281 0.673285 0.000000 3.912756 0.403320
  588 1.475127 26.884865 0.167188 0.741572 0.000000 3.444427 0.411133
  589 1.138129 24.830890 0.155078 0.727862 0.000000 3.036924 0.489258
  590 1.465865 35.965850 0.163672 0.648307 0.000000 3.367960 0.460938
  591 1.277204 29.240182 0.181641 0.619745 0.000000 3.331367 0.455078
  592 1.480540 33.520437 0.182422 0.829466 0.000000 3.427586 0.450195
  593 1.596270 19.005262 0.163672 0.628733 0.000000 3.628152 0.409180
  594 1.470217 29.291038 0.139844 0.594007 0.000000 3.558585 0.430664
  595 1.350926 35.893801 0.164844 1.029687 0.000000 3.286094 0.453125
  596 1.456022 39.536028 0.173438 0.742268 0.000000 3.120035 0.455078
  597 1.562889 30.656170 0.164453 0.564838 0.000000 3.444079 0.437500
  598 1.562050 37.756154 0.196484 0.666973 0.000000 3.100080 0.500000
  599 1.343710 32.468120 0.209766 0.837544 0.000000 3.114729 0.485352
  600 1.760942 30.697888 0.178516 0.536139 0.000000 3.356733 0.439453
  601 1.660910 20.195393 0.139063 0.655396 0.000000 4.065293 0.376953
  602 1.355669 34.462457 0.147266 0.595720 0.000000 3.651032 0.404297
  603 1.470217 28.286302 0.158203 0.665732 0.000000 3.463127 0.451172
  604 1.308906 28.887995 0.155078 0.556813 0.000000 3.385664 0.467773
  605 1.058391 48.682380 0.154688 0.727654 0.000000 2.963073 0.489258
  606 1.636734 36.049938 0.171484 0.934449 0.000000 3.133765 0.449219
  607 1.549722 25.166217 0.181641 0.523524 0.000000 3.638917 0.429688
  608 1.198038 38.407317 0.173047 0.736155 0.000000 3.297082 0.461914
  609 1.040063 29.199492 0.170313 0.721695 0.000000 2.644644 0.506836
  610 1.562050 42.754662 0.165625 0.706433 0.000000 3.073383 0.454102
  611 1.500000 41.361553 0.204297 0.673416 0.000000 2.921791 0.535156
  612 1.617215 34.939447 0.201172 0.440006 0.000000 3.056202 0.475586
  613 1.295408 34.133717 0.197266 0.481189 0.000000 2.841455 0.494141
  614 1.063817 35.025161 0.164844 0.459933 0.000000 2.452727 0.539062
  615 1.337038 46.530164 0.190625 0.580752 0.000000 2.843679 0.516602
  616 1.343457 41.310267 0.167969 0.599726 0.000000 2.990224 0.491211
  617 1.536902 35.719503 0.150000 0.680975 0.000000 3.035825 0.492188
  618 1.343710 32.849938 0.155078 0.567543 0.000000 3.452107 0.449219
  619 1.218227 30.038479 0.167969 0.521965 0.000000 3.765740 0.433594
  620 1.078164 34.404875 0.185938 0.480567 0.000000 3.065989 0.472656
  621 1.309012 27.325204 0.173438 0.513234 0.000000 3.227973 0.454102
  622 1.104315 36.081736 0.185156 0.721479 0.000000 3.036005 0.464844
  623 1.395102 38.078606 0.206250 0.531138 0.000000 2.770643 0.501953
  624 1.122256 28.774715 0.192969 0.904037 0.000000 2.868620 0.481445
  625 1.355213 31.666174 0.150000 0.676837 0.000000 3.200194 0.448242
  626 1.355669 35.402319 0.173438 0.780824 0.000000 3.203715 0.467773
  627 1.554151 51.926234 0.189453 0.806752 0.000000 3.109000 0.463867
  628 1.498717 41.061522 0.189453 0.641554 0.000000 2.867099 0.494141
  629 1.343640 29.307081 0.171484 0.647070 0.000000 3.424618 0.426758
  630 1.316711 44.865413 0.196875 0.690121 0.000000 2.991328 0.480469
  631 1.328281 56.389659 0.183594 0.888771 0.000000 3.140914 0.450195
  632 1.092090 58.792998 0.197656 0.856051 0.000000 3.097466 0.487305
  633 1.890283 54.754662 0.174609 0.653097 0.000000 2.806999 0.522461
  634 1.180281 26.942234 0.188672 0.716126 0.000000 3.011802 0.467773
  635 1.286876 25.970615 0.165234 0.960226 0.000000 3.456495 0.416016
  636 1.319536 30.210277 0.151563 0.489525 0.000000 3.273427 0.452148
  637 1.570717 26.825161 0.143750 0.825603 0.000000 3.843866 0.383789
  638 1.569334 23.552803 0.162500 0.804158 0.000000 3.813861 0.401367
  639 1.834758 36.013191 0.176563 0.705022 0.000000 3.840210 0.410156
  640 1.744449 38.078606 0.161719 0.576348 0.000000 3.866017 0.435547
  641 1.760942 24.895622 0.176563 0.642398 0.000000 3.352187 0.450195
  642 1.280720 21.402319 0.159375 0.491822 0.000000 3.455368 0.464844
  643 1.581139 27.917844 0.165625 0.606428 0.000000 3.425044 0.466797
  644 1.473815 41.928026 0.178125 0.568822 0.000000 3.380437 0.471680
  645 1.452408 29.678548 0.184766 0.781526 0.000000 2.898536 0.496094
  646 1.337281 33.698525 0.171875 1.018474 0.000000 3.001619 0.462891
  647 1.435552 35.426438 0.157031 0.659985 0.000000 3.305247 0.458984
  648 1.712511 27.011207 0.160938 0.595729 0.000000 3.876544 0.444336
  649 1.702939 50.432162 0.170313 0.659058 0.000000 3.521282 0.457031
  650 2.111111 20.353872 0.186328 0.705385 0.000000 3.400392 0.433594
  651 1.355213 31.988712 0.162891 0.495117 0.000000 4.037801 0.418945
  652 1.351882 26.561566 0.185156 0.639449 0.000000 3.617853 0.446289
  653 1.156294 27.039795 0.164844 0.623439 0.000000 3.011081 0.494141
  654 1.261886 37.987104 0.192578 0.504333 0.000000 2.842991 0.475586
  655 1.853455 42.654589 0.198828 0.531277 0.000000 2.816569 0.495117
  656 1.234662 37.435304 0.175000 0.615383 0.000000 3.131333 0.455078
  657 1.492072 54.591688 0.190234 0.559076 0.000000 3.081902 0.462891
  658 1.253896 45.306088 0.153906 0.767277 0.000000 3.290551 0.443359
  659 1.271162 32.871673 0.175000 0.706949 0.000000 3.189892 0.470703
  660 1.356748 44.364020 0.150391 0.763804 0.000000 3.320480 0.431641
  661 1.386750 24.725161 0.176953 0.572903 0.000000 2.819018 0.480469
  662 1.619803 16.937549 0.188672 0.524084 0.000000 3.291643 0.461914
  663 1.456579 31.563087 0.151172 0.878442 0.000000 4.032542 0.375977
  664 1.435552 22.224774 0.169922 0.601388 0.000000 3.715339 0.449219
  665 2.137265 30.830152 0.149609 0.891141 0.000000 4.150877 0.398438
  666 1.717701 22.084778 0.138281 0.672684 0.000000 4.207382 0.385742
  667 2.000000 12.691828 0.133594 0.732575 0.000000 4.121927 0.389648
  668 2.027588 10.843551 0.115625 0.797728 0.000000 4.741941 0.338867
  669 1.737593 28.360805 0.138672 0.625630 0.000000 4.371070 0.382812
  670 2.026298 30.704077 0.153906 0.693473 0.000000 4.095906 0.378906
  671 2.003084 6.702629 0.171484 0.856542 0.000000 3.622356 0.431641
  672 1.815772 18.840636 0.140234 0.714757 0.000000 4.283686 0.356445
  673 1.562050 15.021367 0.168750 0.780641 0.000000 4.317276 0.367188
  674 1.932013 41.520466 0.189453 0.684667 0.000000 3.198519 0.469727
  675 1.276079 46.791929 0.183984 0.699939 0.000000 3.037428 0.488281
  676 1.473815 30.846640 0.153125 0.709024 0.000000 3.167242 0.443359
  677 1.586582 17.210447 0.165234 0.509473 0.000000 3.416482 0.431641
  678 1.355669 24.674715 0.192188 0.805569 0.000000 3.182691 0.471680
  679 1.163586 20.074392 0.193750 0.635954 0.000000 3.007210 0.508789
  680 1.250503 35.679206 0.189844 0.722203 0.000000 2.699690 0.483398
  681 1.000000 35.167398 0.142578 0.750610 0.000000 2.928155 0.439453
  682 1.442221 43.925963 0.171094 0.880477 0.000000 2.857123 0.463867
  683 1.138129 40.124231 0.170703 0.814129 0.000000 3.008446 0.455078
  684 1.531383 33.087995 0.191406 0.645169 0.000000 2.756186 0.509766
  685 1.361560 33.701351 0.182813 0.710498 0.000000 2.995432 0.504883
  686 1.027635 34.698819 0.199609 0.656706 0.000000 2.983604 0.493164
  687 1.356748 27.114746 0.180078 0.522184 0.000000 3.322528 0.465820
  688 1.355669 29.455397 0.147266 0.918532 0.000000 3.414151 0.452148
  689 1.219756 19.380485 0.169141 0.545444 0.000000 3.369638 0.459961
  690 1.214747 23.472610 0.160547 0.494605 0.000000 3.228118 0.434570
  691 1.205842 36.785169 0.187109 1.007876 0.000000 3.061382 0.455078
  692 1.729494 24.355901 0.185938 0.751533 0.000000 3.043927 0.498047
  693 1.473815 27.087802 0.164453 0.553874 0.000000 3.139770 0.483398
  694 1.312833 27.261359 0.181641 0.642073 0.000000 3.276861 0.467773
  695 1.427153 40.227716 0.182422 0.754251 0.000000 3.304369 0.485352
  696 1.480466 43.500770 0.173828 0.681289 0.000000 3.208922 0.467773
  697 1.520526 21.758494 0.128125 0.865709 0.000000 4.410027 0.338867
  698 1.488624 39.392095 0.187500 0.549165 0.000000 3.336710 0.452148
  699 1.232444 41.471418 0.174609 0.687406 0.000000 2.909578 0.513672
  700 1.257916 37.835054 0.200391 0.807760 0.000000 2.969886 0.529297
  701 1.351882 22.778143 0.189063 0.832098 0.000000 2.854708 0.491211
  702 1.370054 26.476011 0.189844 0.703128 0.000000 3.308409 0.456055
  703 1.386750 21.812772 0.169922 0.430577 0.000000 2.925138 0.517578
  704 1.737758 40.772390 0.181250 0.927877 0.000000 3.160187 0.444336
  705 1.548126 16.006229 0.146875 0.590816 0.000000 3.770483 0.422852
  706 1.458601 40.016872 0.183594 0.620979 0.000000 3.274576 0.455078
  707 1.355815 48.879825 0.147656 0.807063 0.000000 2.964253 0.450195
  708 1.789367 35.388963 0.180859 0.758630 0.000000 2.776036 0.483398
  709 1.151086 25.318764 0.195313 0.512241 0.000000 2.678874 0.539062
  710 1.520526 35.468120 0.170703 0.618694 0.000000 3.256899 0.465820
  711 2.012308 25.303210 0.161719 0.709229 0.000000 3.389046 0.441406
  712 2.144192 49.312772 0.167969 0.608666 0.000000 3.780725 0.399414
  713 2.144192 21.634103 0.147656 0.825800 0.000000 4.759781 0.386719
  714 1.697056 21.361553 0.157813 0.593174 0.000000 4.410400 0.384766
  715 2.342070 26.831756 0.153906 0.626737 0.000000 3.845771 0.416992
  716 2.012308 29.752351 0.156641 0.713659 0.000000 3.998425 0.414062
  717 1.569334 28.329885 0.141797 0.602055 0.000000 3.623346 0.432617
  718 2.111111 30.259831 0.167578 0.747103 0.000000 3.593844 0.419922
  719 1.585525 35.377041 0.149609 0.667982 0.000000 4.398066 0.389648
  720 2.095684 30.157560 0.164063 0.545934 0.000000 3.567916 0.442383
  721 1.670928 42.142659 0.180859 1.125143 0.000000 3.919249 0.396484
  722 1.605609 18.200384 0.198828 0.570573 0.000000 3.171816 0.477539
  723 1.351882 23.942428 0.172266 0.572818 0.000000 3.003250 0.485352
  724 1.562050 25.024400 0.184375 0.635750 0.000000 3.282016 0.470703
  725 1.459927 26.576574 0.166406 0.640218 0.000000 3.704892 0.431641
  726 1.726268 27.443005 0.162109 0.698000 0.000000 3.718923 0.392578
  727 1.465865 23.103248 0.186719 0.823921 0.000000 3.538522 0.427734
  728 1.697273 30.272780 0.175391 0.579820 0.000000 3.728560 0.438477
  729 1.480466 52.711504 0.166016 0.813656 0.000000 3.205846 0.464844
  730 1.638887 20.990860 0.162109 0.995500 0.000000 3.255780 0.449219
  731 1.416931 15.008010 0.190234 0.512472 0.000000 3.282916 0.456055
  732 1.866691 56.429930 0.150000 0.724388 0.000000 3.496906 0.429688
  733 2.144192 18.279725 0.127344 0.792667 0.000000 4.263327 0.383789
  734 1.831876 39.672751 0.157813 0.657750 0.000000 3.805466 0.454102
  735 1.427153 23.013778 0.167969 1.031742 0.000000 3.433677 0.469727
  736 1.433587 43.960362 0.152734 0.599256 0.000000 3.758309 0.414062
  737 1.222222 24.941267 0.165234 0.759385 0.000000 3.226721 0.477539
  738 2.355408 41.397124 0.183203 0.729374 0.000000 3.498325 0.470703
  739 1.712511 12.889892 0.159375 0.701892 0.000000 3.857140 0.397461
  740 1.433587 47.312772 0.143359 0.884897 0.000000 4.004468 0.360352
  741 1.351882 34.561566 0.188672 0.682879 0.000000 3.415240 0.452148
  742 1.652122 16.939447 0.158203 0.634580 0.000000 3.662301 0.414062
  743 1.760942 34.771696 0.182422 0.699445 0.000000 3.520811 0.418945
  744 1.782134 31.116605 0.183594 0.849581 0.000000 3.313817 0.442383
  745 1.719670 47.216605 0.167969 0.838454 0.000000 3.481591 0.457031
  746 1.151086 51.152345 0.155859 0.831464 0.000000 3.472613 0.428711
  747 1.233784 36.068986 0.206641 0.710327 0.000000 2.876181 0.512695
  748 1.160629 26.525161 0.202734 0.649025 0.000000 3.000553 0.488281
  749 1.556113 19.811107 0.192188 0.848107 0.000000 3.077536 0.469727
  750 1.419116 29.538310 0.157813 0.764852 0.000000 3.312048 0.426758
  751 1.737593 17.021367 0.140234 0.865534 0.000000 3.525424 0.435547
  752 1.643753 24.639875 0.145703 0.591173 0.000000 3.419569 0.459961
  753 1.892154 10.409946 0.136328 0.729279 0.000000 3.721219 0.449219
  754 1.638887 29.651797 0.135938 0.805589 0.000000 4.016304 0.401367
  755 1.831876 28.444699 0.125781 0.744280 0.000000 3.844536 0.398438
  756 1.333333 30.407317 0.148828 0.960327 0.000000 3.397870 0.448242
  757 1.427153 29.797829 0.160547 0.736069 0.000000 3.463378 0.430664
  758 1.242730 37.274522 0.177734 0.561376 0.000000 2.977744 0.483398
  759 1.457738 54.933717 0.169922 0.569462 0.000000 2.687439 0.524414
  760 1.230325 23.706780 0.164453 0.606604 0.000000 2.860354 0.508789
  761 1.457458 40.508969 0.168750 0.510242 0.000000 3.042513 0.458008
  762 1.419403 37.703984 0.191406 0.554509 0.000000 3.071451 0.464844
  763 1.493576 37.706513 0.182031 0.731737 0.000000 2.829281 0.487305
  764 1.339068 37.249164 0.169922 0.879225 0.000000 2.950554 0.465820
  765 1.432164 42.219470 0.197656 0.426550 0.000000 2.732515 0.522461
  766 1.141564 48.969713 0.170703 0.844506 0.000000 2.744204 0.507812
  767 1.083087 21.865153 0.176953 0.635757 0.000000 2.952942 0.453125
  768 1.205842 41.849177 0.164844 0.693205 0.000000 2.865081 0.480469
  769 1.396082 16.348460 0.152734 0.598693 0.000000 3.450782 0.396484
  770 1.562889 18.318464 0.144922 0.729656 0.000000 3.632753 0.403320
  771 1.937926 32.112772 0.158203 0.516012 0.000000 3.240225 0.477539
  772 1.664101 46.503507 0.192578 0.965220 0.000000 3.268237 0.470703
  773 1.526773 46.049938 0.173828 0.716560 0.000000 3.416791 0.456055
  774 1.145087 34.492897 0.184375 0.699032 0.000000 3.057029 0.468750
  775 1.351882 35.973748 0.169531 0.660334 0.000000 2.978985 0.490234
  776 1.363474 44.243343 0.200781 0.773012 0.000000 2.756681 0.498047
  777 1.135292 21.487995 0.198438 0.797574 0.000000 2.940477 0.471680
  778 1.145374 48.718848 0.168750 0.564408 0.000000 3.025434 0.478516
  779 1.227262 35.584822 0.184766 0.648134 0.000000 3.011702 0.473633
  780 1.337038 43.401988 0.206641 0.504390 0.000000 2.744193 0.496094
  781 1.256335 29.425161 0.173047 0.922256 0.000000 3.148864 0.439453
  782 1.063817 47.141382 0.157813 0.720530 0.000000 3.060003 0.449219
  783 1.638887 34.284066 0.180078 0.878059 0.000000 3.269962 0.450195
  784 2.512469 26.835054 0.149609 0.606440 0.000000 3.800028 0.423828
  785 2.773784 12.734995 0.135938 0.703112 0.000000 4.786414 0.341797
  786 1.801234 18.977889 0.146484 0.776087 0.000000 4.180696 0.394531
  787 1.216261 32.918037 0.147656 0.538203 0.000000 3.264678 0.458984
  788 1.355213 40.182202 0.186719 0.687233 0.000000 2.903181 0.493164
  789 1.468051 34.801158 0.235547 0.639631 0.000000 2.873082 0.498047
  790 1.674906 47.702709 0.189063 0.643504 0.000000 2.706331 0.492188
  791 1.137737 38.636745 0.183984 0.755560 0.000000 2.548097 0.516602
  792 1.362047 30.404681 0.183594 0.814207 0.000000 2.747547 0.501953
  793 1.204037 31.562288 0.149609 0.606967 0.000000 3.390874 0.440430
  794 1.278985 48.069390 0.165625 0.403443 0.000000 3.306775 0.465820
  795 1.122256 32.483504 0.187500 0.635367 0.000000 2.801147 0.515625
  796 1.427153 34.732138 0.170313 0.612553 0.000000 2.800626 0.500977
  797 1.726268 35.570367 0.164453 0.686630 0.000000 3.392102 0.437500
  798 1.548126 29.350740 0.164063 0.524248 0.000000 3.379596 0.461914
  799 1.369932 19.202357 0.142969 0.895008 0.000000 3.886380 0.396484
  800 1.278275 38.963604 0.163281 0.891164 0.000000 3.886169 0.407227
  801 1.295319 47.203681 0.160547 0.636532 0.000000 3.432122 0.424805
  802 1.808101 42.581683 0.169141 0.584648 0.000000 3.114842 0.489258
  803 1.808101 25.674715 0.156250 0.672594 0.000000 3.958549 0.421875
  804 1.697056 25.203681 0.165234 0.844638 0.000000 3.682096 0.422852
  805 1.219756 29.070883 0.154688 0.646107 0.000000 3.508981 0.421875
  806 1.554151 21.337743 0.153516 0.720561 0.000000 3.857150 0.397461
  807 1.492072 25.998525 0.157422 1.085648 0.000000 3.292275 0.425781
  808 1.160845 29.842273 0.174609 0.701351 0.000000 2.930887 0.498047
  809 1.660910 41.342659 0.184375 0.647011 0.000000 2.896071 0.485352
  810 1.243904 30.065755 0.185938 0.550439 0.000000 2.749307 0.505859
  811 1.222222 23.662370 0.174609 0.594420 0.000000 2.882858 0.487305
  812 1.351882 36.340104 0.148438 0.773510 0.000000 3.211743 0.452148
  813 1.433587 26.950906 0.164453 0.897360 0.000000 3.478227 0.426758
  814 1.820453 30.945214 0.182813 0.734243 0.000000 3.857676 0.422852
  815 2.388122 31.789723 0.152734 0.557294 0.000000 4.400586 0.386719
  816 1.240347 29.054042 0.187109 0.905470 0.000000 3.434992 0.440430
  817 1.153986 32.380509 0.172656 0.696556 0.000000 3.360187 0.448242
  818 1.470217 43.226765 0.168359 1.087586 0.000000 3.411228 0.428711
  819 1.328281 29.966159 0.168750 0.967477 0.000000 3.310794 0.402344
  820 1.170721 34.347112 0.181250 0.682191 0.000000 3.060903 0.462891
  821 1.586582 33.932091 0.185938 0.842858 0.000000 2.818623 0.474609
  822 1.480540 63.151012 0.172656 0.746641 0.000000 2.635817 0.518555
  823 1.156294 26.088769 0.178516 0.849944 0.000000 2.962494 0.494141
  824 1.380257 34.419896 0.185547 0.804773 0.000000 2.911843 0.469727
  825 1.556113 29.977580 0.152344 0.518117 0.000000 3.197392 0.456055
  826 1.811077 31.023851 0.142188 0.613932 0.000000 3.701829 0.434570
  827 1.638887 33.051216 0.160156 0.675242 0.000000 4.267471 0.379883
  828 1.380257 21.044093 0.135156 0.857867 0.000000 3.582558 0.410156
  829 1.145087 44.021863 0.178125 0.671954 0.000000 3.011031 0.498047
  830 1.380257 30.272780 0.193750 0.438559 0.000000 3.240947 0.454102
  831 1.729663 30.601661 0.185156 0.665350 0.000000 3.412010 0.463867
  832 2.063031 17.369011 0.139453 0.906032 0.000000 4.654769 0.362305
  833 1.736816 26.755731 0.128906 0.606393 0.000000 4.844706 0.352539
  834 1.500000 9.641409 0.155469 0.780043 0.000000 4.022053 0.393555
  835 1.204037 40.286302 0.181641 0.523771 0.000000 3.262090 0.466797
  836 1.702939 23.853694 0.175000 0.547822 0.000000 3.243835 0.454102
  837 1.380670 48.716229 0.173047 0.948418 0.000000 3.286836 0.470703
  838 1.840894 26.221328 0.162891 0.555574 0.000000 3.248814 0.468750
  839 1.419116 48.880407 0.158984 0.789491 0.000000 3.471002 0.445312
  840 1.411189 26.629845 0.188672 0.654571 0.000000 2.790557 0.501953
  841 1.573710 42.425161 0.173438 0.858935 0.000000 2.910855 0.471680
  842 1.237656 35.188400 0.183594 0.567270 0.000000 2.712280 0.523438
  843 1.607764 48.784549 0.200000 0.650494 0.000000 2.531336 0.557617
  844 1.342189 42.409326 0.180078 0.709929 0.000000 3.047329 0.496094
  845 1.866691 53.575517 0.204688 0.907392 0.000000 2.768973 0.492188
  846 1.419403 37.411301 0.194922 0.783630 0.000000 2.704712 0.524414
  847 1.449677 25.166431 0.187109 0.748554 0.000000 2.863957 0.485352
  848 1.545867 21.801905 0.157031 0.627167 0.000000 3.193493 0.454102
  849 1.150521 36.118502 0.200781 0.607221 0.000000 2.861505 0.499023
  850 1.380257 34.028459 0.182031 0.763293 0.000000 2.843999 0.517578
  851 1.757886 35.258881 0.160156 0.920018 0.000000 3.438287 0.416016
  852 1.355669 31.999492 0.182031 0.768464 0.000000 3.383001 0.475586
  853 1.767767 27.076612 0.162500 0.526616 0.000000 3.209794 0.461914
  854 1.672772 28.937462 0.166797 0.712999 0.000000 3.715063 0.423828
  855 1.776130 35.694383 0.144922 1.019045 0.000000 3.597813 0.413086
  856 1.276079 42.705146 0.183984 0.737206 0.000000 3.087332 0.470703
  857 1.600000 23.457565 0.156250 0.614658 0.000000 3.455311 0.454102
  858 1.584929 33.476409 0.158203 0.909390 0.000000 3.394276 0.429688
  859 1.547416 43.555939 0.156250 0.784390 0.000000 3.497264 0.440430
  860 1.652122 29.848003 0.174219 0.607980 0.000000 3.134743 0.482422
  861 1.913992 35.177753 0.181250 0.809922 0.000000 3.510928 0.455078
  862 1.191945 28.848971 0.150000 0.697932 0.000000 3.836540 0.389648
  863 1.351882 38.974715 0.189453 0.566193 0.000000 2.695321 0.510742
  864 1.257410 25.372206 0.207031 0.792650 0.000000 2.833106 0.503906
  865 2.144192 41.635166 0.177344 0.661428 0.000000 3.332260 0.484375
  866 2.114033 18.545176 0.147656 0.846489 0.000000 4.030593 0.408203
  867 1.355669 41.898732 0.198047 0.739285 0.000000 3.704215 0.416992
  868 1.492072 29.388963 0.180859 0.542163 0.000000 3.077512 0.480469
  869 1.295319 32.038479 0.160156 0.659039 0.000000 3.122163 0.459961
  870 1.406930 38.747613 0.151172 0.541183 0.000000 3.633489 0.414062
  871 1.767767 24.592603 0.167969 0.650134 0.000000 3.587699 0.437500
  872 1.295408 27.049938 0.160156 0.850750 0.000000 3.269377 0.445312
  873 1.315587 45.193653 0.205859 0.593967 0.000000 2.728699 0.499023
  874 1.457738 52.920287 0.171094 0.803228 0.000000 2.941849 0.483398
  875 1.380257 23.908121 0.173047 0.652667 0.000000 3.431602 0.448242
  876 1.670928 27.655203 0.164844 0.580320 0.000000 3.647377 0.428711
  877 1.638887 26.892486 0.180078 0.710541 0.000000 3.757188 0.428711
  878 1.702939 27.104231 0.156641 0.553813 0.000000 3.435780 0.452148
  879 1.939450 43.178904 0.148828 0.672542 0.000000 3.757556 0.420898
  880 1.726088 13.563174 0.157422 0.517597 0.000000 3.601880 0.450195
  881 1.475127 22.476011 0.138672 0.556206 0.000000 4.178680 0.379883
  882 1.438482 22.975645 0.184375 0.570620 0.000000 3.074214 0.505859
  883 1.218227 31.484084 0.180469 0.673162 0.000000 2.931975 0.491211
  884 1.400000 18.898719 0.155859 0.650838 0.000000 3.378547 0.441406
  885 1.473815 24.722296 0.164063 0.613739 0.000000 3.210378 0.469727
  886 1.457384 45.657527 0.207813 0.506588 0.000000 2.945706 0.477539
  887 1.216385 60.559822 0.182031 0.639684 0.000000 3.179372 0.439453
  888 1.204037 35.987995 0.204688 0.483592 0.000000 2.807884 0.504883
  889 1.295408 36.581065 0.169531 0.389116 0.000000 2.799389 0.515625
  890 1.093561 26.322335 0.184766 0.580511 0.000000 2.917325 0.487305
  891 1.492072 20.962327 0.184766 0.608588 0.000000 3.173412 0.473633
  892 1.536902 24.348460 0.133203 0.582968 0.000000 4.092472 0.404297
  893 1.162476 47.153631 0.146094 0.788625 0.000000 3.567433 0.419922
  894 1.160668 45.445287 0.184375 0.670096 0.000000 3.084713 0.467773
  895 1.928604 41.092646 0.156641 0.601421 0.000000 3.154368 0.489258
  896 1.811077 33.061525 0.166406 0.878564 0.000000 4.091447 0.405273
  897 1.704457 38.379477 0.153125 0.667942 0.000000 3.800198 0.402344
  898 1.706984 47.161049 0.175781 0.677758 0.000000 3.362241 0.449219
  899 1.638887 62.157558 0.171875 0.851676 0.000000 3.345935 0.455078
  900 1.488624 37.751797 0.171875 0.940142 0.000000 3.204773 0.459961
  901 1.561557 62.621887 0.196484 0.722163 0.000000 2.817300 0.521484
  902 1.544021 54.640996 0.182422 0.804594 0.000000 2.914325 0.474609
  903 1.271162 40.732898 0.155469 0.724704 0.000000 2.731221 0.507812
  904 1.446481 45.987104 0.167188 0.581256 0.000000 2.898070 0.462891
  905 1.640342 34.822792 0.176172 0.923565 0.000000 3.097178 0.457031
  906 1.910497 58.817050 0.181250 0.638794 0.000000 2.619081 0.514648
  907 1.475127 11.971889 0.179297 0.702176 0.000000 3.215770 0.482422
  908 1.811077 25.464739 0.166797 0.577732 0.000000 3.873263 0.422852
  909 1.937926 11.307081 0.164453 0.562875 0.000000 4.134535 0.403320
  910 1.520526 38.792998 0.144531 0.689055 0.000000 3.997412 0.390625
  911 1.636364 38.493407 0.190234 0.738454 0.000000 3.013725 0.484375
  912 1.918075 37.702767 0.165234 0.964993 0.000000 3.305301 0.432617
  913 1.338111 31.070883 0.151172 0.560818 0.000000 3.639595 0.433594
  914 1.355213 31.377041 0.176563 0.572673 0.000000 3.279223 0.434570
  915 1.355669 45.642311 0.210938 0.700117 0.000000 2.842074 0.508789
  916 1.162476 24.774715 0.166016 0.609568 0.000000 3.104560 0.461914
  917 1.636734 24.539919 0.169531 0.803202 0.000000 3.325986 0.462891
  918 1.801234 28.653236 0.163281 0.621175 0.000000 3.509021 0.430664
  919 1.737593 19.547073 0.166797 0.868466 0.000000 3.991268 0.402344
  920 1.255055 20.437549 0.175391 0.636730 0.000000 3.520048 0.425781
  921 1.171303 16.700384 0.172656 0.706891 0.000000 2.956629 0.491211
  922 1.096323 35.121715 0.162891 0.819245 0.000000 3.092517 0.441406
  923 1.457458 31.201057 0.175391 0.515426 0.000000 3.507426 0.440430
  924 1.711724 15.783271 0.157813 0.947605 0.000000 3.995313 0.413086
  925 1.162476 40.314708 0.183594 0.735411 0.000000 3.312528 0.446289
  926 1.256706 29.171851 0.188672 0.629435 0.000000 3.251312 0.466797
  927 1.128349 35.584822 0.178125 0.770767 0.000000 2.743582 0.524414
  928 1.236694 39.753024 0.172266 0.714817 0.000000 2.695153 0.508789
  929 1.475127 38.089736 0.176172 0.901880 0.000000 3.007179 0.458008
  930 1.380670 40.259831 0.159766 0.711335 0.000000 3.258322 0.448242
  931 1.301319 30.412772 0.178906 0.681441 0.000000 2.918280 0.509766
  932 1.126185 36.137549 0.180859 0.979581 0.000000 2.980991 0.501953
  933 1.170783 27.962327 0.188281 0.753078 0.000000 2.843436 0.490234
  934 1.641057 31.174329 0.183203 0.518662 0.000000 3.278631 0.443359
  935 1.459845 19.787995 0.157813 0.663248 0.000000 3.446839 0.441406
  936 1.212678 49.716681 0.152734 0.888296 0.000000 3.242023 0.418945
  937 1.236694 40.177542 0.178906 0.941684 0.000000 2.727352 0.486328
  938 1.166667 36.218141 0.183594 0.728551 0.000000 3.086766 0.450195
  939 1.240347 31.454623 0.194922 0.581832 0.000000 2.898768 0.529297
  940 1.384931 28.379477 0.170313 0.792914 0.000000 2.947617 0.465820
  941 1.204037 22.177542 0.164453 0.716549 0.000000 2.842271 0.498047
  942 1.325236 48.061397 0.181250 0.713201 0.000000 3.663845 0.433594
  943 1.386750 24.800384 0.163672 0.691570 0.000000 3.484984 0.441406
  944 1.409460 39.324925 0.162500 0.762399 0.000000 3.255846 0.456055
  945 1.628305 35.301186 0.141406 0.726251 0.000000 3.213687 0.453125
  946 1.380257 26.545176 0.167188 0.669900 0.000000 3.485912 0.444336
  947 1.459927 33.429265 0.176172 0.616987 0.000000 3.345976 0.460938
  948 1.355815 34.210277 0.172266 0.649568 0.000000 3.092155 0.471680
  949 1.291884 32.139408 0.162109 0.693067 0.000000 2.730123 0.507812
  950 1.419116 56.718848 0.160547 0.648551 0.000000 2.812966 0.505859
  951 1.187776 21.937549 0.186719 0.576968 0.000000 2.582263 0.519531
  952 1.248529 40.087995 0.197266 0.700409 0.000000 2.751075 0.552734
  953 1.355669 33.247569 0.190234 0.630009 0.000000 2.988881 0.486328
  954 1.592081 48.806469 0.212891 0.619064 0.000000 3.146210 0.485352
  955 1.465093 25.115327 0.167969 0.851273 0.000000 3.826769 0.422852
  956 1.261062 26.578575 0.157813 0.852696 0.000000 3.158674 0.451172
  957 1.337038 39.008010 0.192969 0.511331 0.000000 2.673249 0.519531
  958 1.277204 32.887995 0.187500 0.724709 0.000000 2.629181 0.517578
  959 1.297212 27.171851 0.168359 0.588239 0.000000 2.934086 0.492188
  960 1.099054 42.246106 0.180859 0.677061 0.000000 3.214161 0.439453
  961 1.162476 26.962327 0.168359 0.465689 0.000000 2.902288 0.488281
  962 1.070489 29.170910 0.201953 0.633441 0.000000 3.055080 0.480469
  963 1.339068 29.878510 0.157813 0.731448 0.000000 3.294932 0.452148
  964 1.470217 46.399106 0.154297 0.621328 0.000000 3.423532 0.432617
  965 1.334474 29.024400 0.154688 0.611786 0.000000 3.427576 0.400391
  966 1.514456 23.400384 0.145703 0.679803 0.000000 3.561926 0.418945
  967 1.063817 32.886136 0.150781 0.614506 0.000000 3.021729 0.448242
  968 1.775907 35.320399 0.176953 0.658500 0.000000 2.639734 0.514648
  969 1.261886 45.896036 0.185547 0.652559 0.000000 2.605120 0.523438
  970 1.277204 29.225161 0.165234 0.631823 0.000000 2.977195 0.478516
  971 1.693880 27.511251 0.173047 0.540994 0.000000 2.958948 0.477539
  972 1.840894 12.436582 0.157422 0.616024 0.000000 3.778151 0.423828
  973 2.144192 21.755731 0.151953 0.803572 0.000000 4.162661 0.371094
  974 1.757886 30.272160 0.158594 0.767581 0.000000 4.096437 0.387695
  975 1.549722 30.028993 0.175781 0.716936 0.000000 3.623941 0.440430
  976 1.619803 36.081736 0.188281 0.691091 0.000000 3.177626 0.482422
  977 1.605609 28.534507 0.153906 0.496683 0.000000 3.759024 0.400391
  978 2.122775 27.787859 0.137891 0.485476 0.000000 4.316341 0.378906
  979 1.435552 27.939071 0.158984 0.616122 0.000000 3.854942 0.441406
  980 1.419116 34.307360 0.145313 0.852464 0.000000 3.694581 0.424805
  981 1.435552 22.189001 0.167969 0.787487 0.000000 3.575149 0.410156
  982 1.236159 29.783271 0.144922 0.598202 0.000000 3.248577 0.451172
  983 1.528321 44.483004 0.175781 0.574408 0.000000 3.272708 0.477539
  984 1.279681 29.484201 0.188672 0.867131 0.000000 3.311032 0.460938
  985 1.395102 22.689930 0.161328 0.552326 0.000000 3.684945 0.421875
  986 1.343640 34.667050 0.132031 0.636119 0.000000 4.232132 0.374023
  987 1.459927 38.301186 0.142969 0.643459 0.000000 3.809958 0.415039
  988 1.562889 34.872433 0.160938 0.859402 0.000000 3.591726 0.449219
  989 1.369932 22.649938 0.146484 0.926023 0.000000 3.307790 0.434570
  990 1.249204 39.317674 0.174219 0.634394 0.000000 2.889066 0.500000
  991 1.230325 41.429265 0.151172 0.646686 0.000000 3.027422 0.482422
  992 1.432164 37.191081 0.186328 0.734646 0.000000 2.676539 0.500000
  993 1.236694 34.436271 0.204297 0.685427 0.000000 2.482047 0.518555
  994 1.177124 26.254634 0.185547 0.751615 0.000000 2.806124 0.490234
  995 1.500000 39.697888 0.165234 0.652528 0.000000 2.974154 0.473633
  996 1.343710 54.411044 0.174219 0.921250 0.000000 3.537238 0.426758
  997 1.060342 23.487995 0.174609 0.892460 0.000000 3.143205 0.468750
  998 1.355213 29.117423 0.186719 0.651571 0.000000 3.182421 0.472656
  999 1.584929 34.896195 0.166016 0.891338 0.000000 3.111849 0.470703
 1000 1.278985 37.362327 0.149219 0.770658 0.000000 3.281970 0.439453
