    0 -372.360    0.000  317.000    0.000   56.000    0.000    1.000    0.000 
    1 -391.122    0.309  328.000    0.000   61.000    0.000    1.053    0.000 
    2 -420.478    0.285  325.000    0.000   66.000    0.000    1.179    0.000 
    3 -437.490    0.246  326.000    0.000   69.000    0.000    1.199    0.000 
    4 -439.666    0.207  327.000    0.000   68.000    0.000    1.251    0.000 
    5 -451.811    0.219  323.000    0.000   65.000    0.000    1.137    0.000 
    6 -461.138    0.180  331.000    0.000   67.000    0.000    1.094    0.000 
    7 -469.795    0.191  328.000    0.000   68.000    0.000    1.129    0.000 
    8 -482.371    0.230  327.000    0.000   66.000    0.000    1.168    0.000 
    9 -501.490    0.168  326.000    0.000   67.000    0.000    1.216    0.000 
   10 -499.161    0.180  328.000    0.000   70.000    0.000    1.100    0.000 
   11 -501.267    0.191  331.000    0.000   68.000    0.000    1.173    0.000 
   12 -509.333    0.188  325.000    0.000   68.000    0.000    1.210    0.000 
   13 -512.756    0.203  327.000    0.000   68.000    0.000    1.260    0.000 
   14 -512.800    0.227  325.000    0.000   69.000    0.000    1.098    0.000 
   15 -511.833    0.195  327.000    0.000   66.000    0.000    1.220    0.000 
   16 -514.079    0.125  329.000    0.000   67.000    0.000    1.068    0.000 
   17 -510.572    0.172  337.000    0.000   68.000    0.000    1.096    0.000 
   18 -521.813    0.129  332.000    0.000   67.000    0.000    1.174    0.000 
   19 -519.975    0.180  336.000    0.000   70.000    0.000    1.033    0.000 
   20 -520.300    0.172  330.000    0.000   66.000    0.000    1.174    0.000 
   21 -537.841    0.156  326.000    0.000   68.000    0.000    1.068    0.000 
   22 -534.599    0.117  324.000    0.000   69.000    0.000    1.213    0.000 
   23 -528.113    0.125  324.000    0.000   67.000    0.000    1.133    0.000 
   24 -518.649    0.164  336.000    0.000   69.000    0.000    1.347    0.000 
   25 -530.323    0.148  330.000    0.000   70.000    0.000    1.168    0.000 
   26 -530.749    0.164  324.000    0.000   67.000    0.000    1.202    0.000 
   27 -537.106    0.133  330.000    0.000   70.000    0.000    1.165    0.000 
   28 -529.466    0.137  329.000    0.000   70.000    0.000    1.251    0.000 
   29 -541.251    0.133  333.000    0.000   73.000    0.000    1.322    0.000 
   30 -532.380    0.129  332.000    0.000   69.000    0.000    1.158    0.000 
   31 -540.468    0.148  330.000    0.000   69.000    0.000    1.167    0.000 
   32 -528.721    0.125  330.000    0.000   72.000    0.000    1.092    0.000 
   33 -537.428    0.176  331.000    0.000   75.000    0.000    1.205    0.000 
   34 -532.158    0.129  330.000    0.000   72.000    0.000    1.248    0.000 
   35 -535.593    0.176  329.000    0.000   72.000    0.000    1.158    0.000 
   36 -539.205    0.117  331.000    0.000   71.000    0.000    1.333    0.000 
   37 -540.433    0.137  326.000    0.000   71.000    0.000    1.333    0.000 
   38 -529.411    0.180  330.000    0.000   71.000    0.000    1.234    0.000 
   39 -540.153    0.176  333.000    0.000   72.000    0.000    1.125    0.000 
   40 -528.651    0.145  332.000    0.000   70.000    0.000    1.231    0.000 
   41 -545.217    0.125  334.000    0.000   71.000    0.000    1.158    0.000 
   42 -543.438    0.117  332.000    0.000   69.000    0.000    1.158    0.000 
   43 -537.153    0.121  335.000    0.000   70.000    0.000    1.158    0.000 
   44 -531.548    0.102  335.000    0.000   69.000    0.000    1.250    0.000 
   45 -541.800    0.152  332.000    0.000   71.000    0.000    1.639    0.000 
   46 -540.662    0.066  331.000    0.000   71.000    0.000    1.168    0.000 
   47 -547.640    0.109  329.000    0.000   70.000    0.000    1.094    0.000 
   48 -540.825    0.113  332.000    0.000   70.000    0.000    1.094    0.000 
   49 -543.857    0.090  335.000    0.000   69.000    0.000    1.213    0.000 
   50 -540.135    0.113  336.000    0.000   71.000    0.000    1.205    0.000 
   51 -531.773    0.094  334.000    0.000   69.000    0.000    1.213    0.000 
   52 -537.006    0.148  330.000    0.000   68.000    0.000    1.176    0.000 
   53 -527.885    0.176  329.000    0.000   69.000    0.000    1.168    0.000 
   54 -541.291    0.113  328.000    0.000   70.000    0.000    1.135    0.000 
   55 -539.054    0.125  328.000    0.000   69.000    0.000    1.279    0.000 
   56 -536.472    0.105  331.000    0.000   70.000    0.000    1.235    0.000 
   57 -522.407    0.137  338.000    0.000   70.000    0.000    1.167    0.000 
   58 -533.939    0.184  339.000    0.000   73.000    0.000    1.199    0.000 
   59 -541.865    0.129  332.000    0.000   69.000    0.000    1.262    0.000 
   60 -546.109    0.074  335.000    0.000   70.000    0.000    1.206    0.000 
   61 -538.454    0.066  336.000    0.000   70.000    0.000    1.500    0.000 
   62 -530.753    0.121  337.000    0.000   69.000    0.000    1.500    0.000 
   63 -528.124    0.117  331.000    0.000   70.000    0.000    1.262    0.000 
   64 -537.951    0.156  333.000    0.000   71.000    0.000    1.206    0.000 
   65 -537.628    0.082  330.000    0.000   70.000    0.000    1.262    0.000 
   66 -535.237    0.121  333.000    0.000   72.000    0.000    1.093    0.000 
   67 -533.376    0.180  341.000    0.000   74.000    0.000    1.273    0.000 
   68 -540.112    0.133  337.000    0.000   72.000    0.000    1.273    0.000 
   69 -547.929    0.086  337.000    0.000   74.000    0.000    1.262    0.000 
   70 -544.845    0.059  336.000    0.000   70.000    0.000    1.240    0.000 
   71 -545.012    0.059  335.000    0.000   71.000    0.000    1.273    0.000 
   72 -539.861    0.141  335.000    0.000   72.000    0.000    1.240    0.000 
   73 -539.520    0.121  332.000    0.000   70.000    0.000    1.368    0.000 
   74 -546.314    0.094  332.000    0.000   71.000    0.000    1.322    0.000 
   75 -543.658    0.105  331.000    0.000   69.000    0.000    1.322    0.000 
   76 -540.540    0.082  336.000    0.000   70.000    0.000    1.322    0.000 
   77 -543.487    0.129  337.000    0.000   71.000    0.000    1.273    0.000 
   78 -550.091    0.133  331.000    0.000   71.000    0.000    1.411    0.000 
   79 -547.139    0.109  333.000    0.000   72.000    0.000    1.442    0.000 
   80 -556.039    0.098  338.000    0.000   73.000    0.000    1.442    0.000 
   81 -546.506    0.125  328.000    0.000   72.000    0.000    1.401    0.000 
   82 -542.299    0.141  338.000    0.000   72.000    0.000    1.322    0.000 
   83 -549.315    0.141  342.000    0.000   72.000    0.000    1.495    0.000 
   84 -555.936    0.066  339.000    0.000   72.000    0.000    1.447    0.000 
   85 -552.704    0.074  338.000    0.000   74.000    0.000    1.473    0.000 
   86 -556.239    0.090  341.000    0.000   74.000    0.000    1.586    0.000 
   87 -549.995    0.105  342.000    0.000   73.000    0.000    1.586    0.000 
   88 -551.092    0.109  334.000    0.000   72.000    0.000    1.447    0.000 
   89 -554.754    0.094  334.000    0.000   72.000    0.000    1.442    0.000 
   90 -559.790    0.074  335.000    0.000   72.000    0.000    1.447    0.000 
   91 -550.905    0.090  340.000    0.000   73.000    0.000    1.442    0.000 
   92 -543.476    0.109  340.000    0.000   74.000    0.000    1.447    0.000 
   93 -552.373    0.105  337.000    0.000   73.000    0.000    1.447    0.000 
   94 -556.604    0.078  333.000    0.000   72.000    0.000    1.495    0.000 
   95 -552.142    0.113  334.000    0.000   75.000    0.000    1.554    0.000 
   96 -553.483    0.125  336.000    0.000   73.000    0.000    1.586    0.000 
   97 -549.409    0.094  336.000    0.000   74.000    0.000    1.559    0.000 
   98 -550.609    0.098  333.000    0.000   71.000    0.000    1.442    0.000 
   99 -552.756    0.145  334.000    0.000   74.000    0.000    1.495    0.000 
  100 -556.783    0.113  335.000    0.000   73.000    0.000    1.447    0.000 
  101 -547.652    0.105  338.000    0.000   71.000    0.000    1.442    0.000 
  102 -548.206    0.109  338.000    0.000   73.000    0.000    1.374    0.000 
  103 -548.358    0.078  336.000    0.000   73.000    0.000    1.374    0.000 
  104 -540.062    0.105  341.000    0.000   73.000    0.000    1.538    0.000 
  105 -548.203    0.098  342.000    0.000   73.000    0.000    1.480    0.000 
  106 -543.116    0.145  341.000    0.000   74.000    0.000    1.358    0.000 
  107 -551.489    0.109  339.000    0.000   74.000    0.000    1.365    0.000 
  108 -556.517    0.129  340.000    0.000   74.000    0.000    1.394    0.000 
  109 -553.131    0.121  343.000    0.000   76.000    0.000    1.442    0.000 
  110 -553.722    0.133  339.000    0.000   74.000    0.000    1.553    0.000 
  111 -545.630    0.094  343.000    0.000   74.000    0.000    1.553    0.000 
  112 -548.414    0.105  338.000    0.000   73.000    0.000    1.365    0.000 
  113 -543.929    0.105  337.000    0.000   72.000    0.000    1.384    0.000 
  114 -549.290    0.094  337.000    0.000   73.000    0.000    1.421    0.000 
  115 -552.758    0.109  333.000    0.000   74.000    0.000    1.559    0.000 
  116 -553.802    0.121  332.000    0.000   75.000    0.000    1.480    0.000 
  117 -551.128    0.117  332.000    0.000   72.000    0.000    1.442    0.000 
  118 -552.954    0.098  335.000    0.000   74.000    0.000    1.570    0.000 
  119 -550.389    0.059  338.000    0.000   74.000    0.000    1.586    0.000 
  120 -560.037    0.141  330.000    0.000   73.000    0.000    1.495    0.000 
  121 -545.015    0.145  329.000    0.000   74.000    0.000    1.495    0.000 
  122 -551.247    0.105  334.000    0.000   72.000    0.000    1.442    0.000 
  123 -548.460    0.145  333.000    0.000   73.000    0.000    1.538    0.000 
  124 -551.571    0.094  333.000    0.000   76.000    0.000    1.374    0.000 
  125 -538.689    0.102  335.000    0.000   75.000    0.000    1.554    0.000 
  126 -548.604    0.113  330.000    0.000   74.000    0.000    1.442    0.000 
  127 -549.218    0.133  322.000    0.000   73.000    0.000    1.442    0.000 
  128 -544.904    0.133  330.000    0.000   72.000    0.000    1.442    0.000 
  129 -550.797    0.094  328.000    0.000   73.000    0.000    1.419    0.000 
  130 -546.911    0.133  330.000    0.000   71.000    0.000    1.377    0.000 
  131 -547.085    0.137  333.000    0.000   73.000    0.000    1.419    0.000 
  132 -558.196    0.152  330.000    0.000   71.000    0.000    1.464    0.000 
  133 -558.058    0.113  329.000    0.000   72.000    0.000    1.509    0.000 
  134 -552.713    0.105  328.000    0.000   73.000    0.000    1.509    0.000 
  135 -548.495    0.129  335.000    0.000   72.000    0.000    1.464    0.000 
  136 -547.576    0.086  329.000    0.000   69.000    0.000    1.432    0.000 
  137 -549.607    0.141  335.000    0.000   72.000    0.000    1.462    0.000 
  138 -549.903    0.133  331.000    0.000   73.000    0.000    1.407    0.000 
  139 -552.289    0.105  334.000    0.000   72.000    0.000    1.447    0.000 
  140 -549.189    0.105  339.000    0.000   73.000    0.000    1.473    0.000 
  141 -554.006    0.129  338.000    0.000   74.000    0.000    1.586    0.000 
  142 -557.450    0.066  335.000    0.000   73.000    0.000    1.586    0.000 
  143 -559.203    0.121  336.000    0.000   75.000    0.000    1.473    0.000 
  144 -552.900    0.098  335.000    0.000   74.000    0.000    1.591    0.000 
