    0 0.000000 -81.675845 0.000000 0.000000 0.000000 0.000000 0.000000
    1 1.250000 -79.039195 0.983398 0.705613 0.000000 3.182753 0.533203
    2 1.971710 -67.470115 1.150391 0.944556 0.000000 3.047868 0.560547
    3 1.492072 -82.534839 1.081055 0.774485 0.000000 3.422427 0.538086
    4 1.280720 -103.831078 1.205078 0.851707 0.000000 3.091455 0.579102
    5 1.926535 -91.924530 1.157227 0.957793 0.000000 3.195445 0.504883
    6 1.562050 -102.925285 1.107422 0.946848 0.000000 3.335150 0.525391
    7 1.510313 -94.825428 0.974609 0.679224 0.000000 3.188997 0.518555
    8 1.923538 -95.714075 1.010742 0.849406 0.000000 3.928421 0.494141
    9 2.357023 -107.216782 0.922852 0.881764 0.000000 4.070506 0.439453
   10 2.557042 -109.148119 0.813477 1.057223 0.000000 5.081461 0.378906
   11 2.447087 -116.498898 0.851562 0.978762 0.000000 4.860620 0.398438
   12 2.735927 -122.624572 0.781250 1.033069 0.000000 5.633132 0.338867
   13 2.276604 -122.854340 0.719727 1.049185 0.000000 5.857366 0.299805
   14 2.828427 -138.064348 0.710938 1.203218 0.000000 5.430535 0.333008
   15 2.942151 -116.221987 0.800781 0.883735 0.000000 5.229572 0.362305
   16 2.750000 -94.664907 1.001953 1.099218 0.000000 4.316830 0.432617
   17 3.162278 -119.751755 0.897461 0.703940 0.000000 5.400439 0.368164
   18 2.677542 -122.658172 0.796875 1.400696 0.000000 4.866046 0.368164
   19 2.357023 -101.496497 0.822266 1.328935 0.000000 4.919575 0.356445
   20 2.467067 -104.452944 1.091797 1.037643 0.000000 3.747249 0.489258
   21 1.935433 -110.176349 0.973633 1.002582 0.000000 3.858627 0.439453
   22 1.932013 -120.860553 0.932617 1.056336 0.000000 4.472177 0.423828
   23 1.922009 -105.484673 0.959961 1.126389 0.000000 4.617629 0.387695
   24 1.706984 -108.409598 0.930664 0.928612 0.000000 4.151308 0.450195
   25 2.027588 -102.395120 0.899414 0.977542 0.000000 3.845168 0.434570
   26 1.493725 -90.046616 1.011719 0.862807 0.000000 3.981236 0.465820
   27 1.469613 -94.887228 1.220703 1.070400 0.000000 3.440832 0.512695
   28 2.342606 -124.491951 0.943359 0.871485 0.000000 4.653071 0.411133
   29 1.910497 -97.397673 0.909180 1.033202 0.000000 4.667582 0.401367
   30 2.224998 -120.340042 0.924805 0.765484 0.000000 4.532675 0.401367
   31 2.247083 -114.491506 0.833984 1.095675 0.000000 4.999208 0.351562
   32 2.137265 -99.784845 0.911133 0.909200 0.000000 4.666156 0.431641
   33 1.926535 -95.316260 1.072266 0.868711 0.000000 3.886184 0.491211
   34 2.003084 -89.937673 0.912109 0.709651 0.000000 4.458584 0.441406
   35 2.057983 -94.089819 0.916016 0.833329 0.000000 4.419510 0.429688
   36 2.319483 -92.766154 0.973633 0.930095 0.000000 3.999486 0.451172
   37 1.697273 -107.012141 1.101562 0.811597 0.000000 3.741209 0.523438
   38 2.220360 -104.992005 0.961914 0.897730 0.000000 4.697576 0.433594
   39 2.169635 -114.917174 1.009766 1.035261 0.000000 4.268546 0.430664
   40 3.040749 -111.360553 0.954102 0.696709 0.000000 4.439256 0.414062
   41 1.953793 -115.049643 0.842773 0.654720 0.000000 5.068922 0.392578
   42 1.712026 -97.053058 1.005859 1.198214 0.000000 4.118451 0.430664
   43 1.546135 -85.616194 1.135742 1.083685 0.000000 3.551239 0.514648
   44 1.290339 -100.803894 1.249023 0.844759 0.000000 3.693386 0.502930
   45 1.445352 -81.717673 1.167969 1.151050 0.000000 3.470156 0.511719
   46 1.210515 -105.220282 1.011719 1.078947 0.000000 3.661596 0.501953
   47 1.382152 -80.688921 0.932617 1.028344 0.000000 3.318281 0.483398
   48 1.831876 -102.105929 1.083008 0.909155 0.000000 3.753882 0.497070
   49 2.473388 -127.472798 0.841797 0.912033 0.000000 4.381687 0.393555
   50 3.271563 -111.521668 0.835938 1.172040 0.000000 4.871377 0.375977
   51 2.770644 -108.895784 0.684570 1.062002 0.000000 5.996400 0.330078
   52 2.761340 -109.816782 0.737305 0.928527 0.000000 5.620725 0.337891
   53 2.795085 -86.442664 0.846680 0.801742 0.000000 4.816219 0.398438
   54 2.877716 -119.875730 0.857422 1.075504 0.000000 5.057142 0.354492
   55 2.795085 -133.516729 0.728516 1.421349 0.000000 5.723923 0.337891
   56 2.236068 -127.353894 0.948242 1.031199 0.000000 4.340274 0.424805
   57 1.435697 -96.168244 0.963867 0.812185 0.000000 4.356323 0.436523
   58 1.567370 -82.243665 1.181641 0.870739 0.000000 3.499266 0.522461
   59 2.009975 -112.266729 1.039062 1.049315 0.000000 3.798498 0.483398
   60 2.144192 -117.521007 0.879883 0.763580 0.000000 4.150665 0.450195
   61 2.121320 -104.053058 0.829102 0.831234 0.000000 5.323827 0.386719
   62 1.827250 -82.582140 1.017578 0.638120 0.000000 3.812548 0.504883
   63 2.196253 -106.866245 1.137695 0.708460 0.000000 3.577261 0.497070
   64 1.426437 -88.239367 1.104492 1.035245 0.000000 3.491306 0.506836
   65 1.420331 -98.016729 1.175781 1.194135 0.000000 3.037562 0.535156
   66 1.515684 -84.740508 1.198242 0.812498 0.000000 3.370045 0.519531
   67 1.932013 -81.677673 1.191406 1.371644 0.000000 2.992863 0.553711
   68 1.399580 -81.186797 1.189453 1.058928 0.000000 3.394817 0.538086
   69 1.401898 -96.005285 1.245117 0.957202 0.000000 3.226086 0.550781
   70 1.649242 -117.143467 1.073242 0.884616 0.000000 3.936378 0.462891
   71 1.834758 -76.346229 1.185547 1.266150 0.000000 3.405112 0.491211
   72 1.377411 -91.709450 1.132812 0.830797 0.000000 3.342644 0.529297
   73 1.649242 -79.207163 1.041016 0.864862 0.000000 3.389376 0.516602
   74 1.808101 -106.504249 1.090820 1.005096 0.000000 3.430384 0.497070
   75 1.834758 -110.880632 1.065430 0.942233 0.000000 3.643559 0.517578
   76 2.750000 -100.423324 0.951172 0.766152 0.000000 4.224261 0.452148
   77 3.597051 -100.080583 0.914062 1.006023 0.000000 4.495288 0.439453
   78 3.041381 -137.881969 0.887695 1.010790 0.000000 5.428606 0.361328
   79 2.634501 -117.683775 0.954102 1.227495 0.000000 6.239694 0.314453
   80 4.384315 -114.941468 0.748047 1.072305 0.000000 5.121637 0.366211
   81 4.384315 -152.256319 0.784180 1.013125 0.000000 6.257960 0.323242
   82 3.597051 -123.902112 0.644531 0.898976 0.000000 7.604908 0.265625
   83 4.196559 -125.840971 0.719727 1.098362 0.000000 6.940359 0.279297
   84 4.714045 -162.234885 0.577148 0.877428 0.000000 9.013050 0.205078
   85 4.772607 -166.132216 0.593750 1.067310 0.000000 8.656772 0.226562
   86 4.844814 -156.936269 0.640625 0.673240 0.000000 8.012305 0.257812
   87 3.574285 -133.027780 0.612305 1.100454 0.000000 8.109376 0.275391
   88 5.632051 -137.030894 0.646484 0.724142 0.000000 6.844434 0.305664
   89 6.029925 -135.883395 0.703125 1.209654 0.000000 7.210473 0.284180
   90 3.309551 -118.948783 0.672852 0.918787 0.000000 6.126780 0.326172
   91 3.288237 -142.657754 0.635742 1.122325 0.000000 6.908697 0.257812
   92 2.918154 -122.423584 0.756836 0.959371 0.000000 6.591192 0.300781
   93 3.052868 -112.855401 0.848633 1.067643 0.000000 5.556090 0.344727
   94 2.467067 -108.937673 0.912109 0.918452 0.000000 5.152693 0.382812
   95 3.134984 -128.944952 0.866211 1.135537 0.000000 5.063917 0.379883
   96 2.589921 -134.991506 0.802734 1.264221 0.000000 5.815668 0.324219
   97 2.752839 -123.317673 0.792969 0.887463 0.000000 5.568486 0.352539
   98 3.642157 -136.155053 0.974609 0.924284 0.000000 4.683049 0.401367
   99 3.190611 -124.062451 0.742188 1.591881 0.000000 6.196240 0.307617
  100 2.224971 -103.051528 0.908203 1.126036 0.000000 4.866101 0.375977
  101 2.100265 -88.857858 0.959961 0.944640 0.000000 4.069500 0.412109
  102 1.712511 -117.376532 0.945312 0.956849 0.000000 4.100761 0.422852
  103 1.817348 -100.350062 1.032227 0.971964 0.000000 3.723088 0.473633
  104 1.515684 -70.651959 1.093750 0.726745 0.000000 3.861367 0.463867
  105 1.597412 -102.999616 1.136719 0.911125 0.000000 3.477480 0.504883
  106 2.029486 -102.604340 1.069336 0.846359 0.000000 3.694096 0.500977
  107 2.233339 -112.725285 1.043945 0.948307 0.000000 3.916136 0.467773
  108 2.029486 -90.738386 0.973633 1.288548 0.000000 4.191425 0.416992
  109 2.027588 -106.626658 0.864258 0.856445 0.000000 4.556174 0.403320
  110 1.860521 -114.350717 0.918945 1.022477 0.000000 4.095939 0.416992
  111 2.199004 -92.340797 1.028320 0.712311 0.000000 4.077271 0.424805
  112 2.233582 -112.778633 1.053711 1.019285 0.000000 4.005839 0.439453
  113 2.631174 -88.164877 0.958984 1.090216 0.000000 4.034974 0.443359
  114 1.706984 -101.218902 0.991211 1.158291 0.000000 3.632553 0.457031
  115 1.564609 -101.045714 1.153320 0.848458 0.000000 3.628804 0.519531
  116 1.419116 -88.688921 1.083984 0.907368 0.000000 3.491304 0.511719
  117 1.406393 -92.999616 1.049805 1.079189 0.000000 3.985379 0.476562
  118 1.414214 -85.136871 1.049805 0.884089 0.000000 3.927708 0.478516
  119 1.401898 -80.541862 1.078125 1.056659 0.000000 3.907275 0.460938
  120 1.414214 -79.014839 1.105469 1.065241 0.000000 3.371000 0.519531
  121 1.369932 -98.263105 1.169922 0.898686 0.000000 3.332128 0.529297
  122 1.915751 -90.741119 1.206055 0.812923 0.000000 3.189046 0.567383
  123 1.688657 -88.043438 1.187500 0.968137 0.000000 3.049273 0.550781
  124 1.276484 -104.698543 1.184570 0.868746 0.000000 3.461102 0.505859
  125 1.278275 -106.895856 0.947266 0.932437 0.000000 3.572824 0.485352
  126 1.561557 -108.167819 0.997070 1.034768 0.000000 3.244978 0.471680
  127 1.971446 -110.637914 1.006836 0.905962 0.000000 3.549492 0.489258
  128 1.456022 -101.272344 0.989258 0.920016 0.000000 4.021809 0.449219
  129 1.355669 -99.958758 1.132812 1.031467 0.000000 3.370375 0.527344
  130 1.581139 -108.980251 1.084961 0.933902 0.000000 3.704354 0.487305
  131 2.469324 -104.405053 1.059570 0.704455 0.000000 3.703445 0.490234
  132 1.937926 -113.847566 0.976562 1.168478 0.000000 3.955515 0.446289
  133 1.711724 -106.971541 0.931641 0.844043 0.000000 3.780299 0.461914
  134 2.124193 -102.583841 1.043945 0.813300 0.000000 3.600398 0.475586
  135 1.504018 -108.959412 1.087891 0.734056 0.000000 3.795043 0.514648
  136 1.617215 -104.926039 1.000977 0.973193 0.000000 3.772107 0.458008
  137 2.383889 -110.476800 1.007812 0.876638 0.000000 4.740982 0.421875
  138 1.831876 -98.481152 1.061523 0.739857 0.000000 4.268549 0.450195
  139 1.917729 -92.679563 0.935547 0.874991 0.000000 4.369682 0.445312
  140 2.627975 -98.274590 1.037109 0.849794 0.000000 4.664727 0.420898
  141 2.341442 -104.557673 0.953125 1.223356 0.000000 4.486102 0.397461
  142 1.562050 -111.046128 0.867188 0.883987 0.000000 4.028014 0.436523
  143 1.849870 -107.375730 1.014648 1.210961 0.000000 4.658768 0.406250
  144 1.917729 -97.398467 0.882812 1.247018 0.000000 5.148715 0.388672
  145 2.400000 -112.231078 0.895508 1.120355 0.000000 5.145399 0.403320
  146 2.416244 -104.011559 0.974609 1.054040 0.000000 4.095596 0.458008
  147 2.015186 -97.989269 0.943359 0.755771 0.000000 4.271160 0.442383
  148 2.137265 -101.954831 0.974609 1.204950 0.000000 4.272677 0.458984
  149 2.383889 -121.542397 0.934570 1.269285 0.000000 5.077249 0.393555
  150 3.190611 -120.278543 0.947266 0.863536 0.000000 5.287553 0.357422
  151 3.313547 -103.494378 0.876953 0.801994 0.000000 5.132838 0.360352
  152 2.672195 -130.053449 0.845703 0.852739 0.000000 5.446000 0.365234
  153 3.362458 -133.080002 0.727539 1.052787 0.000000 6.554381 0.313477
  154 3.738929 -136.143467 0.694336 1.004678 0.000000 7.003458 0.273438
  155 3.922723 -132.151110 0.778320 0.934526 0.000000 6.555753 0.308594
  156 4.182080 -155.167174 0.602539 1.059193 0.000000 8.276884 0.238281
  157 4.678556 -137.744331 0.543945 0.934656 0.000000 8.708546 0.210938
  158 5.209500 -160.343674 0.625000 1.086438 0.000000 9.662214 0.206055
  159 6.846897 -181.817263 0.507812 1.093004 0.000000 11.261726 0.168945
  160 6.449806 -192.279131 0.633789 0.824735 0.000000 10.440893 0.179688
  161 5.656854 -175.726088 0.581055 1.267422 0.000000 11.629167 0.140625
  162 6.003332 -160.694515 0.565430 0.839751 0.000000 9.905624 0.226562
  163 4.512329 -150.071373 0.537109 0.819176 0.000000 9.145414 0.238281
  164 4.549115 -162.999185 0.615234 1.005017 0.000000 8.311526 0.238281
  165 4.010191 -150.949782 0.546875 1.228209 0.000000 8.472124 0.241211
  166 4.666667 -161.351879 0.559570 1.384143 0.000000 8.607044 0.232422
  167 3.023347 -112.835082 0.581055 1.058460 0.000000 8.381270 0.210938
  168 4.249183 -142.851466 0.541016 0.651138 0.000000 8.646298 0.226562
  169 4.512329 -133.187742 0.751953 0.475696 0.000000 7.569157 0.319336
  170 4.362084 -155.530085 0.746094 0.888808 0.000000 7.477945 0.268555
  171 4.678556 -144.437673 0.616211 1.152258 0.000000 7.644174 0.236328
  172 2.918154 -128.934470 0.743164 0.780046 0.000000 6.772497 0.305664
  173 4.013865 -111.293458 0.827148 0.528017 0.000000 6.148314 0.339844
  174 3.224903 -148.938297 0.692383 1.060856 0.000000 6.398409 0.304688
  175 3.475864 -149.966794 0.629883 1.111932 0.000000 6.955165 0.277344
  176 2.899353 -118.056220 0.717773 1.298922 0.000000 7.896851 0.257812
  177 3.023347 -113.984843 0.814453 0.982048 0.000000 5.706309 0.348633
  178 3.605551 -116.378137 0.724609 1.110164 0.000000 6.684931 0.308594
  179 4.447221 -154.926050 0.696289 1.020039 0.000000 7.660105 0.261719
  180 3.865805 -135.822289 0.689453 0.713182 0.000000 7.397911 0.281250
  181 4.500000 -140.080530 0.666992 0.780950 0.000000 8.128369 0.242188
  182 4.336537 -165.332410 0.601562 1.195580 0.000000 8.392157 0.234375
  183 4.669642 -140.467721 0.634766 1.394957 0.000000 8.399059 0.227539
  184 4.362084 -146.294816 0.582031 0.841686 0.000000 8.380871 0.223633
  185 3.725259 -107.279563 0.673828 1.325646 0.000000 6.948999 0.279297
  186 6.412488 -163.887896 0.563477 0.938313 0.000000 8.991270 0.232422
  187 6.449806 -173.642370 0.595703 1.432506 0.000000 11.232657 0.190430
  188 6.826419 -177.669613 0.570312 1.142399 0.000000 10.791192 0.180664
  189 6.003332 -182.431982 0.568359 0.948993 0.000000 10.420321 0.174805
  190 6.251400 -174.850062 0.592773 0.606886 0.000000 10.913697 0.195312
  191 6.029925 -151.992571 0.519531 1.028990 0.000000 10.399149 0.164062
  192 5.813777 -165.500173 0.550781 0.887816 0.000000 9.759061 0.188477
  193 6.013319 -152.048895 0.535156 1.425084 0.000000 11.054656 0.157227
  194 6.412488 -163.604030 0.563477 0.966272 0.000000 10.307149 0.207031
  195 6.627217 -166.683395 0.572266 1.384265 0.000000 10.333304 0.189453
  196 6.280127 -163.667147 0.543945 0.671873 0.000000 11.096650 0.167969
  197 6.403124 -159.134643 0.564453 0.890367 0.000000 10.912576 0.198242
  198 6.627217 -168.435178 0.593750 1.029030 0.000000 10.595024 0.189453
  199 5.803447 -174.870834 0.514648 0.974884 0.000000 11.456888 0.167969
  200 6.212890 -153.905499 0.504883 1.336607 0.000000 11.686808 0.159180
  201 5.261179 -156.798338 0.580078 0.916860 0.000000 8.770530 0.230469
  202 5.656854 -157.713902 0.475586 0.847969 0.000000 11.341181 0.160156
  203 6.212890 -156.265583 0.509766 0.507169 0.000000 10.221571 0.212891
  204 6.251400 -175.584232 0.604492 0.883374 0.000000 10.672512 0.207031
  205 5.531727 -155.407167 0.571289 1.143035 0.000000 10.861450 0.190430
  206 6.251400 -178.575396 0.550781 1.161056 0.000000 10.707080 0.183594
  207 6.648308 -182.276627 0.532227 1.062415 0.000000 11.220997 0.161133
  208 6.675328 -184.623940 0.572266 1.421178 0.000000 11.706898 0.129883
  209 6.428063 -160.273766 0.587891 1.333899 0.000000 11.164421 0.158203
  210 6.412488 -169.274572 0.571289 1.130357 0.000000 10.424947 0.169922
  211 6.627217 -169.494001 0.582031 1.317467 0.000000 11.169138 0.156250
  212 6.428063 -169.319293 0.508789 1.385826 0.000000 10.825416 0.168945
  213 7.025667 -188.232415 0.560547 0.894356 0.000000 10.397925 0.164062
  214 6.477654 -179.800775 0.560547 1.194470 0.000000 10.890484 0.178711
  215 6.251400 -190.463728 0.607422 0.812878 0.000000 11.374386 0.153320
  216 5.854912 -176.471274 0.592773 1.097365 0.000000 11.310559 0.175781
  217 6.412488 -170.997511 0.499023 1.462389 0.000000 11.065232 0.168945
  218 6.013319 -141.804009 0.584961 1.026811 0.000000 9.327267 0.215820
  219 6.200000 -165.695738 0.528320 1.217647 0.000000 10.529080 0.176758
  220 6.203225 -156.043734 0.563477 0.858244 0.000000 9.888695 0.195312
  221 6.612110 -179.925819 0.561523 1.055528 0.000000 10.754157 0.165039
  222 6.200000 -181.187673 0.555664 0.944460 0.000000 10.202975 0.188477
  223 6.315061 -165.892219 0.517578 1.179680 0.000000 10.698306 0.169922
  224 6.873136 -180.814485 0.585938 1.339537 0.000000 10.462475 0.187500
  225 6.675328 -177.868421 0.525391 0.689522 0.000000 11.106822 0.166016
  226 5.398045 -159.675730 0.497070 0.936647 0.000000 11.756961 0.182617
  227 5.209500 -170.700285 0.529297 1.230357 0.000000 11.031101 0.173828
  228 6.603030 -142.690054 0.601562 1.345818 0.000000 11.954507 0.183594
  229 6.203225 -176.923989 0.609375 1.174310 0.000000 11.988397 0.182617
  230 5.356720 -164.709866 0.518555 0.847372 0.000000 11.351685 0.193359
  231 6.612110 -179.214793 0.466797 1.005188 0.000000 11.652351 0.155273
  232 8.265138 -166.423855 0.523438 1.008802 0.000000 11.944609 0.155273
  233 6.648308 -171.541862 0.525391 1.095061 0.000000 12.332747 0.149414
  234 6.200000 -177.450396 0.552734 1.333068 0.000000 11.287485 0.163086
  235 6.203225 -164.575285 0.484375 1.501256 0.000000 12.196430 0.159180
  236 5.813777 -155.464509 0.545898 1.534068 0.000000 12.142616 0.161133
  237 5.209500 -139.153198 0.555664 0.942484 0.000000 10.658358 0.189453
  238 6.449806 -188.380365 0.533203 1.115123 0.000000 11.054953 0.172852
  239 6.873136 -186.251887 0.529297 1.349889 0.000000 12.204825 0.141602
  240 6.400000 -185.043199 0.487305 1.375475 0.000000 11.952559 0.169922
  241 5.433231 -172.887228 0.480469 1.138407 0.000000 11.522725 0.169922
  242 4.879094 -177.737321 0.511719 0.684737 0.000000 10.847173 0.159180
  243 6.003332 -175.833841 0.443359 1.386317 0.000000 11.009369 0.152344
  244 6.200000 -151.029919 0.491211 1.123395 0.000000 11.015046 0.152344
  245 6.212890 -182.104340 0.571289 1.106076 0.000000 11.291779 0.166992
  246 5.885576 -164.124616 0.597656 0.889575 0.000000 10.370862 0.190430
  247 6.029925 -180.155753 0.582031 0.827716 0.000000 11.141785 0.182617
  248 5.632051 -176.429601 0.503906 0.798525 0.000000 11.125904 0.154297
  249 8.344160 -172.015426 0.533203 1.238170 0.000000 10.897542 0.192383
  250 7.504166 -161.006904 0.552734 1.173672 0.000000 10.730590 0.192383
  251 8.806957 -175.009102 0.545898 1.227746 0.000000 11.787826 0.179688
  252 6.811755 -172.648569 0.541992 1.346107 0.000000 12.492584 0.155273
  253 6.403124 -187.672967 0.583984 1.234272 0.000000 12.240977 0.149414
  254 6.280127 -186.622289 0.549805 1.246373 0.000000 11.977057 0.171875
  255 6.449806 -181.801310 0.573242 1.198717 0.000000 11.649664 0.146484
  256 8.265138 -171.831613 0.545898 0.594465 0.000000 10.831786 0.193359
  257 6.251400 -160.871843 0.538086 0.578548 0.000000 11.188223 0.181641
  258 8.558621 -167.704302 0.500000 0.804149 0.000000 11.497635 0.168945
  259 6.846897 -183.932151 0.533203 1.330943 0.000000 11.492649 0.166016
  260 8.503676 -176.569493 0.448242 1.176525 0.000000 11.875572 0.172852
  261 8.782084 -178.125572 0.580078 0.828442 0.000000 9.921403 0.195312
  262 7.224957 -172.306026 0.549805 0.860277 0.000000 11.623749 0.159180
  263 6.612110 -190.435585 0.580078 0.995543 0.000000 10.462130 0.172852
  264 6.428063 -169.650410 0.478516 0.726662 0.000000 11.374594 0.157227
  265 6.212890 -161.848725 0.568359 1.098271 0.000000 9.723292 0.211914
  266 6.280127 -177.412562 0.547852 1.302428 0.000000 10.708647 0.188477
  267 5.813777 -187.776736 0.525391 1.177099 0.000000 11.644360 0.168945
  268 6.449806 -181.437673 0.496094 1.015685 0.000000 12.006018 0.169922
  269 6.648308 -163.930427 0.513672 1.006725 0.000000 10.844480 0.169922
  270 6.280127 -161.660783 0.551758 1.322154 0.000000 11.180459 0.173828
  271 6.280127 -185.812673 0.490234 1.045964 0.000000 12.571051 0.154297
  272 6.212890 -160.225619 0.525391 1.571178 0.000000 11.591536 0.164062
  273 6.648308 -159.799015 0.599609 0.988244 0.000000 10.510095 0.178711
  274 6.029925 -178.171007 0.537109 0.816644 0.000000 10.788695 0.157227
  275 6.251400 -173.068443 0.592773 0.848922 0.000000 10.288165 0.197266
  276 5.830952 -161.950436 0.527344 1.020989 0.000000 11.426896 0.157227
  277 6.212890 -176.544070 0.516602 0.893829 0.000000 10.587371 0.189453
  278 6.403124 -173.832904 0.549805 1.064304 0.000000 10.440875 0.199219
  279 6.053098 -169.184944 0.593750 0.690493 0.000000 9.693546 0.202148
  280 5.885576 -176.302443 0.589844 1.251971 0.000000 11.208947 0.155273
  281 6.428063 -177.220000 0.595703 1.051062 0.000000 10.568399 0.175781
  282 6.811755 -167.116329 0.571289 1.036376 0.000000 11.183236 0.160156
  283 6.200000 -190.270697 0.571289 0.908847 0.000000 11.510419 0.167969
  284 6.648308 -180.351577 0.513672 1.235219 0.000000 12.015838 0.161133
  285 9.552487 -199.218618 0.541016 1.098326 0.000000 11.842000 0.153320
  286 7.071068 -185.790073 0.567383 0.848442 0.000000 11.803527 0.173828
  287 9.581884 -191.214927 0.492188 1.297545 0.000000 11.387858 0.156250
  288 9.280356 -160.963728 0.481445 1.178997 0.000000 11.770713 0.152344
  289 8.097067 -151.977459 0.623047 1.419029 0.000000 10.850130 0.177734
  290 8.385255 -155.068452 0.586914 0.839625 0.000000 10.605145 0.190430
  291 6.811755 -185.801629 0.527344 1.179262 0.000000 12.089582 0.156250
  292 8.503676 -165.042440 0.502930 0.621185 0.000000 12.424176 0.144531
  293 6.800000 -161.937225 0.524414 1.217332 0.000000 11.228024 0.159180
  294 6.212890 -150.833841 0.576172 1.287584 0.000000 9.942104 0.187500
  295 7.786206 -157.161106 0.622070 0.787292 0.000000 10.079638 0.203125
  296 5.356720 -167.566742 0.593750 1.283482 0.000000 10.761134 0.166992
  297 6.412488 -162.580060 0.641602 1.487584 0.000000 11.228049 0.197266
  298 6.811755 -172.746268 0.578125 1.090514 0.000000 11.741599 0.168945
  299 6.003332 -177.209617 0.537109 0.806946 0.000000 11.212235 0.174805
  300 5.011099 -159.195249 0.554688 1.031151 0.000000 10.772888 0.195312
  301 8.265138 -169.439614 0.618164 0.822822 0.000000 10.769674 0.190430
  302 6.612110 -156.633663 0.639648 0.481231 0.000000 11.637353 0.173828
  303 6.013319 -171.633879 0.583008 1.186936 0.000000 10.422959 0.180664
  304 6.251400 -164.998403 0.580078 0.925431 0.000000 11.868379 0.150391
  305 5.813777 -128.695738 0.539062 0.779251 0.000000 10.314854 0.189453
  306 5.215362 -135.561128 0.660156 0.895438 0.000000 10.409256 0.203125
  307 4.678556 -144.050464 0.666992 0.552250 0.000000 9.224613 0.241211
  308 6.003332 -149.331360 0.579102 0.770495 0.000000 10.449395 0.168945
  309 6.029925 -171.479094 0.650391 0.688224 0.000000 10.856671 0.192383
  310 6.200000 -146.178014 0.579102 0.493971 0.000000 9.571021 0.203125
  311 6.212890 -130.553894 0.590820 0.960420 0.000000 9.137005 0.213867
  312 6.228965 -172.471274 0.647461 0.561834 0.000000 8.806009 0.239258
  313 6.228965 -167.562064 0.541992 1.633873 0.000000 10.646935 0.171875
  314 6.212890 -164.882118 0.640625 1.314150 0.000000 10.604627 0.172852
  315 5.458938 -172.418383 0.600586 1.113298 0.000000 10.510566 0.197266
  316 5.632051 -154.447127 0.591797 0.842906 0.000000 10.593873 0.193359
  317 6.029925 -176.909900 0.618164 0.637093 0.000000 10.128216 0.196289
  318 6.029925 -157.069738 0.591797 0.939321 0.000000 10.863871 0.183594
  319 6.403124 -169.128649 0.549805 1.192883 0.000000 11.783399 0.160156
  320 5.177408 -138.791519 0.555664 0.550656 0.000000 10.617354 0.200195
  321 5.011099 -124.896690 0.558594 1.399723 0.000000 8.971027 0.232422
  322 6.280127 -160.614206 0.674805 1.164333 0.000000 9.439888 0.205078
  323 6.449806 -156.334677 0.583008 1.037275 0.000000 11.650703 0.200195
  324 6.212890 -148.632977 0.545898 0.815199 0.000000 11.880010 0.158203
  325 6.013319 -146.913301 0.665039 0.880751 0.000000 9.620222 0.201172
  326 5.830952 -164.929737 0.662109 0.581676 0.000000 10.898561 0.190430
  327 5.803447 -173.759420 0.591797 1.026940 0.000000 11.642948 0.162109
  328 6.212890 -153.776135 0.588867 1.531529 0.000000 11.622916 0.167969
  329 5.813777 -171.706900 0.596680 0.779873 0.000000 10.798990 0.183594
  330 6.603030 -166.967085 0.637695 0.831830 0.000000 10.268876 0.183594
  331 6.449806 -168.029919 0.541016 1.056114 0.000000 11.476176 0.163086
  332 6.251400 -162.380831 0.552734 1.195934 0.000000 12.124324 0.162109
  333 6.648308 -159.228850 0.612305 1.030162 0.000000 10.598446 0.179688
  334 4.295228 -153.500173 0.633789 0.986350 0.000000 10.718107 0.180664
  335 6.000000 -150.871843 0.677734 0.771285 0.000000 8.948875 0.228516
  336 5.813777 -162.405927 0.562500 1.291466 0.000000 9.929960 0.218750
  337 6.280127 -156.593941 0.584961 0.854460 0.000000 10.566429 0.211914
  338 6.212890 -168.104340 0.603516 1.428209 0.000000 11.935447 0.159180
  339 6.600000 -175.415392 0.651367 0.760757 0.000000 11.501903 0.173828
  340 5.632051 -159.335978 0.575195 1.517857 0.000000 10.818564 0.166016
  341 5.803447 -162.159586 0.518555 0.850400 0.000000 10.684120 0.180664
  342 5.632051 -145.300508 0.518555 1.101256 0.000000 10.711157 0.191406
  343 6.428063 -172.912586 0.548828 1.163694 0.000000 11.107199 0.171875
  344 6.013319 -162.651649 0.596680 1.248793 0.000000 10.285071 0.201172
  345 5.656854 -147.887847 0.496094 0.448477 0.000000 11.060921 0.161133
  346 6.013319 -166.247066 0.445312 1.377818 0.000000 12.240298 0.144531
  347 4.179979 -133.178137 0.557617 0.434950 0.000000 9.374774 0.210938
  348 5.885576 -138.048518 0.561523 0.773950 0.000000 8.356805 0.236328
  349 4.714045 -120.813230 0.500000 1.388365 0.000000 9.355947 0.190430
  350 5.015974 -114.039570 0.531250 0.825518 0.000000 8.157082 0.281250
  351 3.597051 -136.098870 0.589844 0.844415 0.000000 6.561941 0.298828
  352 3.155817 -113.972344 0.601562 1.038424 0.000000 6.974191 0.281250
  353 3.224903 -120.768244 0.631836 0.760000 0.000000 6.502602 0.294922
  354 3.440456 -103.833900 0.615234 0.805819 0.000000 6.019016 0.327148
  355 3.635932 -127.793606 0.545898 1.681832 0.000000 7.878445 0.222656
  356 3.288818 -124.450206 0.614258 1.250428 0.000000 7.308846 0.275391
  357 3.726780 -103.412896 0.652344 0.979500 0.000000 6.112117 0.316406
  358 4.055175 -132.477335 0.614258 0.624222 0.000000 5.902667 0.327148
  359 3.616854 -130.725285 0.530273 1.243545 0.000000 7.504596 0.253906
  360 3.440456 -118.203213 0.662109 0.902580 0.000000 6.492034 0.276367
  361 3.288818 -115.454839 0.561523 1.192785 0.000000 6.625994 0.278320
  362 4.022894 -97.816513 0.697266 1.192496 0.000000 6.304516 0.298828
  363 3.616854 -119.943467 0.639648 1.364694 0.000000 6.947220 0.255859
  364 3.717032 -123.599868 0.492188 1.073904 0.000000 8.110234 0.251953
  365 4.549115 -151.079563 0.477539 1.248326 0.000000 9.002718 0.209961
  366 4.164966 -118.303412 0.652344 1.083292 0.000000 8.758380 0.209961
  367 4.549115 -149.636143 0.626953 0.972903 0.000000 8.367072 0.239258
  368 4.090806 -153.753571 0.563477 0.929315 0.000000 8.360282 0.247070
  369 5.024938 -128.467442 0.596680 0.972842 0.000000 8.737669 0.211914
  370 6.029925 -113.108604 0.653320 0.866380 0.000000 8.231416 0.230469
  371 5.854912 -144.011444 0.556641 1.328435 0.000000 10.198283 0.199219
  372 6.675328 -177.790614 0.557617 1.395982 0.000000 10.485480 0.193359
  373 7.025667 -155.908958 0.553711 0.918592 0.000000 10.458592 0.178711
  374 6.873136 -189.705566 0.491211 1.482310 0.000000 12.578071 0.130859
  375 8.591420 -167.542308 0.609375 0.857919 0.000000 11.481459 0.184570
  376 7.850159 -164.393021 0.478516 0.903696 0.000000 12.105782 0.159180
  377 7.045566 -141.626079 0.588867 0.971034 0.000000 12.038697 0.182617
  378 5.562773 -148.788119 0.754883 0.616770 0.000000 9.982110 0.208984
  379 4.879094 -132.924632 0.639648 0.932349 0.000000 8.950317 0.205078
  380 4.714045 -156.579692 0.565430 1.075504 0.000000 8.368725 0.230469
  381 4.740488 -151.980457 0.598633 0.914764 0.000000 8.605077 0.213867
  382 4.714045 -150.153786 0.570312 1.133263 0.000000 8.857870 0.218750
  383 5.262551 -152.438230 0.616211 1.448620 0.000000 9.285403 0.208984
  384 4.609772 -156.069792 0.541016 0.856588 0.000000 8.765485 0.191406
  385 4.935698 -143.950396 0.521484 1.049719 0.000000 9.557946 0.200195
  386 4.904646 -134.889744 0.537109 1.278209 0.000000 9.368355 0.166992
  387 3.922723 -135.016729 0.608398 0.655944 0.000000 8.904840 0.220703
  388 5.727128 -146.616041 0.541992 1.411217 0.000000 8.395142 0.213867
  389 4.859127 -132.166742 0.661133 0.856099 0.000000 8.457695 0.242188
  390 4.772607 -138.964670 0.625977 0.827723 0.000000 9.295074 0.200195
  391 4.879094 -146.837673 0.620117 0.545670 0.000000 8.515947 0.237305
  392 5.209500 -115.378850 0.593750 1.019600 0.000000 8.809658 0.199219
  393 5.854912 -129.729117 0.546875 1.114881 0.000000 8.121917 0.246094
  394 4.412734 -142.717623 0.572266 0.877414 0.000000 8.240850 0.230469
  395 3.635932 -126.513698 0.701172 1.085342 0.000000 8.086998 0.272461
  396 3.757985 -131.788119 0.617188 0.962359 0.000000 7.487499 0.311523
  397 3.190611 -116.172734 0.624023 1.244121 0.000000 6.578953 0.300781
  398 3.717032 -126.080583 0.521484 1.483287 0.000000 7.074564 0.260742
  399 3.440456 -111.833841 0.655273 1.412053 0.000000 6.554182 0.287109
  400 3.455253 -116.090006 0.605469 1.148456 0.000000 6.297501 0.303711
  401 3.313547 -122.061134 0.610352 1.251550 0.000000 6.972732 0.268555
  402 4.067006 -119.366245 0.589844 1.077167 0.000000 6.756932 0.303711
  403 4.412734 -111.536351 0.647461 0.806954 0.000000 6.630344 0.294922
  404 4.549115 -150.220561 0.580078 0.673594 0.000000 7.958482 0.253906
  405 4.904646 -146.571186 0.571289 1.101503 0.000000 8.694468 0.215820
  406 5.374838 -147.724505 0.636719 1.374552 0.000000 9.892305 0.209961
  407 5.209500 -149.537406 0.662109 0.802559 0.000000 8.015452 0.231445
  408 4.609772 -125.963989 0.568359 0.877177 0.000000 8.901549 0.225586
  409 5.656854 -127.633841 0.610352 1.079529 0.000000 7.407485 0.270508
  410 4.203983 -141.131736 0.659180 1.228040 0.000000 7.826975 0.230469
  411 5.209500 -138.872632 0.735352 1.066131 0.000000 8.032068 0.236328
  412 4.879094 -146.104340 0.576172 1.117526 0.000000 8.796247 0.202148
  413 4.693376 -150.795178 0.438477 1.033266 0.000000 8.516527 0.213867
  414 4.249183 -141.892219 0.597656 1.062560 0.000000 8.789201 0.204102
  415 4.879094 -154.844453 0.535156 0.824743 0.000000 8.628393 0.205078
  416 4.249183 -151.407905 0.543945 0.902818 0.000000 8.713365 0.230469
  417 4.179979 -153.504124 0.532227 1.075971 0.000000 8.708688 0.228516
  418 4.576510 -136.324746 0.456055 1.089127 0.000000 9.158485 0.212891
  419 4.512329 -143.670112 0.540039 0.903404 0.000000 8.535309 0.231445
  420 4.859127 -144.428733 0.507812 0.873898 0.000000 9.404079 0.224609
  421 4.549115 -143.560480 0.470703 0.700508 0.000000 8.487379 0.239258
  422 4.879094 -148.696675 0.524414 1.452037 0.000000 8.724759 0.201172
  423 4.196559 -144.798610 0.523438 0.764107 0.000000 8.575630 0.242188
  424 4.669642 -121.197955 0.476562 0.939751 0.000000 8.263337 0.238281
  425 5.011099 -136.018318 0.484375 0.847922 0.000000 8.592889 0.230469
  426 4.040610 -144.265316 0.510742 0.800767 0.000000 8.426679 0.233398
  427 4.323642 -150.405269 0.488281 0.863860 0.000000 8.753310 0.224609
  428 4.527693 -158.080530 0.620117 0.942249 0.000000 8.913788 0.229492
  429 4.693376 -130.304340 0.597656 1.013536 0.000000 9.074826 0.208984
  430 4.166667 -140.407024 0.560547 1.200134 0.000000 8.434618 0.233398
  431 4.384315 -144.245230 0.579102 0.983132 0.000000 8.326376 0.238281
  432 4.040610 -133.760254 0.552734 1.077561 0.000000 9.415808 0.204102
  433 4.740488 -153.471327 0.640625 1.033514 0.000000 8.536878 0.230469
  434 4.669642 -150.893814 0.585938 0.753377 0.000000 8.438163 0.253906
  435 3.782344 -135.613220 0.507812 1.394225 0.000000 8.414985 0.231445
  436 3.582839 -112.214500 0.536133 0.815889 0.000000 8.178835 0.254883
  437 4.055175 -151.325285 0.516602 1.013662 0.000000 8.983099 0.239258
  438 4.268046 -115.889814 0.441406 1.424673 0.000000 8.995729 0.200195
  439 4.678556 -138.994654 0.515625 1.158166 0.000000 8.459640 0.234375
  440 4.370588 -138.226176 0.519531 1.239347 0.000000 8.594457 0.225586
  441 4.063275 -141.069279 0.484375 1.735045 0.000000 8.917998 0.191406
  442 4.362084 -140.536871 0.562500 1.010219 0.000000 8.718090 0.228516
  443 4.549115 -130.866283 0.637695 0.471704 0.000000 8.202382 0.248047
  444 4.879094 -144.691911 0.569336 0.753992 0.000000 9.221591 0.221680
  445 4.384315 -148.613759 0.574219 1.015719 0.000000 8.685076 0.226562
  446 4.512329 -134.127328 0.490234 0.831099 0.000000 8.907630 0.222656
  447 4.412734 -143.397059 0.497070 0.730321 0.000000 9.271027 0.225586
  448 4.169999 -136.341773 0.556641 1.003546 0.000000 8.066216 0.256836
  449 4.503085 -133.299742 0.451172 1.163879 0.000000 8.938589 0.224609
  450 4.196559 -126.207905 0.530273 0.798826 0.000000 8.188169 0.236328
  451 3.859787 -141.857650 0.619141 0.885465 0.000000 7.909356 0.262695
  452 3.922723 -143.870039 0.615234 1.021549 0.000000 8.522317 0.241211
  453 4.249183 -121.078844 0.611328 0.947329 0.000000 7.854955 0.271484
  454 3.880879 -118.739078 0.553711 0.864496 0.000000 7.123547 0.301758
  455 3.899241 -126.411203 0.689453 0.693012 0.000000 6.989973 0.285156
  456 4.904646 -143.938565 0.602539 0.898931 0.000000 8.082691 0.264648
  457 4.879094 -142.317275 0.638672 1.081780 0.000000 7.643311 0.260742
  458 5.099020 -140.423584 0.658203 0.833721 0.000000 8.678464 0.230469
  459 4.346135 -142.723388 0.516602 1.252770 0.000000 9.110579 0.200195
  460 4.740488 -147.342234 0.494141 1.024621 0.000000 9.319092 0.200195
  461 3.922723 -136.947107 0.635742 1.062501 0.000000 7.210690 0.266602
  462 3.455253 -114.463269 0.633789 1.028773 0.000000 6.201109 0.323242
  463 3.725259 -114.651959 0.654297 1.226232 0.000000 6.694955 0.262695
  464 2.919431 -109.591862 0.640625 1.001650 0.000000 6.581538 0.300781
  465 3.616854 -134.723388 0.565430 1.112964 0.000000 6.418858 0.287109
  466 3.298113 -122.687228 0.640625 0.945830 0.000000 6.774177 0.302734
  467 3.582839 -104.665005 0.634766 0.873345 0.000000 6.949929 0.316406
  468 3.023347 -116.599440 0.641602 1.068792 0.000000 5.968213 0.326172
  469 3.502186 -135.324466 0.540039 1.097671 0.000000 7.048279 0.261719
  470 4.022894 -113.788550 0.740234 0.997059 0.000000 6.311767 0.322266
  471 4.609772 -132.891567 0.712891 0.888680 0.000000 6.683703 0.283203
  472 3.725259 -136.053766 0.605469 0.845013 0.000000 6.051495 0.290039
  473 3.466987 -123.424136 0.538086 1.382091 0.000000 6.887488 0.259766
  474 3.574285 -118.203003 0.593750 1.105361 0.000000 7.001259 0.263672
  475 3.498571 -128.495516 0.543945 0.903633 0.000000 7.353835 0.281250
  476 3.190611 -104.004707 0.583984 1.099045 0.000000 6.329337 0.305664
  477 3.498571 -124.975602 0.609375 0.803045 0.000000 6.294664 0.304688
  478 3.362458 -126.572284 0.607422 1.321895 0.000000 7.116073 0.262695
  479 4.196559 -105.908707 0.673828 0.878975 0.000000 6.817426 0.271484
  480 3.498571 -116.868580 0.618164 0.770391 0.000000 6.535687 0.291016
  481 3.224903 -124.771007 0.538086 1.009224 0.000000 7.241907 0.274414
  482 3.642157 -98.226607 0.662109 0.987180 0.000000 7.127917 0.272461
  483 3.738929 -129.545160 0.603516 1.067937 0.000000 7.480259 0.274414
  484 3.725259 -142.798338 0.501953 1.575084 0.000000 9.174841 0.217773
  485 4.196559 -145.511747 0.531250 1.149332 0.000000 9.082145 0.196289
  486 4.249183 -121.315579 0.497070 0.671480 0.000000 8.539590 0.213867
  487 4.678556 -124.566706 0.536133 0.852754 0.000000 8.314771 0.239258
  488 4.527693 -139.136525 0.566406 0.823708 0.000000 7.731112 0.263672
  489 4.527693 -148.272437 0.539062 1.033733 0.000000 8.007355 0.264648
  490 4.904646 -132.971351 0.532227 0.870663 0.000000 9.145755 0.217773
  491 4.284987 -159.205308 0.560547 1.077231 0.000000 9.191554 0.222656
  492 4.384315 -145.759955 0.493164 0.936626 0.000000 9.077794 0.218750
  493 4.362084 -142.058363 0.607422 0.908289 0.000000 8.513890 0.228516
  494 4.527693 -131.385042 0.490234 0.550387 0.000000 8.036468 0.238281
  495 4.384315 -126.354455 0.589844 0.916667 0.000000 7.763413 0.250977
  496 4.196559 -146.204607 0.545898 1.115889 0.000000 8.041674 0.242188
  497 4.344830 -134.287393 0.539062 0.651526 0.000000 9.104177 0.201172
  498 4.904646 -149.795784 0.643555 1.167271 0.000000 7.939337 0.243164
  499 4.740488 -148.767174 0.552734 1.081937 0.000000 9.495652 0.190430
  500 4.219663 -137.447566 0.503906 0.867368 0.000000 9.205033 0.210938
  501 4.203983 -123.175378 0.580078 0.914912 0.000000 8.067049 0.252930
  502 4.935698 -157.404886 0.619141 0.905231 0.000000 8.498595 0.216797
  503 3.555366 -109.255855 0.613281 1.436388 0.000000 8.824893 0.207031
  504 6.511528 -157.649132 0.644531 0.880166 0.000000 9.208269 0.203125
  505 4.935698 -154.411657 0.590820 0.870594 0.000000 8.994262 0.201172
  506 5.233439 -158.209617 0.565430 0.964758 0.000000 8.611756 0.210938
  507 5.830952 -133.232415 0.552734 1.350207 0.000000 8.688375 0.213867
  508 5.068969 -143.650788 0.613281 0.790512 0.000000 8.764354 0.215820
  509 6.648308 -173.873347 0.530273 0.982604 0.000000 8.666460 0.239258
  510 6.412488 -178.124951 0.503906 1.069280 0.000000 10.714166 0.172852
  511 6.648308 -169.952290 0.501953 1.056531 0.000000 11.519739 0.156250
  512 6.251400 -161.397511 0.569336 1.403722 0.000000 10.896564 0.169922
  513 5.854912 -165.701421 0.513672 1.184191 0.000000 11.351947 0.160156
  514 6.428063 -155.787090 0.539062 0.875866 0.000000 10.940169 0.183594
  515 5.813777 -165.885123 0.526367 0.985868 0.000000 11.748029 0.159180
  516 5.813777 -136.559359 0.486328 0.848954 0.000000 10.121888 0.211914
  517 6.400000 -162.606904 0.543945 1.297013 0.000000 11.459505 0.193359
  518 5.656854 -153.206444 0.424805 1.258125 0.000000 12.188566 0.134766
  519 5.830952 -150.857998 0.502930 0.994235 0.000000 11.629179 0.178711
  520 6.212890 -166.313230 0.546875 1.337389 0.000000 11.365778 0.171875
  521 6.477654 -168.223078 0.504883 1.187193 0.000000 11.382066 0.169922
  522 6.648308 -156.041703 0.620117 0.978269 0.000000 9.943530 0.205078
  523 6.648308 -167.190258 0.475586 1.028479 0.000000 10.888963 0.159180
  524 6.648308 -178.668568 0.536133 0.741376 0.000000 11.212522 0.192383
  525 5.688585 -145.595784 0.541992 1.164665 0.000000 10.783933 0.176758
  526 5.000000 -146.618664 0.551758 0.894095 0.000000 9.801375 0.215820
  527 6.603030 -176.248190 0.547852 0.819721 0.000000 12.199089 0.178711
  528 5.632051 -177.225062 0.556641 0.934319 0.000000 10.949048 0.166992
  529 6.003332 -154.194714 0.602539 0.720187 0.000000 10.608589 0.182617
  530 4.740488 -128.842445 0.571289 0.943908 0.000000 10.699598 0.194336
  531 6.212890 -169.363618 0.577148 0.994861 0.000000 10.681889 0.200195
  532 6.203225 -176.277666 0.581055 0.847752 0.000000 11.107896 0.159180
  533 6.212890 -151.875730 0.509766 1.336217 0.000000 10.946764 0.167969
  534 5.830952 -161.062451 0.569336 1.211274 0.000000 11.278647 0.168945
  535 6.003332 -175.312451 0.536133 0.939029 0.000000 10.464894 0.185547
  536 5.333333 -170.175216 0.554688 1.091105 0.000000 11.867857 0.173828
  537 5.803447 -149.289939 0.448242 0.987325 0.000000 10.288788 0.178711
  538 5.614268 -175.567743 0.581055 1.061172 0.000000 10.413498 0.184570
  539 5.688585 -183.923832 0.486328 1.088272 0.000000 11.142821 0.174805
  540 5.813777 -179.077412 0.542969 0.589781 0.000000 10.442418 0.194336
  541 5.398045 -150.588119 0.609375 0.818343 0.000000 10.098380 0.218750
  542 6.511528 -180.435178 0.564453 1.388061 0.000000 11.836355 0.150391
  543 6.403124 -177.048475 0.530273 0.853919 0.000000 10.398393 0.176758
  544 6.280127 -168.998636 0.555664 1.677428 0.000000 10.780882 0.188477
  545 5.830952 -170.350062 0.516602 0.846717 0.000000 10.554857 0.194336
  546 5.813777 -165.188119 0.500000 1.322935 0.000000 12.060312 0.163086
  547 6.013319 -174.705204 0.517578 1.001256 0.000000 11.107604 0.173828
  548 5.632051 -167.837673 0.517578 1.232115 0.000000 10.841327 0.152344
  549 5.491812 -156.132381 0.549805 1.267252 0.000000 10.829354 0.193359
  550 6.251400 -162.021704 0.555664 1.058389 0.000000 11.064604 0.180664
  551 6.400000 -158.799337 0.571289 0.974819 0.000000 13.242110 0.130859
  552 6.013319 -155.700396 0.562500 1.070129 0.000000 11.391781 0.157227
  553 5.603570 -171.077018 0.517578 0.973895 0.000000 10.578772 0.169922
  554 5.414795 -151.001189 0.602539 0.868312 0.000000 9.264322 0.212891
  555 6.029925 -171.136947 0.567383 1.048482 0.000000 9.842653 0.206055
  556 6.000000 -166.345331 0.558594 1.100597 0.000000 10.576902 0.169922
  557 6.600000 -174.131277 0.597656 1.091513 0.000000 9.760422 0.214844
  558 6.228965 -153.248190 0.539062 1.096691 0.000000 10.880712 0.176758
  559 6.212890 -170.574839 0.627930 0.652117 0.000000 9.945428 0.186523
  560 3.867710 -150.104340 0.585938 0.798976 0.000000 10.693112 0.176758
  561 5.614268 -157.640384 0.546875 0.778294 0.000000 9.615970 0.204102
  562 5.813777 -150.119293 0.605469 0.836671 0.000000 9.674428 0.214844
  563 4.384315 -159.325285 0.531250 0.772605 0.000000 8.583948 0.242188
  564 4.879094 -147.769073 0.578125 1.117150 0.000000 8.212644 0.247070
  565 4.714045 -153.550062 0.625000 1.315123 0.000000 8.305483 0.219727
  566 3.859787 -128.063981 0.613281 0.974450 0.000000 8.352854 0.247070
  567 4.503085 -153.590216 0.551758 1.276256 0.000000 8.768171 0.214844
  568 4.512329 -153.168244 0.608398 1.357120 0.000000 8.667005 0.208008
  569 4.362084 -164.776736 0.549805 1.012498 0.000000 8.421524 0.245117
  570 4.833333 -147.812127 0.598633 1.102753 0.000000 8.513807 0.250977
  571 5.614268 -143.553894 0.601562 0.653337 0.000000 8.957831 0.196289
  572 5.600000 -146.645015 0.570312 0.784865 0.000000 8.471496 0.223633
  573 5.000000 -154.300882 0.593750 0.889817 0.000000 8.987651 0.199219
  574 4.362084 -141.753856 0.667969 1.302407 0.000000 8.891746 0.224609
  575 4.169999 -144.307309 0.569336 0.844733 0.000000 8.720359 0.232422
  576 4.576510 -166.602202 0.622070 1.069235 0.000000 8.028455 0.253906
  577 4.549115 -157.188119 0.599609 1.398302 0.000000 8.305022 0.229492
  578 4.714045 -163.950062 0.645508 1.422204 0.000000 8.846026 0.211914
  579 4.549115 -152.262774 0.572266 0.821214 0.000000 8.764948 0.220703
  580 5.491812 -156.211867 0.659180 0.522955 0.000000 8.390601 0.208008
  581 4.152698 -139.079563 0.549805 0.851081 0.000000 8.119798 0.244141
  582 5.522681 -121.975917 0.740234 1.140102 0.000000 6.630418 0.284180
  583 3.757985 -140.535178 0.619141 1.231897 0.000000 7.510293 0.254883
  584 3.642157 -132.108683 0.694336 0.928764 0.000000 6.222036 0.297852
  585 4.085884 -155.887228 0.672852 0.721660 0.000000 7.891912 0.254883
  586 4.179979 -142.495273 0.673828 0.938450 0.000000 7.845562 0.283203
  587 4.346135 -148.434376 0.613281 0.800815 0.000000 7.421811 0.278320
  588 4.179979 -152.210599 0.599609 0.801764 0.000000 8.791410 0.211914
  589 4.500000 -153.742758 0.619141 1.145787 0.000000 8.023886 0.234375
  590 3.616854 -150.817798 0.563477 1.008080 0.000000 8.602018 0.215820
  591 4.179979 -153.512896 0.508789 0.987161 0.000000 9.099573 0.217773
  592 4.503085 -132.272653 0.670898 1.503014 0.000000 8.652767 0.237305
  593 4.284987 -147.776370 0.544922 0.979587 0.000000 7.952286 0.263672
  594 4.226685 -149.461173 0.597656 1.451842 0.000000 8.678384 0.203125
  595 4.249183 -159.530085 0.626953 1.242785 0.000000 8.696003 0.206055
  596 4.055175 -134.090803 0.612305 0.880976 0.000000 7.630002 0.282227
  597 4.169999 -120.357650 0.672852 0.695034 0.000000 7.627444 0.261719
  598 3.642157 -127.691924 0.607422 1.000174 0.000000 7.381031 0.277344
  599 2.828427 -117.547507 0.658203 1.335669 0.000000 6.816059 0.281250
  600 3.455253 -135.241248 0.677734 0.909378 0.000000 6.524182 0.294922
  601 3.313547 -114.003411 0.702148 0.982069 0.000000 6.745436 0.314453
  602 4.219663 -151.151959 0.707031 0.679324 0.000000 7.730667 0.297852
  603 3.574285 -145.036378 0.530273 1.008678 0.000000 8.677878 0.198242
  604 4.384315 -137.590931 0.664062 0.513362 0.000000 7.728981 0.260742
  605 4.031129 -162.905617 0.545898 1.078653 0.000000 8.248328 0.229492
  606 4.346135 -131.633841 0.643555 1.163747 0.000000 8.289398 0.240234
  607 4.219663 -136.017627 0.567383 0.992183 0.000000 9.003904 0.227539
  608 4.196559 -141.324746 0.616211 0.980418 0.000000 8.756962 0.226562
  609 4.123106 -150.127840 0.633789 0.863763 0.000000 8.260416 0.219727
  610 4.384315 -166.776736 0.576172 0.972154 0.000000 7.977035 0.258789
  611 4.284987 -164.303830 0.608398 0.850286 0.000000 8.333992 0.257812
  612 4.512329 -143.191951 0.654297 0.669017 0.000000 8.466264 0.233398
  613 4.503085 -144.545209 0.612305 0.880325 0.000000 7.693105 0.268555
  614 3.361547 -136.936871 0.577148 1.307482 0.000000 8.913382 0.231445
  615 4.219663 -139.821071 0.563477 0.779048 0.000000 8.272099 0.254883
  616 4.249183 -145.848165 0.644531 0.922026 0.000000 8.165753 0.242188
  617 4.693376 -163.059305 0.539062 1.196266 0.000000 9.114986 0.199219
  618 4.512329 -136.466025 0.536133 1.653014 0.000000 8.936905 0.200195
  619 4.169999 -142.570899 0.564453 0.939420 0.000000 7.829315 0.251953
  620 4.362084 -161.258510 0.499023 1.165564 0.000000 8.947277 0.202148
  621 3.475864 -137.950953 0.687500 1.581529 0.000000 7.234874 0.270508
  622 3.642157 -138.720294 0.570312 1.215904 0.000000 6.928664 0.257812
  623 3.635932 -137.825285 0.614258 1.519225 0.000000 8.088673 0.234375
  624 3.313547 -145.302451 0.628906 0.714086 0.000000 6.735284 0.290039
  625 3.440456 -147.366296 0.626953 0.995196 0.000000 6.567678 0.295898
  626 3.162278 -106.899689 0.713867 1.146911 0.000000 6.045951 0.307617
  627 3.313547 -143.165285 0.801758 0.918905 0.000000 5.313827 0.354492
  628 4.179979 -122.133879 0.714844 0.752941 0.000000 6.901509 0.293945
  629 2.899353 -115.700508 0.727539 0.803963 0.000000 6.696322 0.293945
  630 3.836955 -122.094515 0.635742 1.145410 0.000000 6.442980 0.302734
  631 4.179979 -119.378456 0.780273 0.669508 0.000000 5.861626 0.346680
  632 3.890873 -160.076539 0.727539 0.718793 0.000000 7.287532 0.276367
  633 4.412734 -153.011079 0.629883 1.066378 0.000000 8.509011 0.220703
  634 4.179979 -139.420304 0.572266 0.997450 0.000000 8.219055 0.213867
  635 3.847799 -145.588030 0.684570 0.601628 0.000000 7.525922 0.272461
  636 4.904646 -162.930929 0.621094 0.943430 0.000000 8.861784 0.231445
  637 4.740488 -158.890338 0.589844 1.436276 0.000000 8.385737 0.237305
  638 3.714286 -145.907103 0.613281 0.991184 0.000000 7.885109 0.244141
  639 3.717032 -137.248612 0.683594 1.191100 0.000000 7.138846 0.263672
  640 3.597051 -130.134227 0.714844 0.895046 0.000000 6.845312 0.288086
  641 4.003471 -124.057039 0.732422 0.756821 0.000000 7.312882 0.285156
  642 3.717032 -133.049056 0.676758 1.167189 0.000000 5.935546 0.322266
  643 4.503085 -137.152871 0.625977 1.446110 0.000000 6.786404 0.282227
  644 5.398045 -164.512785 0.641602 0.943053 0.000000 8.183196 0.236328
  645 4.549115 -148.437673 0.590820 1.014077 0.000000 8.763298 0.219727
  646 4.003471 -141.789125 0.556641 0.991466 0.000000 9.235989 0.213867
  647 4.879094 -152.616071 0.684570 0.907556 0.000000 8.715728 0.231445
  648 4.384315 -159.185310 0.607422 0.810009 0.000000 9.054580 0.199219
  649 4.362084 -162.343467 0.630859 0.730933 0.000000 9.103427 0.223633
  650 4.040610 -142.320180 0.684570 0.944864 0.000000 7.982770 0.281250
  651 4.527693 -149.789090 0.632812 1.247496 0.000000 8.359494 0.244141
  652 4.169999 -137.930976 0.746094 0.940113 0.000000 8.050525 0.260742
  653 3.757985 -120.090016 0.759766 1.071938 0.000000 6.872288 0.297852
  654 3.335034 -146.390062 0.666016 1.064504 0.000000 6.891575 0.308594
  655 3.725259 -140.090016 0.682617 1.033754 0.000000 6.994544 0.269531
  656 3.313547 -128.801042 0.732422 0.916841 0.000000 6.336415 0.318359
  657 3.194383 -118.339634 0.688477 1.016978 0.000000 6.354630 0.325195
  658 3.520032 -138.104448 0.784180 1.070300 0.000000 6.914359 0.290039
  659 3.475864 -134.811600 0.695312 1.017259 0.000000 7.503549 0.253906
  660 2.919431 -127.155473 0.952148 1.004727 0.000000 6.528842 0.318359
  661 2.779999 -115.540356 0.852539 0.499066 0.000000 6.088984 0.343750
  662 3.725259 -141.683930 0.816406 0.880743 0.000000 6.969552 0.316406
  663 4.182080 -145.545624 0.747070 1.431336 0.000000 7.502920 0.267578
  664 3.597051 -112.143261 0.815430 1.128942 0.000000 6.624094 0.308594
  665 3.252403 -114.664088 0.740234 1.053928 0.000000 6.045358 0.313477
  666 3.298113 -114.434488 0.715820 0.946133 0.000000 6.556052 0.293945
  667 3.440456 -105.387228 0.896484 0.772663 0.000000 4.890870 0.416992
  668 2.799685 -122.390062 0.722656 0.990519 0.000000 5.602247 0.348633
  669 2.002498 -93.637673 0.916016 1.358019 0.000000 4.413955 0.403320
  670 2.828427 -136.217986 0.902344 0.824550 0.000000 4.914678 0.403320
  671 2.877716 -131.662451 0.723633 0.942023 0.000000 5.754284 0.311523
  672 2.636878 -127.701744 0.811523 0.727175 0.000000 5.167781 0.368164
  673 2.252370 -129.954558 0.789062 1.192546 0.000000 5.534641 0.352539
  674 2.687419 -125.837673 0.910156 0.983057 0.000000 5.565588 0.390625
  675 3.288818 -133.535623 0.751953 0.787873 0.000000 6.786428 0.293945
  676 3.859787 -135.171541 0.652344 1.204604 0.000000 6.733085 0.288086
  677 3.285714 -100.528582 0.678711 0.907514 0.000000 6.895488 0.267578
  678 2.773501 -111.415570 0.860352 0.881723 0.000000 5.394824 0.355469
  679 2.131004 -98.821407 0.879883 1.262857 0.000000 4.981037 0.378906
  680 2.000000 -75.445285 0.965820 0.995881 0.000000 3.958391 0.452148
  681 1.757886 -83.660044 0.917969 0.914491 0.000000 4.424337 0.402344
  682 2.100595 -82.766729 0.825195 1.029051 0.000000 4.393376 0.402344
  683 1.581139 -101.969937 1.057617 0.991418 0.000000 3.750036 0.463867
  684 1.162476 -96.892219 0.934570 1.165787 0.000000 3.511011 0.478516
  685 1.470217 -103.317770 1.101562 0.969399 0.000000 3.844533 0.488281
  686 2.368916 -115.613471 0.915039 0.657959 0.000000 4.580448 0.439453
  687 2.684377 -120.715512 0.850586 1.035541 0.000000 4.815125 0.375000
  688 2.578050 -115.129981 1.097656 0.930954 0.000000 4.114637 0.443359
  689 1.687602 -100.937673 1.146484 0.959592 0.000000 3.851627 0.478516
  690 1.906344 -91.041060 1.010742 0.802200 0.000000 3.694476 0.497070
  691 2.222222 -102.544394 0.985352 0.734250 0.000000 3.965551 0.449219
  692 2.446968 -109.933395 0.929688 1.023219 0.000000 5.360906 0.378906
  693 3.288818 -107.585356 0.871094 0.822339 0.000000 5.423717 0.363281
  694 2.342039 -116.343334 0.905273 0.953294 0.000000 5.013261 0.385742
  695 3.053937 -95.248362 0.966797 1.160999 0.000000 5.102344 0.387695
  696 2.252370 -79.992932 1.008789 1.062641 0.000000 4.352892 0.424805
  697 1.827250 -94.455649 1.112305 1.058939 0.000000 3.836301 0.492188
  698 2.109502 -70.437584 1.080078 1.013766 0.000000 3.548011 0.495117
  699 1.597412 -78.062911 1.162109 0.965578 0.000000 3.581134 0.501953
  700 1.824829 -97.169729 1.194336 1.261490 0.000000 3.424365 0.537109
  701 2.015186 -89.593063 0.999023 0.952659 0.000000 3.875154 0.469727
  702 2.264820 -109.890160 0.850586 1.007229 0.000000 4.155078 0.410156
  703 1.831876 -108.697210 0.925781 0.844380 0.000000 4.062831 0.441406
  704 2.918154 -123.144972 0.834961 1.189098 0.000000 4.990832 0.392578
  705 3.041381 -141.011559 0.817383 1.039224 0.000000 5.736227 0.336914
  706 2.942151 -128.141862 0.801758 1.228019 0.000000 6.096350 0.298828
  707 3.040606 -128.687673 0.785156 1.147375 0.000000 5.678656 0.340820
  708 2.467067 -109.363253 0.875000 1.261125 0.000000 4.612432 0.377930
  709 1.908455 -110.917174 0.916992 0.753809 0.000000 4.712802 0.388672
  710 3.362458 -109.767282 0.968750 0.876889 0.000000 4.579416 0.379883
  711 2.577203 -109.616194 0.937500 1.002449 0.000000 5.106242 0.411133
  712 2.444444 -121.604340 0.942383 0.872958 0.000000 4.917158 0.389648
  713 2.446968 -100.269738 0.751953 1.055337 0.000000 6.252764 0.315430
  714 3.017895 -142.117673 0.846680 0.696520 0.000000 5.617961 0.368164
  715 2.357023 -107.609387 0.775391 1.354747 0.000000 5.955382 0.351562
  716 3.088689 -98.113698 0.893555 1.087722 0.000000 6.268112 0.338867
  717 2.885849 -120.497916 0.861328 0.862790 0.000000 5.317677 0.380859
  718 2.512469 -106.782451 0.779297 1.059724 0.000000 5.498007 0.340820
  719 2.385856 -104.312005 0.769531 1.134583 0.000000 5.514320 0.320312
  720 1.564609 -100.096252 0.988281 0.764312 0.000000 3.941220 0.456055
  721 1.643390 -85.586609 0.984375 0.873032 0.000000 3.555019 0.442383
  722 1.612452 -98.575285 1.178711 1.126531 0.000000 3.650608 0.489258
  723 2.002498 -87.132896 1.106445 0.916368 0.000000 3.920899 0.459961
  724 2.557970 -90.683140 1.022461 0.815011 0.000000 3.813826 0.474609
  725 2.357023 -105.185100 0.961914 1.005535 0.000000 4.550613 0.408203
  726 1.913992 -102.782504 0.933594 1.027957 0.000000 5.043909 0.364258
  727 2.675910 -119.246101 0.963867 1.287295 0.000000 4.748851 0.408203
  728 3.064413 -92.615194 0.889648 1.088711 0.000000 5.485274 0.356445
  729 3.086795 -126.104251 0.741211 0.911958 0.000000 5.435450 0.334961
  730 3.171215 -136.477335 0.710938 1.350136 0.000000 6.489152 0.289062
  731 3.605551 -135.477335 0.830078 1.259343 0.000000 6.537786 0.289062
  732 5.727128 -107.145262 0.815430 1.079004 0.000000 5.890214 0.340820
  733 6.053098 -121.540538 0.783203 0.863061 0.000000 5.896321 0.329102
  734 4.081666 -131.321921 0.650391 1.405748 0.000000 7.182754 0.240234
  735 4.230598 -122.991951 0.761719 1.003893 0.000000 6.747206 0.285156
  736 4.249183 -126.814431 0.819336 1.010800 0.000000 6.199080 0.316406
  737 3.502186 -137.055855 0.707031 0.743474 0.000000 7.428364 0.291992
  738 3.738929 -151.482375 0.624023 0.884883 0.000000 7.331951 0.262695
  739 4.935698 -134.704921 0.660156 1.116350 0.000000 8.038711 0.259766
  740 4.249183 -151.286222 0.663086 0.920153 0.000000 8.137089 0.238281
  741 4.810290 -140.141816 0.587891 0.866428 0.000000 8.451444 0.235352
  742 4.384315 -157.501047 0.681641 0.863042 0.000000 8.199475 0.244141
  743 3.411836 -138.562451 0.767578 1.106095 0.000000 7.453465 0.281250
  744 3.475864 -92.561283 0.861328 1.290685 0.000000 6.239049 0.353516
  745 3.002057 -126.118388 0.873047 1.121086 0.000000 6.185626 0.334961
  746 3.328663 -140.745366 0.847656 1.200597 0.000000 7.977129 0.299805
  747 2.885849 -127.344070 0.834961 1.019748 0.000000 6.745179 0.315430
  748 2.798351 -105.966996 0.806641 0.928138 0.000000 6.659781 0.328125
  749 3.455253 -127.986979 0.906250 0.860437 0.000000 5.593416 0.385742
  750 3.298113 -123.210599 0.807617 0.887947 0.000000 5.678688 0.371094
  751 3.717032 -146.421490 0.779297 0.821549 0.000000 6.078926 0.319336
  752 4.013865 -108.196294 0.736328 0.818898 0.000000 7.311557 0.274414
  753 3.475864 -110.255722 0.670898 0.994182 0.000000 6.012858 0.319336
  754 3.616854 -131.771541 0.775391 0.928907 0.000000 6.589889 0.315430
  755 3.899241 -134.022382 0.822266 1.259654 0.000000 6.439926 0.315430
  756 3.466987 -97.847566 0.809570 0.795504 0.000000 5.697506 0.343750
  757 2.899353 -121.146268 0.938477 1.090904 0.000000 4.587082 0.419922
  758 2.134643 -86.294816 0.899414 0.848879 0.000000 4.551153 0.420898
  759 1.858883 -98.753519 0.891602 0.872877 0.000000 4.284817 0.415039
  760 1.592081 -93.233592 1.206055 0.734506 0.000000 3.495219 0.518555
  761 1.140175 -90.927469 1.166992 1.078147 0.000000 3.170029 0.546875
  762 1.445352 -98.929936 1.104492 0.877953 0.000000 2.819501 0.557617
  763 1.382666 -77.415852 1.241211 1.149071 0.000000 2.910596 0.571289
  764 1.325236 -71.423584 1.282227 0.774021 0.000000 2.893134 0.608398
  765 1.726746 -88.078672 1.156250 0.874025 0.000000 3.012035 0.577148
  766 1.969207 -76.571936 1.192383 1.014356 0.000000 3.052409 0.567383
  767 2.000000 -83.535623 1.238281 0.876818 0.000000 3.112911 0.529297
  768 1.785687 -94.646986 1.218750 0.842633 0.000000 2.852638 0.547852
  769 2.000000 -89.094529 1.015625 0.820241 0.000000 2.883326 0.531250
  770 1.773226 -107.126562 1.124023 0.846337 0.000000 2.822899 0.552734
  771 1.638480 -101.318765 1.154297 1.134101 0.000000 3.062357 0.502930
  772 1.700000 -110.780845 1.004883 0.944513 0.000000 2.909692 0.518555
  773 1.531013 -82.182707 1.059570 1.114432 0.000000 2.976518 0.546875
  774 2.246365 -87.319019 1.140625 1.170571 0.000000 3.127189 0.541016
  775 1.508948 -95.457954 1.126953 1.229358 0.000000 3.224024 0.518555
  776 1.535613 -85.514028 1.239258 0.862567 0.000000 3.235215 0.564453
  777 1.802776 -96.003123 1.157227 0.942526 0.000000 3.015835 0.531250
  778 1.644384 -99.957818 1.060547 0.842335 0.000000 3.098348 0.517578
  779 2.265470 -90.231154 1.121094 0.987871 0.000000 2.891971 0.567383
  780 1.851207 -104.614839 1.116211 1.106057 0.000000 2.904229 0.536133
  781 1.289349 -104.317244 1.126953 1.097847 0.000000 3.196379 0.504883
  782 1.323398 -70.870039 1.145508 0.969605 0.000000 3.096690 0.527344
  783 1.421510 -76.458656 1.134766 0.971242 0.000000 3.313489 0.521484
  784 1.544021 -82.617392 1.150391 0.964162 0.000000 3.122744 0.561523
  785 1.136962 -91.520275 1.191406 0.795804 0.000000 2.976880 0.582031
  786 1.140175 -90.099853 1.162109 0.983842 0.000000 3.191644 0.528320
  787 1.253860 -90.583841 1.265625 1.123606 0.000000 3.282994 0.540039
  788 1.132778 -71.176161 1.175781 0.986374 0.000000 3.072326 0.516602
  789 1.362047 -96.128544 1.156250 1.040410 0.000000 3.189845 0.537109
  790 1.808883 -82.620739 1.048828 0.858968 0.000000 3.588257 0.468750
  791 1.669397 -89.172874 1.040039 0.912100 0.000000 3.594525 0.474609
  792 3.000000 -90.765156 1.185547 0.966015 0.000000 3.639821 0.502930
  793 2.491449 -87.840265 0.945312 1.017788 0.000000 4.430693 0.430664
  794 3.142697 -96.138342 0.907227 0.975599 0.000000 4.953768 0.412109
  795 2.330814 -127.283827 0.833984 1.482091 0.000000 5.679512 0.322266
  796 3.186887 -129.395784 0.937500 0.980299 0.000000 5.371498 0.351562
  797 2.408319 -121.142473 0.967773 0.949868 0.000000 5.194814 0.366211
  798 3.313547 -125.264946 0.835938 0.920495 0.000000 5.344101 0.338867
  799 3.642157 -150.806987 0.743164 1.240031 0.000000 6.379538 0.312500
  800 3.725259 -147.895594 0.683594 0.926002 0.000000 6.817478 0.264648
  801 3.616854 -128.781425 0.682617 1.072675 0.000000 7.088809 0.251953
  802 3.911521 -154.272437 0.711914 0.916653 0.000000 6.562505 0.269531
  803 3.271563 -128.012896 0.704102 1.290101 0.000000 7.071567 0.254883
  804 2.773501 -119.214839 0.799805 1.088344 0.000000 6.244940 0.311523
  805 3.616854 -129.659896 0.796875 1.099818 0.000000 5.857791 0.336914
  806 3.502186 -124.590062 0.751953 0.926705 0.000000 6.179801 0.331055
  807 3.738929 -131.921490 0.795898 1.064100 0.000000 6.125111 0.312500
  808 3.757985 -140.288921 0.675781 1.042614 0.000000 7.298346 0.267578
  809 3.190611 -139.710062 0.733398 0.909927 0.000000 6.966461 0.289062
  810 3.502186 -136.545071 0.650391 0.869066 0.000000 6.434169 0.306641
  811 3.431546 -132.316996 0.719727 0.757043 0.000000 7.139421 0.276367
  812 3.597051 -131.090016 0.705078 1.240744 0.000000 7.320300 0.256836
  813 2.918154 -110.041447 0.764648 1.315489 0.000000 6.148422 0.317383
  814 2.209341 -104.668443 0.940430 0.955249 0.000000 5.345014 0.392578
  815 3.064413 -134.548119 0.870117 0.972457 0.000000 5.846900 0.367188
  816 2.942151 -130.581524 0.799805 0.776982 0.000000 6.151800 0.335938
  817 2.454525 -120.630062 0.765625 1.221618 0.000000 5.707210 0.327148
  818 3.571429 -132.326562 0.824219 1.237515 0.000000 5.999682 0.340820
  819 4.678556 -108.285730 0.691406 0.806173 0.000000 6.986820 0.281250
  820 3.023347 -137.041447 0.633789 1.463597 0.000000 7.289628 0.244141
  821 4.085884 -148.262451 0.566406 0.916743 0.000000 7.724081 0.253906
  822 4.179979 -152.022579 0.626953 0.878024 0.000000 8.143671 0.255859
  823 4.346135 -157.959955 0.645508 1.132312 0.000000 8.143061 0.240234
  824 4.549115 -167.455865 0.666992 0.824643 0.000000 7.820200 0.250000
  825 4.384315 -161.570359 0.583008 1.303515 0.000000 8.863243 0.193359
  826 4.576510 -154.074200 0.588867 1.305311 0.000000 8.898148 0.219727
  827 4.904646 -163.094863 0.672852 1.179459 0.000000 9.304654 0.219727
  828 4.836206 -151.854786 0.579102 1.229967 0.000000 8.746586 0.205078
  829 3.859787 -156.942721 0.566406 1.077210 0.000000 8.616359 0.208984
  830 4.013865 -136.098814 0.692383 0.830387 0.000000 8.058730 0.273438
  831 4.549115 -136.110999 0.716797 1.051166 0.000000 6.595617 0.321289
  832 3.582839 -122.600912 0.631836 1.255017 0.000000 6.666035 0.268555
  833 3.475864 -143.503092 0.800781 0.781197 0.000000 6.267915 0.339844
  834 3.455253 -119.441468 0.698242 1.080361 0.000000 7.214141 0.281250
  835 3.428571 -137.709900 0.781250 1.127371 0.000000 6.387700 0.311523
  836 2.557970 -120.330696 0.680664 1.187933 0.000000 6.816990 0.285156
  837 2.687419 -107.956192 0.843750 0.965453 0.000000 5.403819 0.383789
  838 3.455253 -138.003805 0.825195 0.985658 0.000000 5.500096 0.328125
  839 4.022894 -120.200382 0.837891 1.171107 0.000000 6.403167 0.302734
  840 3.616854 -114.187354 0.801758 0.620950 0.000000 6.594695 0.307617
  841 3.571429 -132.301803 0.662109 0.929640 0.000000 6.366835 0.319336
  842 3.475864 -139.053058 0.691406 1.355798 0.000000 6.591292 0.302734
  843 3.127499 -137.447066 0.721680 1.218423 0.000000 6.490354 0.330078
  844 4.346135 -139.143365 0.610352 1.102599 0.000000 7.089241 0.258789
  845 3.911521 -151.052232 0.624023 1.173573 0.000000 8.592633 0.201172
  846 3.428571 -112.545071 0.738281 1.094161 0.000000 6.671608 0.294922
  847 4.219663 -137.590016 0.770508 0.946098 0.000000 6.125852 0.347656
  848 4.666667 -142.926050 0.607422 1.425865 0.000000 8.675543 0.227539
  849 5.403702 -155.771007 0.708984 1.163652 0.000000 8.797115 0.246094
  850 4.500000 -153.508091 0.666016 0.624923 0.000000 9.339006 0.249023
  851 4.714045 -149.153172 0.669922 1.073620 0.000000 8.763902 0.284180
  852 3.616854 -137.729375 0.679688 1.266739 0.000000 8.621037 0.244141
  853 3.616854 -147.195526 0.681641 1.328622 0.000000 6.980276 0.269531
  854 3.880879 -140.272344 0.684570 1.430333 0.000000 6.763382 0.266602
  855 4.576510 -121.210531 0.803711 0.824528 0.000000 6.644137 0.324219
  856 4.249183 -138.456195 0.831055 1.189693 0.000000 6.827922 0.306641
  857 4.219663 -132.503411 0.790039 0.737159 0.000000 6.122680 0.347656
  858 4.512329 -158.693490 0.647461 0.787575 0.000000 8.149133 0.251953
  859 4.512329 -160.393081 0.622070 1.220820 0.000000 8.919215 0.199219
  860 4.666667 -143.575604 0.680664 0.859336 0.000000 8.365932 0.225586
  861 3.642157 -148.080530 0.634766 0.997740 0.000000 8.522894 0.232422
  862 3.582839 -137.651959 0.640625 1.200119 0.000000 7.950524 0.251953
  863 3.757985 -138.498814 0.735352 0.986882 0.000000 7.459647 0.265625
  864 4.284987 -147.795784 0.665039 0.750769 0.000000 8.314952 0.242188
  865 6.280127 -151.703871 0.625000 0.863594 0.000000 9.455393 0.227539
  866 4.740488 -174.284517 0.691406 0.506602 0.000000 9.585711 0.220703
  867 6.003332 -153.647865 0.594727 0.845279 0.000000 8.923284 0.216797
  868 5.234501 -138.035980 0.655273 1.139345 0.000000 8.404690 0.248047
  869 4.859127 -146.860354 0.678711 0.774963 0.000000 8.289405 0.270508
  870 4.384315 -148.295516 0.541016 1.156310 0.000000 8.087367 0.249023
  871 4.879094 -143.392972 0.685547 0.867028 0.000000 8.236684 0.251953
  872 5.011099 -153.762339 0.630859 1.346568 0.000000 8.765690 0.207031
  873 6.449806 -149.074037 0.640625 0.755665 0.000000 9.141998 0.211914
  874 4.485805 -157.497107 0.699219 1.322545 0.000000 9.814337 0.206055
  875 6.280127 -142.628846 0.769531 1.086666 0.000000 8.467426 0.245117
  876 6.280127 -148.200808 0.628906 0.747288 0.000000 8.918313 0.213867
  877 5.426274 -166.376532 0.648438 1.218716 0.000000 9.030005 0.204102
  878 5.099020 -173.293539 0.600586 1.355748 0.000000 10.063051 0.174805
  879 4.069705 -152.665070 0.620117 1.279185 0.000000 9.679407 0.196289
  880 5.540257 -164.520654 0.691406 1.561803 0.000000 9.024997 0.207031
  881 5.374838 -164.348992 0.649414 1.550279 0.000000 8.386779 0.239258
  882 5.099020 -180.450285 0.549805 1.317271 0.000000 8.791106 0.201172
  883 5.099020 -164.062451 0.552734 1.027403 0.000000 9.542225 0.225586
  884 5.068969 -159.866268 0.651367 1.374693 0.000000 9.437093 0.196289
  885 5.068969 -164.029664 0.663086 1.354310 0.000000 8.708130 0.208008
  886 4.714045 -147.402147 0.631836 0.932701 0.000000 8.727860 0.243164
  887 3.951233 -148.237673 0.626953 1.267761 0.000000 8.457212 0.202148
  888 4.904646 -146.570401 0.657227 1.177875 0.000000 8.402303 0.231445
  889 5.656854 -137.779735 0.730469 1.096276 0.000000 8.100630 0.260742
  890 5.854912 -180.359547 0.606445 1.340318 0.000000 9.950833 0.187500
  891 6.029925 -166.493785 0.625000 0.698304 0.000000 11.480695 0.160156
  892 6.013319 -174.553894 0.608398 0.698741 0.000000 11.458784 0.164062
  893 6.053098 -171.812116 0.601562 1.016215 0.000000 11.439234 0.166992
  894 6.228965 -170.552825 0.558594 1.219031 0.000000 11.283212 0.174805
  895 6.280127 -189.933048 0.560547 1.753209 0.000000 11.200070 0.143555
  896 5.656854 -167.574839 0.642578 0.760503 0.000000 10.443811 0.201172
  897 6.053098 -184.199578 0.592773 0.938018 0.000000 10.717919 0.182617
  898 5.044249 -166.946849 0.634766 1.039864 0.000000 10.526573 0.191406
  899 4.145319 -146.625173 0.635742 1.016490 0.000000 11.042386 0.162109
  900 4.549115 -153.433949 0.648438 0.943127 0.000000 8.589127 0.244141
  901 5.458938 -146.301021 0.616211 1.263317 0.000000 8.541816 0.216797
  902 4.219663 -142.683395 0.663086 0.528757 0.000000 8.592165 0.247070
  903 4.219663 -160.834596 0.662109 0.787299 0.000000 8.626561 0.237305
  904 4.031129 -134.609321 0.641602 0.563459 0.000000 8.579546 0.237305
  905 3.262844 -141.738475 0.715820 0.646819 0.000000 7.078785 0.287109
  906 2.885849 -130.847228 0.795898 0.967551 0.000000 6.606927 0.315430
  907 2.918154 -134.301803 0.860352 0.866480 0.000000 6.488498 0.333984
  908 3.440456 -137.711573 0.683594 1.424498 0.000000 7.627230 0.236328
  909 4.002550 -129.095516 0.700195 0.893374 0.000000 6.851343 0.274414
  910 4.576510 -157.738939 0.659180 1.377770 0.000000 7.455769 0.252930
  911 4.179979 -128.294816 0.704102 0.963127 0.000000 8.799266 0.226562
  912 4.512329 -143.887012 0.725586 0.952932 0.000000 8.083105 0.263672
  913 4.179979 -137.217696 0.753906 0.767500 0.000000 6.633604 0.272461
  914 3.616854 -144.919593 0.721680 0.923095 0.000000 7.753080 0.245117
  915 4.844814 -124.520892 0.700195 0.805456 0.000000 8.065188 0.262695
  916 4.412734 -147.706518 0.835938 1.049109 0.000000 7.071667 0.305664
  917 4.030291 -144.553452 0.702148 1.021739 0.000000 8.290323 0.231445
  918 4.362084 -161.792888 0.708984 1.069232 0.000000 8.122349 0.254883
  919 5.830952 -159.291315 0.610352 0.920151 0.000000 8.226027 0.236328
  920 5.830952 -158.282789 0.665039 0.411808 0.000000 8.808429 0.250000
  921 5.024938 -147.397681 0.691406 0.838122 0.000000 9.644038 0.245117
  922 4.678556 -127.014940 0.648438 0.859843 0.000000 8.389054 0.261719
  923 5.688585 -162.821071 0.568359 1.149616 0.000000 8.794198 0.223633
  924 5.688585 -149.925285 0.610352 1.114961 0.000000 8.922271 0.223633
  925 5.854912 -149.812896 0.667969 1.108512 0.000000 8.667766 0.229492
  926 4.430875 -148.325285 0.611328 1.079343 0.000000 8.650232 0.223633
  927 5.632051 -164.117212 0.688477 1.186982 0.000000 8.835543 0.228516
  928 4.288095 -142.588884 0.668945 1.016836 0.000000 8.791485 0.236328
  929 4.503085 -140.690525 0.650391 1.232896 0.000000 8.273363 0.232422
  930 4.362084 -117.381863 0.705078 0.779566 0.000000 8.001606 0.248047
  931 4.219663 -136.685623 0.596680 1.336194 0.000000 7.987486 0.264648
  932 4.362084 -161.062127 0.653320 0.887275 0.000000 9.428509 0.215820
  933 3.616854 -124.912529 0.598633 1.003973 0.000000 8.769556 0.242188
  934 4.384315 -165.307103 0.549805 0.879267 0.000000 8.774273 0.226562
  935 4.179979 -157.988376 0.591797 0.905797 0.000000 8.492904 0.243164
  936 4.219663 -153.170247 0.615234 0.931930 0.000000 8.468804 0.236328
  937 4.346135 -129.316421 0.574219 1.258263 0.000000 8.657283 0.240234
  938 4.179979 -152.806766 0.614258 0.845201 0.000000 7.719464 0.258789
  939 4.859127 -167.511725 0.570312 1.389537 0.000000 8.482561 0.242188
  940 3.582839 -131.381070 0.629883 1.007881 0.000000 8.014459 0.243164
  941 3.738929 -120.539570 0.746094 0.717678 0.000000 6.362993 0.329102
  942 5.295281 -152.403125 0.666016 1.097642 0.000000 8.232822 0.255859
  943 3.757985 -126.635630 0.775391 0.907063 0.000000 7.487839 0.269531
  944 3.642157 -151.516857 0.763672 0.764226 0.000000 7.196513 0.291992
  945 3.502186 -151.871135 0.641602 1.113526 0.000000 7.108600 0.249023
  946 4.503085 -159.059153 0.592773 1.023699 0.000000 8.059654 0.248047
  947 3.405877 -132.588119 0.634766 1.159511 0.000000 7.238734 0.266602
  948 4.576510 -162.591441 0.682617 0.744144 0.000000 8.610894 0.262695
  949 3.922723 -131.974839 0.704102 1.148668 0.000000 8.785833 0.207031
  950 5.233439 -167.904340 0.680664 1.232115 0.000000 9.063592 0.215820
  951 4.384315 -136.133879 0.681641 1.157874 0.000000 8.269020 0.216797
  952 4.512329 -153.119274 0.723633 1.106975 0.000000 6.926420 0.273438
  953 4.740488 -161.483503 0.560547 1.161341 0.000000 8.497307 0.214844
  954 4.384315 -149.635776 0.729492 0.601016 0.000000 8.290509 0.237305
  955 4.527693 -163.887012 0.625977 1.216369 0.000000 7.702096 0.252930
  956 4.284987 -137.204469 0.640625 0.766029 0.000000 8.115343 0.243164
  957 4.219663 -161.069792 0.652344 0.822120 0.000000 8.110154 0.244141
  958 4.179979 -153.931880 0.609375 0.972623 0.000000 8.591705 0.210938
  959 4.384315 -155.058618 0.617188 0.913764 0.000000 8.097026 0.246094
  960 4.249183 -168.783128 0.586914 0.969301 0.000000 8.425875 0.264648
  961 3.597051 -142.145262 0.676758 0.826562 0.000000 7.872151 0.261719
  962 4.362084 -158.651959 0.592773 0.902824 0.000000 8.728800 0.224609
  963 4.336537 -129.648200 0.620117 0.631827 0.000000 8.125712 0.236328
  964 4.031129 -79.083611 0.856445 1.112268 0.000000 5.245140 0.375977
  965 2.615245 -124.456541 0.808594 0.885036 0.000000 5.560664 0.356445
  966 3.616854 -119.971007 0.942383 0.814122 0.000000 5.403657 0.367188
  967 2.773501 -128.409389 0.777344 0.850730 0.000000 5.795938 0.312500
  968 3.252403 -134.953338 0.863281 0.700914 0.000000 5.592179 0.352539
  969 3.859787 -145.136525 0.742188 1.228748 0.000000 6.483916 0.307617
  970 5.854912 -128.801675 0.713867 0.932831 0.000000 6.861064 0.268555
  971 4.063275 -141.614175 0.806641 0.990930 0.000000 6.167931 0.319336
  972 3.899241 -140.580530 0.734375 1.094830 0.000000 6.921939 0.273438
  973 3.782344 -142.118699 0.710938 0.856386 0.000000 7.401252 0.254883
  974 4.090806 -140.325608 0.771484 0.932762 0.000000 7.232715 0.290039
  975 4.879094 -150.251512 0.732422 0.606828 0.000000 7.872933 0.250977
  976 3.847077 -132.978413 0.705078 0.929951 0.000000 7.393934 0.264648
  977 3.475864 -130.584325 0.724609 1.184459 0.000000 7.373859 0.269531
  978 3.328663 -131.701317 0.733398 0.995692 0.000000 7.278816 0.264648
  979 3.642157 -131.797604 0.736328 1.048623 0.000000 6.991753 0.269531
  980 2.731925 -123.372795 0.738281 1.069593 0.000000 7.490167 0.262695
  981 2.687419 -120.810222 0.824219 0.862408 0.000000 6.291302 0.318359
  982 2.770644 -134.588617 0.799805 1.162755 0.000000 6.479315 0.312500
  983 2.500000 -113.237673 0.826172 0.964197 0.000000 6.102190 0.298828
  984 2.677542 -111.658618 0.691406 1.002684 0.000000 5.988453 0.286133
  985 3.171215 -145.594536 0.722656 1.023046 0.000000 5.848469 0.319336
  986 3.171943 -121.794506 0.698242 1.068454 0.000000 6.977731 0.282227
  987 3.023347 -130.519375 0.828125 0.943668 0.000000 6.119325 0.353516
  988 3.190611 -125.500765 0.789062 0.915901 0.000000 6.683032 0.291016
  989 3.475864 -139.443904 0.750000 1.005459 0.000000 6.391014 0.308594
  990 3.616854 -150.141377 0.782227 0.989850 0.000000 6.676567 0.301758
  991 3.335034 -130.635776 0.749023 0.881288 0.000000 7.437722 0.274414
  992 3.616854 -130.215451 0.828125 1.060221 0.000000 6.574147 0.311523
  993 2.899353 -123.600912 0.796875 1.198411 0.000000 5.339362 0.326172
  994 3.064413 -117.586871 0.898438 1.089990 0.000000 5.608098 0.320312
  995 2.687419 -117.056063 0.824219 0.929165 0.000000 5.490163 0.344727
  996 3.498571 -115.294635 0.916992 0.734157 0.000000 4.830927 0.411133
  997 3.744329 -127.262451 0.942383 1.008987 0.000000 6.513026 0.304688
  998 4.055175 -115.635776 0.882812 1.210709 0.000000 5.793873 0.338867
  999 2.554032 -96.350062 0.877930 1.027289 0.000000 5.226332 0.390625
 1000 2.942151 -120.991951 0.945312 0.946968 0.000000 4.429884 0.398438
