    0  -27.360    0.000  317.000    0.000   56.000    0.000    1.000    0.000 
    1  -35.189    0.387  320.000    0.000   58.000    0.000    1.042    0.000 
    2  -33.947    0.328  318.000    0.000   58.000    0.000    1.063    0.000 
    3  -33.833    0.301  323.000    0.000   59.000    0.000    1.113    0.000 
    4  -48.745    0.301  318.000    0.000   59.000    0.000    1.280    0.000 
    5  -57.112    0.242  318.000    0.000   61.000    0.000    1.293    0.000 
    6  -58.212    0.273  320.000    0.000   62.000    0.000    1.318    0.000 
    7  -61.942    0.250  322.000    0.000   63.000    0.000    1.229    0.000 
    8  -64.409    0.258  320.000    0.000   62.000    0.000    1.209    0.000 
    9  -62.569    0.281  318.000    0.000   63.000    0.000    1.264    0.000 
   10  -46.946    0.316  321.000    0.000   64.000    0.000    1.232    0.000 
   11  -51.547    0.250  321.000    0.000   63.000    0.000    1.229    0.000 
   12  -58.062    0.371  318.000    0.000   61.000    0.000    1.308    0.000 
   13  -53.048    0.332  317.000    0.000   63.000    0.000    1.209    0.000 
   14  -62.407    0.285  320.000    0.000   63.000    0.000    1.280    0.000 
   15  -66.674    0.242  316.000    0.000   65.000    0.000    1.250    0.000 
   16  -67.346    0.320  324.000    0.000   65.000    0.000    1.190    0.000 
   17  -64.283    0.254  319.000    0.000   67.000    0.000    1.239    0.000 
   18  -64.203    0.270  320.000    0.000   67.000    0.000    1.239    0.000 
   19  -46.404    0.305  316.000    0.000   69.000    0.000    1.228    0.000 
   20  -62.921    0.277  319.000    0.000   66.000    0.000    1.190    0.000 
   21  -61.590    0.266  319.000    0.000   64.000    0.000    1.312    0.000 
   22  -68.021    0.219  321.000    0.000   62.000    0.000    1.370    0.000 
   23  -63.032    0.258  317.000    0.000   63.000    0.000    1.344    0.000 
   24  -68.351    0.188  319.000    0.000   66.000    0.000    1.424    0.000 
   25  -69.523    0.230  314.000    0.000   64.000    0.000    1.404    0.000 
   26  -69.097    0.199  317.000    0.000   63.000    0.000    1.733    0.000 
   27  -62.262    0.223  320.000    0.000   63.000    0.000    1.671    0.000 
   28  -65.262    0.328  320.000    0.000   63.000    0.000    1.360    0.000 
   29  -65.960    0.168  319.000    0.000   62.000    0.000    1.564    0.000 
   30  -68.960    0.188  321.000    0.000   61.000    0.000    1.333    0.000 
   31  -70.147    0.234  317.000    0.000   61.000    0.000    1.263    0.000 
   32  -67.355    0.254  316.000    0.000   62.000    0.000    1.333    0.000 
   33  -50.366    0.223  323.000    0.000   63.000    0.000    1.334    0.000 
   34  -68.957    0.289  319.000    0.000   63.000    0.000    1.317    0.000 
   35  -62.147    0.242  317.000    0.000   61.000    0.000    1.208    0.000 
   36  -64.841    0.273  321.000    0.000   62.000    0.000    1.274    0.000 
   37  -77.783    0.305  317.000    0.000   60.000    0.000    1.390    0.000 
   38  -72.674    0.211  327.000    0.000   62.000    0.000    1.501    0.000 
   39  -78.212    0.191  314.000    0.000   62.000    0.000    1.588    0.000 
   40  -72.747    0.191  317.000    0.000   61.000    0.000    1.571    0.000 
   41  -68.873    0.242  321.000    0.000   62.000    0.000    1.471    0.000 
   42  -74.328    0.219  319.000    0.000   61.000    0.000    1.531    0.000 
   43  -73.765    0.211  315.000    0.000   61.000    0.000    1.397    0.000 
   44  -76.626    0.176  322.000    0.000   61.000    0.000    1.557    0.000 
   45  -69.482    0.168  317.000    0.000   62.000    0.000    1.531    0.000 
   46  -68.946    0.219  321.000    0.000   64.000    0.000    1.588    0.000 
   47  -78.686    0.203  319.000    0.000   64.000    0.000    1.750    0.000 
   48  -67.790    0.227  313.000    0.000   64.000    0.000    1.688    0.000 
   49  -74.990    0.242  319.000    0.000   63.000    0.000    1.688    0.000 
   50  -75.170    0.203  317.000    0.000   62.000    0.000    1.751    0.000 
   51  -79.408    0.254  318.000    0.000   63.000    0.000    1.647    0.000 
   52  -83.973    0.223  321.000    0.000   65.000    0.000    1.824    0.000 
   53  -74.596    0.219  321.000    0.000   63.000    0.000    1.588    0.000 
   54  -76.646    0.203  317.000    0.000   62.000    0.000    1.590    0.000 
   55  -73.894    0.203  319.000    0.000   62.000    0.000    1.612    0.000 
   56  -72.536    0.176  320.000    0.000   63.000    0.000    1.707    0.000 
   57  -78.101    0.188  318.000    0.000   63.000    0.000    1.557    0.000 
   58  -76.163    0.219  314.000    0.000   62.000    0.000    1.695    0.000 
   59  -80.962    0.180  318.000    0.000   61.000    0.000    1.502    0.000 
   60  -84.105    0.156  316.000    0.000   63.000    0.000    1.611    0.000 
   61  -82.930    0.129  317.000    0.000   64.000    0.000    1.611    0.000 
   62  -88.900    0.125  315.000    0.000   63.000    0.000    1.765    0.000 
   63  -85.402    0.195  319.000    0.000   62.000    0.000    1.710    0.000 
   64  -84.349    0.121  314.000    0.000   61.000    0.000    1.707    0.000 
   65  -87.880    0.191  315.000    0.000   60.000    0.000    1.707    0.000 
   66  -78.207    0.141  327.000    0.000   63.000    0.000    1.814    0.000 
   67  -81.721    0.184  320.000    0.000   62.000    0.000    1.751    0.000 
   68  -68.408    0.172  324.000    0.000   61.000    0.000    1.633    0.000 
   69  -78.226    0.195  322.000    0.000   61.000    0.000    1.695    0.000 
   70  -76.791    0.180  322.000    0.000   60.000    0.000    1.529    0.000 
   71  -77.032    0.191  315.000    0.000   60.000    0.000    1.627    0.000 
   72  -76.058    0.211  323.000    0.000   60.000    0.000    1.531    0.000 
   73  -70.862    0.207  318.000    0.000   61.000    0.000    1.444    0.000 
   74  -77.131    0.273  316.000    0.000   61.000    0.000    1.531    0.000 
   75  -81.069    0.219  318.000    0.000   63.000    0.000    1.647    0.000 
   76  -80.723    0.180  320.000    0.000   64.000    0.000    1.526    0.000 
   77  -80.136    0.168  321.000    0.000   64.000    0.000    1.611    0.000 
   78  -79.859    0.223  318.000    0.000   63.000    0.000    1.706    0.000 
   79  -80.278    0.184  319.000    0.000   61.000    0.000    1.647    0.000 
   80  -82.868    0.176  324.000    0.000   63.000    0.000    1.706    0.000 
   81  -83.086    0.168  319.000    0.000   63.000    0.000    1.812    0.000 
   82  -83.048    0.180  317.000    0.000   63.000    0.000    1.667    0.000 
   83  -81.649    0.121  320.000    0.000   63.000    0.000    1.612    0.000 
   84  -75.027    0.129  317.000    0.000   66.000    0.000    1.722    0.000 
   85  -86.659    0.152  316.000    0.000   65.000    0.000    1.722    0.000 
   86  -89.066    0.168  319.000    0.000   64.000    0.000    1.824    0.000 
   87  -92.290    0.090  316.000    0.000   62.000    0.000    1.824    0.000 
   88  -81.530    0.145  313.000    0.000   63.000    0.000    1.766    0.000 
   89  -71.899    0.184  314.000    0.000   61.000    0.000    1.648    0.000 
   90  -80.039    0.223  317.000    0.000   62.000    0.000    1.648    0.000 
   91  -78.613    0.188  321.000    0.000   64.000    0.000    1.706    0.000 
   92  -79.234    0.203  321.000    0.000   62.000    0.000    1.647    0.000 
   93  -75.375    0.191  320.000    0.000   63.000    0.000    1.647    0.000 
   94  -75.221    0.176  323.000    0.000   63.000    0.000    1.562    0.000 
   95  -64.555    0.203  315.000    0.000   62.000    0.000    1.595    0.000 
   96  -78.094    0.223  314.000    0.000   64.000    0.000    1.706    0.000 
   97  -83.096    0.207  321.000    0.000   63.000    0.000    1.706    0.000 
   98  -78.341    0.145  318.000    0.000   65.000    0.000    1.876    0.000 
   99  -76.363    0.176  321.000    0.000   65.000    0.000    1.766    0.000 
  100  -73.223    0.195  321.000    0.000   65.000    0.000    1.706    0.000 
  101  -70.569    0.199  318.000    0.000   63.000    0.000    1.589    0.000 
  102  -72.859    0.242  320.000    0.000   63.000    0.000    1.688    0.000 
  103  -77.058    0.254  319.000    0.000   62.000    0.000    1.507    0.000 
  104  -68.214    0.188  321.000    0.000   66.000    0.000    1.875    0.000 
  105  -71.815    0.219  323.000    0.000   66.000    0.000    1.766    0.000 
  106  -70.556    0.246  320.000    0.000   66.000    0.000    1.827    0.000 
  107  -76.517    0.199  319.000    0.000   62.000    0.000    1.750    0.000 
  108  -78.949    0.195  313.000    0.000   62.000    0.000    1.750    0.000 
  109  -75.592    0.184  316.000    0.000   64.000    0.000    1.648    0.000 
  110  -80.820    0.203  318.000    0.000   62.000    0.000    1.648    0.000 
  111  -78.482    0.180  326.000    0.000   62.000    0.000    1.750    0.000 
  112  -81.028    0.160  319.000    0.000   61.000    0.000    1.588    0.000 
  113  -81.912    0.199  318.000    0.000   61.000    0.000    1.589    0.000 
  114  -68.201    0.219  320.000    0.000   65.000    0.000    1.557    0.000 
  115  -69.971    0.184  319.000    0.000   64.000    0.000    1.556    0.000 
  116  -77.956    0.184  320.000    0.000   63.000    0.000    1.647    0.000 
  117  -78.965    0.238  315.000    0.000   62.000    0.000    1.647    0.000 
  118  -83.878    0.203  319.000    0.000   62.000    0.000    1.647    0.000 
  119  -82.883    0.172  315.000    0.000   62.000    0.000    1.706    0.000 
  120  -68.080    0.227  321.000    0.000   63.000    0.000    1.689    0.000 
  121  -83.515    0.172  315.000    0.000   61.000    0.000    1.647    0.000 
  122  -80.882    0.211  317.000    0.000   64.000    0.000    1.812    0.000 
  123  -81.575    0.195  315.000    0.000   60.000    0.000    1.688    0.000 
  124  -88.462    0.168  318.000    0.000   61.000    0.000    1.647    0.000 
  125  -78.248    0.176  319.000    0.000   63.000    0.000    1.556    0.000 
  126  -83.327    0.203  321.000    0.000   64.000    0.000    1.938    0.000 
  127  -79.235    0.145  310.000    0.000   61.000    0.000    1.648    0.000 
  128  -84.638    0.145  313.000    0.000   62.000    0.000    1.556    0.000 
  129  -88.033    0.215  318.000    0.000   62.000    0.000    1.706    0.000 
  130  -89.547    0.207  317.000    0.000   62.000    0.000    1.707    0.000 
  131  -77.393    0.117  315.000    0.000   64.000    0.000    1.556    0.000 
  132  -71.690    0.242  319.000    0.000   66.000    0.000    1.765    0.000 
  133  -73.907    0.234  323.000    0.000   66.000    0.000    1.667    0.000 
  134  -79.432    0.195  315.000    0.000   63.000    0.000    1.556    0.000 
  135  -70.028    0.211  313.000    0.000   64.000    0.000    1.556    0.000 
  136  -78.386    0.258  321.000    0.000   63.000    0.000    1.706    0.000 
  137  -83.499    0.242  315.000    0.000   59.000    0.000    1.446    0.000 
  138  -80.093    0.145  318.000    0.000   60.000    0.000    1.444    0.000 
  139  -77.794    0.188  320.000    0.000   61.000    0.000    1.446    0.000 
  140  -82.196    0.215  313.000    0.000   58.000    0.000    1.537    0.000 
  141  -78.184    0.203  319.000    0.000   60.000    0.000    1.537    0.000 
  142  -84.955    0.172  321.000    0.000   62.000    0.000    1.814    0.000 
  143  -89.949    0.129  316.000    0.000   60.000    0.000    1.647    0.000 
  144  -89.151    0.141  320.000    0.000   64.000    0.000    1.722    0.000 
