    0   42.640    0.000  317.000    0.000   56.000    0.000    1.000    0.000 
    1   42.417    0.266  323.000    0.000   56.000    0.000    1.165    0.000 
    2   37.849    0.371  318.000    0.000   55.000    0.000    1.104    0.000 
    3   31.358    0.293  313.000    0.000   56.000    0.000    1.171    0.000 
    4   26.224    0.305  315.000    0.000   54.000    0.000    1.101    0.000 
    5   23.276    0.293  318.000    0.000   53.000    0.000    1.226    0.000 
    6   26.113    0.332  317.000    0.000   56.000    0.000    1.292    0.000 
    7   18.652    0.344  313.000    0.000   54.000    0.000    1.112    0.000 
    8   14.714    0.332  312.000    0.000   53.000    0.000    1.171    0.000 
    9   22.723    0.375  314.000    0.000   55.000    0.000    1.233    0.000 
   10   24.956    0.297  318.000    0.000   56.000    0.000    1.224    0.000 
   11   18.793    0.344  318.000    0.000   55.000    0.000    1.159    0.000 
   12   11.290    0.262  317.000    0.000   54.000    0.000    1.240    0.000 
   13   13.626    0.328  317.000    0.000   55.000    0.000    1.218    0.000 
   14   17.169    0.355  316.000    0.000   55.000    0.000    1.097    0.000 
   15   29.078    0.305  316.000    0.000   56.000    0.000    1.159    0.000 
   16   10.345    0.262  317.000    0.000   52.000    0.000    1.105    0.000 
   17   23.888    0.344  311.000    0.000   55.000    0.000    1.162    0.000 
   18   14.153    0.266  317.000    0.000   53.000    0.000    1.224    0.000 
   19   23.225    0.348  316.000    0.000   55.000    0.000    1.095    0.000 
   20   18.345    0.348  313.000    0.000   55.000    0.000    1.337    0.000 
   21   18.379    0.277  314.000    0.000   54.000    0.000    1.277    0.000 
   22   12.405    0.258  314.000    0.000   53.000    0.000    1.208    0.000 
   23   13.240    0.270  317.000    0.000   56.000    0.000    1.272    0.000 
   24    8.983    0.277  320.000    0.000   55.000    0.000    1.351    0.000 
   25   12.678    0.328  312.000    0.000   55.000    0.000    1.275    0.000 
   26    5.379    0.305  318.000    0.000   54.000    0.000    1.361    0.000 
   27    2.279    0.316  313.000    0.000   53.000    0.000    1.441    0.000 
   28    3.831    0.281  309.000    0.000   53.000    0.000    1.341    0.000 
   29    8.757    0.391  319.000    0.000   54.000    0.000    1.272    0.000 
   30    4.961    0.312  311.000    0.000   53.000    0.000    1.210    0.000 
   31    9.894    0.309  312.000    0.000   57.000    0.000    1.394    0.000 
   32   11.120    0.320  324.000    0.000   55.000    0.000    1.272    0.000 
   33    2.725    0.289  316.000    0.000   55.000    0.000    1.417    0.000 
   34   12.674    0.320  314.000    0.000   56.000    0.000    1.334    0.000 
   35    5.285    0.371  321.000    0.000   56.000    0.000    1.451    0.000 
   36    6.708    0.281  315.000    0.000   56.000    0.000    1.521    0.000 
   37    9.488    0.414  313.000    0.000   58.000    0.000    1.500    0.000 
   38   10.382    0.336  319.000    0.000   58.000    0.000    1.425    0.000 
   39    7.567    0.375  313.000    0.000   59.000    0.000    1.581    0.000 
   40   11.689    0.352  319.000    0.000   59.000    0.000    1.465    0.000 
   41    0.041    0.348  318.000    0.000   57.000    0.000    1.672    0.000 
   42    9.861    0.379  317.000    0.000   60.000    0.000    1.723    0.000 
   43    1.858    0.387  312.000    0.000   57.000    0.000    1.795    0.000 
   44   -1.778    0.430  316.000    0.000   58.000    0.000    1.764    0.000 
   45   -0.452    0.359  318.000    0.000   59.000    0.000    1.876    0.000 
   46   10.940    0.285  321.000    0.000   61.000    0.000    1.703    0.000 
   47   14.721    0.340  316.000    0.000   59.000    0.000    1.734    0.000 
   48    5.542    0.328  316.000    0.000   60.000    0.000    1.703    0.000 
   49    1.450    0.312  314.000    0.000   59.000    0.000    1.916    0.000 
   50    4.925    0.340  323.000    0.000   60.000    0.000    1.887    0.000 
   51    3.118    0.371  316.000    0.000   59.000    0.000    1.691    0.000 
   52    4.469    0.312  316.000    0.000   61.000    0.000    1.764    0.000 
   53    3.314    0.367  318.000    0.000   60.000    0.000    1.606    0.000 
   54    0.845    0.281  318.000    0.000   57.000    0.000    1.549    0.000 
   55    0.684    0.336  318.000    0.000   57.000    0.000    1.549    0.000 
   56    7.758    0.359  322.000    0.000   58.000    0.000    1.642    0.000 
   57    7.738    0.328  318.000    0.000   59.000    0.000    1.549    0.000 
   58   10.172    0.355  319.000    0.000   60.000    0.000    1.723    0.000 
   59   18.568    0.293  324.000    0.000   63.000    0.000    1.734    0.000 
   60    7.149    0.340  317.000    0.000   60.000    0.000    1.849    0.000 
   61    1.085    0.312  313.000    0.000   57.000    0.000    1.642    0.000 
   62   11.630    0.324  312.000    0.000   59.000    0.000    1.549    0.000 
   63    8.497    0.359  310.000    0.000   58.000    0.000    1.625    0.000 
   64    3.630    0.375  312.000    0.000   59.000    0.000    1.734    0.000 
   65    1.088    0.395  315.000    0.000   58.000    0.000    1.752    0.000 
   66    5.938    0.359  317.000    0.000   59.000    0.000    1.781    0.000 
   67   -2.441    0.410  318.000    0.000   57.000    0.000    1.542    0.000 
   68    9.357    0.359  314.000    0.000   60.000    0.000    1.465    0.000 
   69    2.386    0.434  317.000    0.000   57.000    0.000    1.549    0.000 
   70    2.152    0.387  316.000    0.000   57.000    0.000    1.549    0.000 
   71    4.241    0.312  316.000    0.000   57.000    0.000    1.549    0.000 
   72   -0.157    0.352  318.000    0.000   58.000    0.000    1.764    0.000 
   73   -0.167    0.328  320.000    0.000   56.000    0.000    1.633    0.000 
   74   -2.819    0.332  317.000    0.000   55.000    0.000    1.465    0.000 
   75    1.090    0.348  312.000    0.000   57.000    0.000    1.642    0.000 
   76    0.169    0.328  316.000    0.000   57.000    0.000    1.549    0.000 
   77    2.805    0.359  314.000    0.000   57.000    0.000    1.509    0.000 
   78   -0.197    0.293  317.000    0.000   56.000    0.000    1.610    0.000 
   79    5.492    0.371  314.000    0.000   56.000    0.000    1.434    0.000 
   80    6.151    0.359  316.000    0.000   56.000    0.000    1.434    0.000 
   81    5.896    0.418  319.000    0.000   59.000    0.000    1.536    0.000 
   82    7.590    0.324  316.000    0.000   58.000    0.000    1.519    0.000 
   83    3.136    0.316  317.000    0.000   57.000    0.000    1.549    0.000 
   84    0.108    0.344  315.000    0.000   56.000    0.000    1.440    0.000 
   85    6.424    0.316  324.000    0.000   56.000    0.000    1.491    0.000 
   86    8.931    0.328  322.000    0.000   57.000    0.000    1.387    0.000 
   87    0.383    0.359  314.000    0.000   56.000    0.000    1.338    0.000 
   88   11.316    0.328  324.000    0.000   58.000    0.000    1.411    0.000 
   89    5.077    0.316  321.000    0.000   58.000    0.000    1.441    0.000 
   90   -1.658    0.348  320.000    0.000   56.000    0.000    1.549    0.000 
   91   -0.124    0.379  317.000    0.000   56.000    0.000    1.672    0.000 
   92    1.642    0.340  316.000    0.000   56.000    0.000    1.411    0.000 
   93   -1.708    0.316  317.000    0.000   55.000    0.000    1.549    0.000 
   94   10.444    0.344  323.000    0.000   57.000    0.000    1.549    0.000 
   95    0.289    0.328  313.000    0.000   55.000    0.000    1.746    0.000 
   96   -1.905    0.262  320.000    0.000   55.000    0.000    1.682    0.000 
   97    2.062    0.340  321.000    0.000   55.000    0.000    1.581    0.000 
   98    2.938    0.301  320.000    0.000   57.000    0.000    1.642    0.000 
   99   -1.439    0.363  317.000    0.000   58.000    0.000    1.734    0.000 
  100   -3.262    0.324  318.000    0.000   58.000    0.000    1.764    0.000 
  101    1.611    0.391  308.000    0.000   57.000    0.000    1.703    0.000 
  102   -2.473    0.352  318.000    0.000   58.000    0.000    1.916    0.000 
  103   -3.715    0.387  317.000    0.000   60.000    0.000    1.934    0.000 
  104   -4.840    0.367  311.000    0.000   60.000    0.000    2.070    0.000 
  105    2.952    0.340  320.000    0.000   62.000    0.000    2.070    0.000 
  106    6.867    0.332  313.000    0.000   61.000    0.000    2.132    0.000 
  107   -3.532    0.402  320.000    0.000   60.000    0.000    2.226    0.000 
  108    8.585    0.348  315.000    0.000   61.000    0.000    2.070    0.000 
  109   -0.386    0.273  317.000    0.000   58.000    0.000    2.151    0.000 
  110   -0.208    0.395  320.000    0.000   59.000    0.000    1.934    0.000 
  111   -4.349    0.406  318.000    0.000   59.000    0.000    2.000    0.000 
  112    4.280    0.320  314.000    0.000   62.000    0.000    2.066    0.000 
  113   -3.081    0.352  316.000    0.000   61.000    0.000    2.132    0.000 
  114   -4.601    0.312  318.000    0.000   63.000    0.000    2.303    0.000 
  115   -5.451    0.355  319.000    0.000   62.000    0.000    2.232    0.000 
  116  -11.244    0.344  319.000    0.000   66.000    0.000    2.628    0.000 
  117  -28.828    0.328  319.000    0.000   66.000    0.000    2.515    0.000 
  118  -27.328    0.297  319.000    0.000   67.000    0.000    2.704    0.000 
  119  -23.312    0.289  321.000    0.000   70.000    0.000    2.726    0.000 
  120  -41.807    0.301  318.000    0.000   69.000    0.000    2.946    0.000 
  121  -31.910    0.301  321.000    0.000   73.000    0.000    3.291    0.000 
  122  -47.931    0.301  316.000    0.000   71.000    0.000    3.291    0.000 
  123  -51.031    0.316  317.000    0.000   70.000    0.000    3.369    0.000 
  124  -56.834    0.391  315.000    0.000   70.000    0.000    3.461    0.000 
  125  -52.420    0.301  318.000    0.000   71.000    0.000    3.395    0.000 
  126  -54.428    0.277  325.000    0.000   70.000    0.000    3.461    0.000 
  127  -56.075    0.340  324.000    0.000   73.000    0.000    3.639    0.000 
  128  -60.980    0.316  317.000    0.000   74.000    0.000    3.487    0.000 
  129  -70.036    0.293  322.000    0.000   74.000    0.000    3.938    0.000 
  130  -71.961    0.297  318.000    0.000   74.000    0.000    3.938    0.000 
  131  -71.039    0.352  322.000    0.000   72.000    0.000    3.809    0.000 
  132  -79.842    0.277  319.000    0.000   72.000    0.000    3.395    0.000 
  133  -81.023    0.309  320.000    0.000   71.000    0.000    3.291    0.000 
  134  -78.312    0.379  321.000    0.000   70.000    0.000    3.369    0.000 
  135  -74.853    0.277  322.000    0.000   69.000    0.000    3.176    0.000 
  136  -67.311    0.270  317.000    0.000   71.000    0.000    2.922    0.000 
  137  -79.874    0.348  316.000    0.000   70.000    0.000    3.276    0.000 
  138  -78.391    0.355  315.000    0.000   69.000    0.000    3.176    0.000 
  139  -76.560    0.328  321.000    0.000   71.000    0.000    3.325    0.000 
  140  -97.509    0.305  315.000    0.000   69.000    0.000    3.276    0.000 
  141  -87.372    0.336  323.000    0.000   69.000    0.000    3.252    0.000 
  142  -96.201    0.355  324.000    0.000   71.000    0.000    3.000    0.000 
  143 -106.630    0.258  322.000    0.000   72.000    0.000    3.085    0.000 
  144 -110.042    0.297  316.000    0.000   72.000    0.000    3.085    0.000 
