    0 0.000000 326.324155 0.000000 0.000000 0.000000 0.000000 0.000000
    1 1.240347 303.603147 4.781250 0.879626 0.000000 2.048582 0.275391
    2 1.163014 318.728548 5.648438 1.013460 0.000000 2.110339 0.213867
    3 1.368211 319.411766 5.195312 0.408819 0.000000 1.978123 0.265625
    4 1.070047 311.247799 4.859375 0.716735 0.000000 2.325085 0.236328
    5 1.163014 327.263218 4.578125 0.489023 0.000000 1.997154 0.305664
    6 1.261062 324.486718 3.835938 0.550113 0.000000 2.288359 0.321289
    7 1.255055 316.980865 3.937500 0.457222 0.000000 2.419845 0.313477
    8 1.160629 322.775606 4.765625 1.057767 0.000000 2.559967 0.229492
    9 1.070047 328.708978 4.328125 0.449621 0.000000 2.058837 0.317383
   10 1.091335 319.144323 4.562500 0.546030 0.000000 2.078108 0.267578
   11 1.619803 336.310217 4.804688 0.432649 0.000000 2.140420 0.265625
   12 1.150521 328.137549 4.648438 0.473868 0.000000 2.307621 0.273438
   13 1.150521 327.086098 4.867188 0.642589 0.000000 2.119124 0.254883
   14 1.163014 310.583361 4.414062 0.343245 0.000000 2.251193 0.293945
   15 1.233171 305.347532 5.218750 0.804408 0.000000 2.282671 0.220703
   16 1.073166 311.041204 4.867188 0.797399 0.000000 1.968642 0.305664
   17 1.240347 314.863218 4.757812 0.585722 0.000000 2.384051 0.250977
   18 1.386750 328.217496 4.578125 0.439571 0.000000 2.283598 0.293945
   19 1.465865 323.720361 4.359375 0.722469 0.000000 2.642653 0.247070
   20 1.236694 325.369915 4.609375 0.375038 0.000000 2.395012 0.277344
   21 1.351882 324.063218 5.031250 0.490183 0.000000 2.292253 0.253906
   22 1.091335 314.820170 4.726562 0.468441 0.000000 2.174388 0.272461
   23 1.233171 311.529795 4.500000 0.733138 0.000000 2.284643 0.273438
   24 1.316711 328.023264 4.859375 0.695292 0.000000 2.236380 0.241211
   25 1.160629 336.674715 4.695312 0.421626 0.000000 2.108929 0.299805
   26 1.233171 330.368018 5.109375 0.447276 0.000000 2.233115 0.238281
   27 1.156407 342.451063 4.789062 0.528632 0.000000 2.237281 0.245117
   28 1.456022 343.035886 4.625000 0.560848 0.000000 2.346674 0.296875
   29 1.589268 331.085440 4.554688 1.118006 0.000000 2.367082 0.230469
   30 1.457384 343.526052 4.226562 0.470297 0.000000 2.590325 0.290039
   31 1.143544 333.334995 4.492188 0.636851 0.000000 2.437433 0.252930
   32 1.260572 327.150829 4.601562 0.513499 0.000000 2.169149 0.305664
   33 1.255055 310.027389 5.179688 0.336218 0.000000 2.006343 0.258789
   34 1.426437 327.421328 4.531250 0.485770 0.000000 2.463947 0.277344
   35 1.177124 327.310217 4.429688 0.489457 0.000000 2.396320 0.281250
   36 1.081665 321.552077 4.203125 0.428250 0.000000 2.230603 0.333008
   37 1.465865 312.556088 4.773438 0.891981 0.000000 2.043617 0.282227
   38 1.150521 327.745138 5.023438 0.717107 0.000000 2.254307 0.246094
   39 1.343710 308.328815 5.132812 1.059725 0.000000 2.137985 0.234375
   40 1.276079 324.914669 4.453125 0.818761 0.000000 2.323075 0.258789
   41 1.233171 334.647383 4.429688 0.767463 0.000000 2.069607 0.267578
   42 1.091335 322.368018 4.765625 0.321956 0.000000 2.382860 0.257812
   43 1.326320 329.320361 4.679688 0.455970 0.000000 1.981971 0.319336
   44 1.277016 325.320361 4.492188 0.493007 0.000000 2.183537 0.289062
   45 1.070047 327.173709 4.601562 0.372705 0.000000 1.899939 0.345703
   46 1.156407 328.038441 5.226562 0.613980 0.000000 1.984735 0.261719
   47 1.419116 333.207972 4.492188 0.401533 0.000000 2.376509 0.290039
   48 1.070047 327.998487 5.210938 0.517307 0.000000 2.195136 0.260742
   49 1.073807 325.289892 4.468750 0.729407 0.000000 2.003924 0.290039
   50 1.146563 339.667050 5.101562 0.486088 0.000000 2.032422 0.294922
   51 1.184951 334.661940 4.953125 0.512899 0.000000 2.072136 0.291016
   52 1.230769 320.320794 4.500000 0.418923 0.000000 2.327871 0.290039
   53 1.163014 327.541344 4.640625 0.555740 0.000000 2.018393 0.273438
   54 1.338111 325.339447 4.398438 0.447364 0.000000 2.135896 0.319336
   55 1.343710 322.122258 4.539062 0.610426 0.000000 2.591536 0.246094
   56 1.163014 324.708978 4.585938 0.588136 0.000000 2.373508 0.252930
   57 1.343710 315.903770 4.945312 0.597679 0.000000 2.260130 0.227539
   58 1.556113 335.661940 4.296875 0.438048 0.000000 2.471540 0.289062
   59 1.256706 338.643551 4.468750 0.556632 0.000000 2.416208 0.270508
   60 1.270352 319.918464 4.718750 0.423894 0.000000 2.365006 0.252930
   61 1.240347 322.969915 4.734375 0.473825 0.000000 2.264558 0.293945
   62 1.326320 320.962594 4.937500 0.464106 0.000000 2.024058 0.278320
   63 1.257410 322.727300 4.875000 0.498040 0.000000 2.065794 0.273438
   64 1.257410 329.779401 4.921875 0.670613 0.000000 2.018392 0.289062
   65 1.548126 322.307662 4.281250 0.456883 0.000000 2.607380 0.274414
   66 1.343710 341.512553 4.421875 0.497034 0.000000 2.790428 0.274414
   67 1.075207 319.990134 4.078125 0.485094 0.000000 2.431523 0.315430
   68 1.156407 317.316783 4.742188 0.573244 0.000000 1.966078 0.274414
   69 1.068748 316.257157 5.406250 0.689692 0.000000 2.143009 0.188477
   70 1.177124 315.746462 5.765625 0.688422 0.000000 1.931697 0.207031
   71 1.711724 328.773052 4.414062 0.708587 0.000000 2.400973 0.268555
   72 1.257410 330.264495 4.515625 0.724129 0.000000 2.265602 0.292969
   73 1.255055 335.333717 4.429688 0.582961 0.000000 2.136336 0.337891
   74 1.163014 320.609653 4.523438 0.728077 0.000000 2.278693 0.283203
   75 1.307692 317.759831 5.085938 0.634161 0.000000 2.054266 0.249023
   76 1.088564 319.026676 4.882812 0.657111 0.000000 2.093686 0.246094
   77 1.163014 320.189867 5.476562 1.514122 0.000000 2.046031 0.202148
   78 1.160629 324.310875 5.148438 0.669309 0.000000 2.222780 0.230469
   79 1.163014 318.855629 4.429688 0.444407 0.000000 2.487399 0.258789
   80 1.335935 307.669724 4.796875 0.620484 0.000000 2.286492 0.233398
   81 1.236694 335.199106 4.515625 0.423180 0.000000 2.398024 0.286133
   82 1.151751 338.778161 4.351562 0.531924 0.000000 2.150438 0.377930
   83 1.240347 340.196551 4.671875 0.416399 0.000000 2.146997 0.323242
   84 1.070047 329.002281 5.187500 0.961327 0.000000 2.206823 0.214844
   85 1.270094 315.098512 5.132812 0.464422 0.000000 2.032409 0.271484
   86 1.177124 320.609653 5.070312 0.450673 0.000000 1.983956 0.274414
   87 1.233171 322.039688 5.109375 0.698652 0.000000 2.097386 0.252930
   88 1.148824 327.476612 5.281250 0.605065 0.000000 2.217549 0.216797
   89 1.240347 311.294501 4.882812 0.745590 0.000000 2.245139 0.235352
   90 1.255055 338.333717 4.765625 0.449572 0.000000 2.235765 0.267578
   91 1.160629 324.202281 4.328125 0.541312 0.000000 2.234251 0.295898
   92 1.146563 327.625161 4.843750 0.493999 0.000000 2.058652 0.303711
   93 1.070047 329.028955 4.992188 0.686003 0.000000 1.922909 0.277344
   94 1.106993 330.236544 4.992188 0.844048 0.000000 2.097894 0.251953
   95 1.240347 319.098512 5.039062 0.824245 0.000000 2.169282 0.276367
   96 1.156407 312.274983 4.726562 0.700000 0.000000 2.086598 0.291016
   97 1.160629 321.526052 4.671875 0.774404 0.000000 2.200063 0.266602
   98 1.233171 306.997086 5.000000 0.761206 0.000000 2.148794 0.274414
   99 1.237656 342.054438 5.062500 0.554204 0.000000 2.119054 0.260742
  100 1.233171 325.453732 4.953125 0.532502 0.000000 2.333205 0.230469
  101 1.071429 330.579401 4.390625 0.539808 0.000000 2.596751 0.271484
  102 1.078164 327.232749 4.687500 0.417357 0.000000 2.070192 0.300781
  103 1.156407 310.676230 4.484375 0.374285 0.000000 2.079636 0.323242
  104 1.233171 343.258108 4.804688 0.477806 0.000000 2.322318 0.281250
  105 1.088564 307.611435 5.171875 0.813840 0.000000 2.226161 0.217773
  106 1.240347 328.520361 5.296875 0.790754 0.000000 2.018048 0.231445
  107 1.160629 316.274983 5.640625 0.905860 0.000000 2.002344 0.203125
  108 1.151086 310.192719 4.710938 0.581942 0.000000 2.187117 0.280273
  109 1.078164 313.995125 5.117188 0.463349 0.000000 1.954436 0.250977
  110 1.255055 332.356521 4.539062 0.637609 0.000000 2.135662 0.283203
  111 1.335935 325.811766 4.992188 0.569079 0.000000 2.203107 0.264648
  112 1.243964 326.349582 4.703125 0.657540 0.000000 2.102164 0.287109
  113 1.151086 322.482304 4.804688 0.580633 0.000000 2.088100 0.261719
  114 1.150521 327.998487 4.507812 0.645739 0.000000 2.198553 0.313477
  115 1.145087 310.278102 5.109375 1.168782 0.000000 2.047925 0.231445
  116 1.163014 320.140312 5.148438 0.952083 0.000000 2.021742 0.238281
  117 1.257410 328.087995 4.992188 0.482497 0.000000 2.025756 0.266602
  118 1.078164 320.323289 4.820312 0.473959 0.000000 1.879981 0.291016
  119 1.150521 340.754662 4.656250 0.519143 0.000000 1.838202 0.322266
  120 1.353514 326.145138 4.289062 0.564932 0.000000 2.053831 0.343750
  121 1.160629 319.630852 4.164062 0.415518 0.000000 2.258035 0.287109
  122 1.335935 318.691789 4.570312 0.679914 0.000000 2.190884 0.267578
  123 1.151086 334.758494 3.953125 0.562039 0.000000 2.633862 0.297852
  124 1.237656 316.473468 4.781250 0.698296 0.000000 2.153629 0.271484
  125 1.160629 307.045036 4.976562 0.918422 0.000000 2.037027 0.247070
  126 1.150521 320.791382 5.359375 0.369514 0.000000 2.047359 0.259766
  127 1.233171 326.194692 5.101562 0.538081 0.000000 1.979573 0.257812
  128 1.343710 329.708940 4.664062 0.516747 0.000000 2.380776 0.260742
  129 1.325427 330.465115 4.203125 0.588591 0.000000 2.321836 0.314453
  130 1.261062 311.905018 4.742188 0.562957 0.000000 2.047617 0.271484
  131 1.078164 315.905018 4.992188 0.472162 0.000000 2.091657 0.232422
  132 1.078164 317.647443 4.710938 0.876660 0.000000 2.428465 0.220703
  133 1.343710 340.649032 4.750000 0.429851 0.000000 2.355925 0.263672
  134 1.250000 341.643551 3.546875 0.636558 0.000000 2.614136 0.344727
  135 1.070489 323.402281 4.609375 0.485943 0.000000 1.877783 0.328125
  136 1.339068 325.827058 4.750000 0.485387 0.000000 2.171179 0.269531
  137 1.156407 314.235678 4.640625 0.432719 0.000000 2.254306 0.270508
  138 1.078164 319.617407 4.914062 0.424568 0.000000 2.115037 0.239258
  139 1.084652 333.526052 4.539062 0.427982 0.000000 2.335372 0.295898
  140 1.091335 333.754662 4.609375 0.691484 0.000000 2.127168 0.301758
  141 1.088564 321.206075 4.328125 0.537268 0.000000 2.021811 0.330078
  142 1.419116 317.486098 4.796875 0.408323 0.000000 2.236522 0.288086
  143 1.388524 323.009869 4.343750 0.754866 0.000000 2.540770 0.274414
  144 1.153846 327.263218 4.851562 0.414369 0.000000 2.318589 0.228516
  145 1.236694 312.157336 5.023438 0.706923 0.000000 2.120262 0.244141
  146 1.230769 323.098512 4.765625 0.799218 0.000000 2.171439 0.279297
  147 1.148824 323.406890 5.539062 0.542533 0.000000 2.090654 0.216797
  148 1.240347 331.352726 5.625000 0.918953 0.000000 1.984702 0.238281
  149 1.236694 326.909029 5.179688 0.376578 0.000000 2.107711 0.250000
  150 1.070489 322.171812 4.617188 0.611272 0.000000 2.424505 0.225586
  151 1.257410 324.196589 4.507812 0.364265 0.000000 2.137907 0.304688
  152 1.233171 317.499760 4.976562 0.641906 0.000000 1.970832 0.266602
  153 1.257410 317.379617 4.976562 0.683942 0.000000 2.192221 0.238281
  154 1.163014 318.937549 4.945312 0.660793 0.000000 2.216387 0.232422
  155 1.160629 323.004178 5.031250 0.484849 0.000000 2.072639 0.268555
  156 1.175266 332.111495 4.390625 0.495268 0.000000 2.157663 0.318359
  157 1.252775 336.884163 4.039062 0.452598 0.000000 2.314955 0.328125
  158 1.175266 315.080241 4.585938 0.656921 0.000000 2.246069 0.291016
  159 1.073807 317.315535 5.132812 0.724366 0.000000 2.241848 0.224609
  160 1.335935 330.716567 4.664062 0.439840 0.000000 2.201137 0.311523
  161 1.160629 317.526052 4.710938 0.418852 0.000000 2.086416 0.282227
  162 1.073807 312.086391 4.843750 0.915408 0.000000 2.201675 0.260742
  163 1.160629 310.058851 5.031250 0.907086 0.000000 2.022875 0.239258
  164 1.145087 313.830152 5.257812 0.947297 0.000000 2.067084 0.193359
  165 1.131923 322.627058 5.382812 0.570636 0.000000 2.054231 0.219727
  166 1.426437 325.764224 4.773438 0.565440 0.000000 2.175386 0.291992
  167 1.084652 316.225428 4.562500 0.531498 0.000000 2.407543 0.258789
  168 1.081665 339.896938 5.148438 0.526430 0.000000 2.011935 0.258789
  169 1.233171 330.890550 4.484375 0.630648 0.000000 2.428246 0.280273
  170 1.386750 322.030852 4.242188 0.515677 0.000000 2.525781 0.275391
  171 1.475127 330.715327 4.148438 0.421177 0.000000 2.591949 0.287109
  172 1.386750 324.995274 3.695312 0.841601 0.000000 2.905229 0.266602
  173 1.078164 316.392630 4.476562 0.544321 0.000000 2.362275 0.278320
  174 1.068393 338.761049 5.062500 0.616847 0.000000 1.931464 0.278320
  175 1.153001 323.872487 4.734375 0.516756 0.000000 1.969957 0.313477
  176 1.150521 319.669724 4.968750 0.545601 0.000000 1.889628 0.260742
  177 1.163014 308.620794 5.414062 0.650141 0.000000 1.988103 0.225586
  178 1.276079 332.129846 5.414062 0.919055 0.000000 1.993807 0.223633
  179 1.240347 325.453732 4.226562 0.640714 0.000000 2.161054 0.318359
  180 1.114259 334.668328 4.335938 0.382911 0.000000 2.396777 0.315430
  181 1.308560 325.598487 4.742188 0.655592 0.000000 1.921933 0.287109
  182 1.150521 310.923824 5.398438 0.693306 0.000000 1.910971 0.232422
  183 1.201850 331.379401 5.171875 0.896043 0.000000 2.121017 0.227539
  184 1.081665 345.513897 4.132812 0.542431 0.000000 2.439281 0.308594
  185 1.163014 321.081489 3.718750 0.548797 0.000000 2.480773 0.316406
  186 1.070047 313.950295 5.265625 0.689943 0.000000 1.945025 0.248047
  187 1.160629 327.118464 5.226562 0.722368 0.000000 2.147570 0.207031
  188 1.073807 333.314050 4.179688 0.451400 0.000000 2.147225 0.353516
  189 1.092975 323.886098 4.304688 0.634382 0.000000 2.093148 0.330078
  190 1.073807 321.080241 4.125000 0.624539 0.000000 2.061213 0.318359
  191 1.240347 316.911525 4.828125 0.546955 0.000000 2.283294 0.266602
  192 1.368211 328.177504 5.000000 0.728369 0.000000 1.979798 0.240234
  193 1.355669 322.235678 4.703125 0.344001 0.000000 2.267913 0.282227
  194 1.509231 328.452493 4.929688 0.696160 0.000000 2.479686 0.240234
  195 1.335935 321.499760 4.687500 0.531280 0.000000 2.413100 0.280273
  196 1.362351 317.732558 5.320312 0.600267 0.000000 2.060547 0.248047
  197 1.081665 315.294501 4.929688 0.572774 0.000000 2.045807 0.260742
  198 1.280625 314.577122 5.062500 0.397321 0.000000 2.124320 0.249023
  199 1.388524 320.748932 4.335938 0.490651 0.000000 2.288742 0.302734
  200 1.240347 312.205642 5.023438 0.428526 0.000000 2.131191 0.259766
  201 1.225924 322.022665 4.929688 0.605360 0.000000 2.015979 0.254883
  202 1.362351 316.039688 4.734375 0.661059 0.000000 1.946653 0.293945
  203 1.163014 326.552726 4.976562 0.823509 0.000000 2.161544 0.265625
  204 1.233171 330.000384 4.468750 0.590041 0.000000 2.201333 0.313477
  205 1.419116 332.783195 4.343750 0.393636 0.000000 2.382505 0.292969
  206 1.156407 319.948932 4.695312 0.472758 0.000000 2.317120 0.276367
  207 1.233171 327.804178 4.843750 0.533988 0.000000 2.187417 0.272461
  208 1.248447 329.548932 5.546875 0.918388 0.000000 2.097396 0.206055
  209 1.088564 320.147035 4.968750 0.532823 0.000000 2.155928 0.245117
  210 1.142857 328.082304 4.429688 0.461800 0.000000 2.296406 0.304688
  211 1.163586 327.948932 4.703125 0.784319 0.000000 2.259122 0.268555
  212 1.257410 323.334995 4.445312 0.704622 0.000000 2.203532 0.296875
  213 1.257410 320.343241 4.585938 0.544546 0.000000 2.463686 0.280273
  214 1.078164 315.366337 4.843750 0.506352 0.000000 2.015004 0.279297
  215 1.150521 317.289243 5.351562 0.653087 0.000000 1.993737 0.256836
  216 1.236694 321.712772 5.226562 0.616274 0.000000 2.163255 0.232422
  217 1.343710 313.552077 5.039062 0.393491 0.000000 2.188789 0.272461
  218 1.156407 338.327330 4.984375 0.973184 0.000000 2.254084 0.243164
  219 1.240347 333.649938 4.468750 0.556195 0.000000 2.138660 0.276367
  220 1.343710 319.950829 4.062500 0.469217 0.000000 2.361901 0.277344
  221 1.078164 328.750829 4.289062 0.452228 0.000000 2.363727 0.322266
  222 1.252775 338.647383 4.679688 0.592987 0.000000 2.290049 0.275391
  223 1.163014 325.975606 4.234375 0.539339 0.000000 2.070607 0.318359
  224 1.088564 322.301275 4.640625 0.554174 0.000000 2.078089 0.291016
  225 1.233171 325.257527 4.289062 0.542143 0.000000 2.345555 0.294922
  226 1.153001 321.379617 5.031250 0.770704 0.000000 2.012796 0.237305
  227 1.243904 311.045036 5.273438 0.695185 0.000000 1.844831 0.255859
  228 1.078164 322.231934 5.054688 0.946113 0.000000 1.882551 0.264648
  229 1.257410 317.550829 4.765625 0.516816 0.000000 2.276726 0.253906
  230 1.343710 317.027058 4.679688 0.665242 0.000000 2.323778 0.235352
  231 1.000000 324.545138 4.328125 0.484019 0.000000 2.294499 0.310547
  232 1.276079 327.541344 4.328125 0.365616 0.000000 2.310862 0.332031
  233 1.338111 321.767585 4.890625 0.381461 0.000000 1.921780 0.301758
  234 1.078164 306.988886 5.218750 0.615909 0.000000 1.923804 0.270508
  235 1.151751 319.294501 5.460938 1.113700 0.000000 2.026579 0.211914
  236 1.029563 315.216159 4.945312 0.482567 0.000000 2.170203 0.293945
  237 1.355669 321.143241 4.500000 0.625694 0.000000 2.321483 0.284180
  238 1.255055 320.545138 4.429688 0.523370 0.000000 2.274048 0.299805
  239 1.479419 317.197888 4.593750 0.526698 0.000000 2.009779 0.307617
  240 1.000000 308.581132 4.867188 0.897190 0.000000 2.074258 0.275391
  241 1.151751 317.617407 5.273438 0.732509 0.000000 1.911652 0.235352
  242 1.145087 308.254394 5.570312 0.824389 0.000000 2.185314 0.188477
  243 1.088564 315.903770 5.515625 0.768683 0.000000 1.943325 0.207031
  244 1.150521 318.610901 5.640625 0.922076 0.000000 1.913780 0.208984
  245 1.142857 320.558583 4.539062 0.415924 0.000000 2.089489 0.311523
  246 1.343710 318.552726 5.000000 0.589701 0.000000 2.394418 0.232422
  247 1.240347 317.382113 4.835938 0.583292 0.000000 2.282047 0.273438
  248 1.163014 324.604178 4.687500 0.561066 0.000000 2.308906 0.250977
  249 1.067187 328.196551 4.234375 0.421307 0.000000 2.358103 0.305664
  250 1.150521 329.891789 4.382812 0.617798 0.000000 2.144446 0.308594
  251 1.177124 331.087995 4.367188 0.357885 0.000000 1.870641 0.351562
  252 1.151086 310.556355 4.734375 0.607900 0.000000 2.038693 0.288086
  253 1.257410 315.162416 5.273438 0.666476 0.000000 1.942864 0.251953
  254 1.175266 334.773052 5.242188 0.678860 0.000000 2.029528 0.236328
  255 1.073807 318.846195 5.484375 0.694022 0.000000 2.055362 0.203125
  256 1.548126 319.347035 5.437500 0.864644 0.000000 2.122323 0.203125
  257 1.316711 323.168018 4.328125 0.617679 0.000000 2.581706 0.255859
  258 1.343710 313.080241 4.601562 0.545309 0.000000 2.335360 0.273438
  259 1.237656 337.205494 4.867188 0.619509 0.000000 2.213191 0.265625
  260 1.196843 323.745138 4.453125 0.582232 0.000000 2.250060 0.286133
  261 1.240347 312.349314 4.648438 0.404601 0.000000 2.143380 0.283203
  262 1.233171 333.400651 4.765625 0.879885 0.000000 2.235613 0.259766
  263 1.237656 312.941560 5.039062 0.630194 0.000000 1.943679 0.278320
  264 1.091335 315.504038 5.429688 0.647479 0.000000 2.014954 0.204102
  265 1.419116 318.231934 5.171875 0.735706 0.000000 1.973445 0.260742
  266 1.276079 321.761346 4.890625 1.155482 0.000000 2.078273 0.244141
  267 1.163586 323.689892 4.781250 0.364355 0.000000 2.222599 0.248047
  268 1.236694 322.039688 4.906250 0.636109 0.000000 2.009445 0.293945
  269 1.248529 323.526052 5.328125 0.988049 0.000000 2.055925 0.198242
  270 1.343710 333.124804 5.234375 0.669012 0.000000 2.173466 0.232422
  271 1.233171 326.920361 5.117188 0.897714 0.000000 2.197029 0.235352
  272 1.156407 311.283628 4.890625 0.727282 0.000000 2.103686 0.266602
  273 1.338111 330.111495 4.781250 0.588759 0.000000 2.256862 0.267578
  274 1.335935 332.554624 4.828125 0.606312 0.000000 2.227432 0.250000
  275 1.233171 310.438441 5.750000 0.971034 0.000000 1.889827 0.206055
  276 1.233171 311.406890 5.546875 0.516981 0.000000 2.067547 0.197266
  277 1.500000 336.108492 4.539062 0.696405 0.000000 2.423006 0.245117
  278 1.380257 329.532440 4.351562 0.482182 0.000000 2.642272 0.282227
  279 1.177124 328.549552 3.718750 0.466553 0.000000 2.583438 0.320312
  280 1.233171 330.651835 4.546875 0.482930 0.000000 2.180837 0.291016
  281 1.343710 328.316605 4.312500 0.484365 0.000000 2.259031 0.293945
  282 1.309953 312.702255 4.617188 0.676160 0.000000 2.225302 0.268555
  283 1.236694 328.668328 4.203125 0.523173 0.000000 2.500534 0.298828
  284 1.236694 338.820051 4.546875 0.577980 0.000000 2.271191 0.286133
  285 1.302306 316.244132 3.820312 0.522351 0.000000 2.125289 0.351562
  286 1.160629 318.482304 3.812500 0.571590 0.000000 2.644984 0.287109
  287 1.338111 324.838441 4.382812 0.506594 0.000000 2.261063 0.291992
  288 1.255055 321.796589 4.500000 0.461907 0.000000 2.349333 0.284180
  289 1.173231 327.834646 4.546875 0.386669 0.000000 2.163989 0.311523
  290 1.160629 320.349582 4.804688 0.890276 0.000000 2.019825 0.264648
  291 1.325427 330.537549 4.406250 0.602054 0.000000 2.232677 0.282227
  292 1.343710 320.800384 4.500000 0.416617 0.000000 2.162886 0.331055
  293 1.078164 314.706266 4.875000 0.437742 0.000000 2.047963 0.289062
  294 1.185114 334.228993 4.976562 0.377278 0.000000 2.066736 0.260742
  295 1.240347 315.850205 5.039062 0.397916 0.000000 2.396035 0.234375
  296 1.375704 329.375606 4.476562 0.610150 0.000000 2.317444 0.268555
  297 1.548126 315.655629 3.812500 0.580983 0.000000 2.740406 0.278320
  298 1.160629 316.791382 4.710938 0.390649 0.000000 2.376193 0.228516
  299 1.243904 316.941560 4.601562 0.652736 0.000000 2.028152 0.278320
  300 1.073166 323.287995 4.382812 0.494789 0.000000 2.342339 0.278320
  301 1.335935 310.909029 5.304688 0.828905 0.000000 2.056234 0.212891
  302 1.151086 324.750829 4.703125 0.349136 0.000000 2.097539 0.290039
  303 1.295408 337.518178 5.156250 0.873184 0.000000 2.167057 0.215820
  304 1.270352 335.480330 3.945312 0.570542 0.000000 2.431763 0.322266
  305 1.257410 313.497264 4.085938 0.790167 0.000000 2.483986 0.285156
  306 1.088564 333.105107 4.023438 0.623253 0.000000 2.512035 0.292969
  307 1.078164 316.958583 4.867188 0.641543 0.000000 1.963467 0.304688
  308 1.240347 315.529795 5.609375 0.930435 0.000000 2.030703 0.200195
  309 1.261062 321.289892 4.648438 0.409239 0.000000 2.223304 0.279297
  310 1.419116 339.776512 3.750000 0.656658 0.000000 2.648868 0.324219
  311 1.142177 329.453732 4.492188 0.459940 0.000000 2.448585 0.291016
  312 1.164057 324.768018 4.382812 0.532521 0.000000 1.956871 0.343750
  313 1.361560 331.379401 4.914062 0.424181 0.000000 2.122659 0.265625
  314 1.256706 328.334995 4.367188 0.359460 0.000000 2.079898 0.325195
  315 1.151086 331.826438 4.109375 0.495879 0.000000 2.051476 0.341797
  316 1.180281 314.118031 4.890625 0.642131 0.000000 2.078906 0.247070
  317 1.237656 322.318464 4.546875 0.422926 0.000000 2.411237 0.271484
  318 1.070489 328.897481 4.421875 0.479738 0.000000 2.258526 0.306641
  319 1.000000 306.300829 5.453125 0.816160 0.000000 2.032278 0.226562
  320 1.145087 326.057527 5.375000 0.370804 0.000000 2.098672 0.261719
  321 1.368211 329.499378 4.406250 0.660744 0.000000 2.362434 0.282227
  322 1.442221 331.720361 4.320312 0.430746 0.000000 2.171606 0.328125
  323 1.278275 331.674715 4.476562 0.594226 0.000000 2.073301 0.313477
  324 1.255055 325.143241 4.398438 0.528481 0.000000 2.375573 0.271484
  325 1.355669 332.048661 4.234375 0.624715 0.000000 2.321509 0.307617
  326 1.500000 322.806075 4.781250 0.493050 0.000000 2.409193 0.269531
  327 1.151751 316.676230 4.960938 0.599866 0.000000 2.502949 0.216797
  328 1.151751 308.984430 5.335938 0.577628 0.000000 2.030935 0.246094
  329 1.388524 329.375606 5.335938 0.761664 0.000000 2.238839 0.217773
  330 1.078164 327.396589 4.585938 0.532279 0.000000 2.427213 0.279297
  331 1.142857 319.499760 4.757812 1.006636 0.000000 2.103525 0.280273
  332 1.361560 339.754662 4.648438 0.516630 0.000000 2.149586 0.281250
  333 1.163014 311.005375 4.664062 0.594722 0.000000 2.491017 0.254883
  334 1.151751 323.525785 4.679688 0.535324 0.000000 2.358957 0.258789
  335 1.343710 317.436544 4.757812 0.697136 0.000000 2.676136 0.208008
  336 1.334474 351.906023 4.328125 0.367091 0.000000 2.275108 0.323242
  337 1.335935 329.230852 4.781250 0.848543 0.000000 2.069552 0.279297
  338 1.230325 328.554624 4.992188 0.594509 0.000000 1.882261 0.278320
  339 1.227294 351.427192 4.890625 0.491035 0.000000 2.050801 0.272461
  340 1.163014 341.427716 4.484375 0.645997 0.000000 2.146592 0.311523
  341 1.163586 315.059207 4.820312 0.599943 0.000000 2.049700 0.263672
  342 1.071078 326.194692 5.117188 0.659532 0.000000 1.920791 0.268555
  343 1.261062 324.634646 5.039062 0.593605 0.000000 2.068118 0.253906
  344 1.256706 328.048661 4.343750 0.589159 0.000000 2.246779 0.337891
  345 1.070047 319.499760 4.460938 0.544108 0.000000 2.303049 0.291016
  346 1.180281 327.859424 4.796875 0.481158 0.000000 1.974632 0.277344
  347 1.236694 341.643551 4.210938 0.692865 0.000000 2.621110 0.285156
  348 1.073807 314.660455 4.835938 0.381987 0.000000 2.227606 0.270508
  349 1.163014 306.921061 5.203125 0.907649 0.000000 2.016975 0.232422
  350 1.257410 312.217496 5.132812 0.736558 0.000000 2.093665 0.261719
  351 1.160629 328.375606 4.992188 0.426129 0.000000 2.054493 0.287109
  352 1.233171 334.112772 4.789062 0.642662 0.000000 2.109220 0.274414
  353 1.156407 332.038441 4.890625 0.438774 0.000000 2.268888 0.271484
  354 1.180281 311.264466 4.921875 0.530517 0.000000 2.103231 0.273438
  355 1.160629 320.087995 4.539062 0.433254 0.000000 2.272980 0.298828
  356 1.012423 322.855629 4.976562 0.433546 0.000000 1.988937 0.273438
  357 1.368211 317.144323 4.648438 0.708904 0.000000 2.290849 0.273438
  358 1.473815 326.547035 4.632812 0.653252 0.000000 2.329404 0.254883
  359 1.335935 317.686747 4.562500 0.495752 0.000000 2.285547 0.280273
  360 1.307692 313.642184 5.195312 0.609519 0.000000 2.267167 0.201172
  361 1.325427 330.945138 5.156250 0.680710 0.000000 1.897827 0.253906
  362 1.256706 332.667050 4.109375 0.503934 0.000000 2.618804 0.295898
  363 1.562889 344.755110 3.750000 0.480785 0.000000 2.614340 0.317383
  364 1.233171 325.948334 4.640625 0.483834 0.000000 2.251826 0.290039
  365 1.156407 328.522258 4.875000 0.733105 0.000000 1.938577 0.279297
  366 1.163014 315.878993 4.898438 0.573313 0.000000 2.195989 0.250000
  367 1.419116 319.173709 4.656250 0.580575 0.000000 2.220199 0.284180
  368 1.088564 323.183195 4.710938 0.616898 0.000000 2.274824 0.268555
  369 1.255055 322.030852 4.562500 0.466367 0.000000 2.255553 0.301758
  370 1.270352 315.630852 3.929688 0.537023 0.000000 2.575185 0.296875
  371 1.368211 313.668476 4.632812 0.593615 0.000000 2.351544 0.260742
  372 1.486946 313.065981 5.007812 0.700295 0.000000 2.103014 0.248047
  373 1.278275 324.343241 5.218750 0.517018 0.000000 2.162959 0.283203
  374 1.153846 327.263218 4.312500 0.493763 0.000000 2.149256 0.299805
  375 1.257410 326.438441 4.890625 0.665788 0.000000 2.127241 0.285156
  376 1.243904 314.192719 5.171875 0.634662 0.000000 2.042747 0.221680
  377 1.388524 321.290758 5.820312 0.872168 0.000000 1.917667 0.191406
  378 1.233171 321.264466 5.062500 0.680151 0.000000 2.049592 0.276367
  379 1.335935 333.486098 4.890625 0.677256 0.000000 1.810781 0.295898
  380 1.163014 323.884201 4.585938 0.365738 0.000000 2.064593 0.317383
  381 1.097725 325.175606 4.812500 0.527941 0.000000 1.976531 0.272461
  382 1.163586 337.784549 4.273438 0.562379 0.000000 2.178495 0.334961
  383 1.163014 318.465713 4.546875 0.659666 0.000000 2.007439 0.328125
  384 1.252775 344.869529 4.585938 0.540969 0.000000 1.998853 0.320312
  385 1.456022 312.254394 4.781250 0.468427 0.000000 2.086304 0.309570
  386 1.070047 322.610901 4.953125 0.450770 0.000000 2.031358 0.281250
  387 1.255055 319.996640 4.945312 0.520899 0.000000 2.013814 0.283203
  388 1.338111 316.002879 4.976562 0.500643 0.000000 1.951456 0.281250
  389 1.243904 325.828955 4.898438 0.760134 0.000000 2.084569 0.251953
  390 1.350858 322.205642 4.632812 0.573431 0.000000 2.021309 0.305664
  391 1.257410 323.009869 4.804688 0.418957 0.000000 2.100142 0.269531
  392 1.475127 327.819470 4.539062 0.409572 0.000000 2.485316 0.265625
  393 1.163014 330.628955 4.867188 0.412975 0.000000 2.324234 0.266602
  394 1.160629 324.686098 4.664062 0.364270 0.000000 2.134825 0.296875
  395 1.257410 312.157336 4.820312 0.484897 0.000000 2.281648 0.245117
  396 1.257410 320.375606 4.742188 0.511437 0.000000 2.163534 0.278320
  397 1.135756 336.333717 3.968750 0.456483 0.000000 2.565248 0.298828
  398 1.355669 329.851835 4.382812 0.402238 0.000000 2.250818 0.309570
  399 1.475127 326.884163 4.578125 0.523770 0.000000 2.192368 0.278320
  400 1.227294 319.289243 4.609375 0.520404 0.000000 2.178131 0.307617
  401 1.441383 336.427716 5.367188 0.412109 0.000000 1.920974 0.254883
  402 1.175266 320.909029 4.710938 0.659529 0.000000 2.164903 0.268555
  403 1.416667 325.737549 4.460938 0.607171 0.000000 2.357375 0.298828
  404 1.081665 333.668328 4.398438 0.645697 0.000000 2.375743 0.250000
  405 1.078164 325.648041 4.859375 0.572114 0.000000 2.164715 0.263672
  406 1.276079 321.434646 4.460938 0.562286 0.000000 2.336814 0.277344
  407 1.081665 328.773709 4.867188 0.607906 0.000000 1.963878 0.275391
  408 1.214286 309.454929 5.445312 0.961853 0.000000 1.944069 0.225586
  409 1.000000 321.637193 4.914062 0.491567 0.000000 2.184089 0.266602
  410 1.145087 320.673735 4.789062 0.577669 0.000000 2.118450 0.292969
  411 1.243904 322.727300 5.562500 0.743980 0.000000 1.910101 0.225586
  412 1.160629 345.297681 4.890625 0.367753 0.000000 2.065495 0.289062
  413 1.257410 317.048958 4.625000 0.521687 0.000000 2.212530 0.288086
  414 1.456022 316.702523 5.367188 0.909315 0.000000 2.207020 0.213867
  415 1.312457 334.778161 4.984375 0.813975 0.000000 2.582130 0.195312
  416 1.156407 324.887995 4.171875 0.432767 0.000000 2.385986 0.305664
  417 1.097725 319.264466 4.695312 0.409064 0.000000 2.361439 0.267578
  418 1.153001 326.055629 4.882812 0.657071 0.000000 1.795674 0.304688
  419 1.233171 322.157336 4.460938 0.646053 0.000000 2.055187 0.314453
  420 1.156407 318.909029 5.070312 0.729482 0.000000 1.971526 0.253906
  421 1.233171 325.230852 4.703125 0.452714 0.000000 2.307137 0.261719
  422 1.419116 317.648041 4.804688 0.552781 0.000000 2.393898 0.248047
  423 1.335935 331.590898 4.070312 0.645793 0.000000 2.662436 0.289062
  424 1.326320 327.859424 4.703125 0.514533 0.000000 2.264720 0.279297
  425 1.261062 321.315535 5.476562 0.534818 0.000000 1.980596 0.235352
  426 1.145087 310.799849 5.140625 0.775685 0.000000 1.976406 0.250000
  427 1.146563 320.021418 4.906250 0.701050 0.000000 1.875340 0.298828
  428 1.068748 310.788262 4.546875 0.767914 0.000000 2.094610 0.312500
  429 1.081665 314.631845 4.984375 0.598293 0.000000 1.996747 0.264648
  430 1.160629 338.919303 4.750000 0.587348 0.000000 2.212454 0.268555
  431 1.070047 315.434430 4.382812 0.523325 0.000000 2.174523 0.302734
  432 1.256706 321.207972 4.296875 0.552313 0.000000 2.083413 0.324219
  433 1.173231 343.186417 4.546875 0.539224 0.000000 2.541685 0.263672
  434 1.475127 335.270883 4.468750 0.555575 0.000000 2.383978 0.291992
  435 1.180281 314.963842 4.710938 0.569521 0.000000 2.416860 0.266602
  436 1.257410 341.983271 4.632812 0.474122 0.000000 2.369327 0.259766
  437 1.160629 309.177300 5.437500 1.346736 0.000000 2.005563 0.206055
  438 1.257410 325.091789 4.843750 0.601423 0.000000 2.201971 0.279297
  439 1.180281 316.375606 4.718750 0.665442 0.000000 2.318825 0.262695
  440 1.114259 315.098512 4.992188 0.601551 0.000000 1.981262 0.258789
  441 1.303840 334.529846 4.914062 0.460089 0.000000 1.954602 0.278320
  442 1.140175 324.002879 4.710938 0.623004 0.000000 2.198314 0.300781
  443 1.073807 316.375606 5.500000 0.752451 0.000000 2.042589 0.224609
  444 1.233171 327.461321 5.328125 0.857189 0.000000 2.085694 0.230469
  445 1.163586 338.779439 4.789062 0.678741 0.000000 2.403191 0.249023
  446 1.143544 332.063218 4.898438 0.495731 0.000000 2.180944 0.273438
  447 1.151086 331.222606 4.875000 0.438340 0.000000 2.129293 0.268555
  448 1.252775 328.106533 4.578125 0.502705 0.000000 1.846478 0.309570
  449 1.256706 311.315535 4.718750 0.798462 0.000000 2.170230 0.291992
  450 1.081665 331.034646 4.843750 0.490610 0.000000 2.467083 0.233398
  451 1.150521 318.140312 4.960938 0.675517 0.000000 2.238055 0.237305
  452 1.176918 318.791382 4.718750 0.568859 0.000000 2.201011 0.278320
  453 1.151751 320.936302 5.343750 0.926956 0.000000 2.078243 0.226562
  454 1.243904 329.206075 5.070312 0.538501 0.000000 1.962499 0.257812
  455 1.473815 331.643551 4.250000 0.469412 0.000000 2.325450 0.318359
  456 1.343710 322.920361 4.421875 0.541187 0.000000 2.457347 0.289062
  457 1.465865 318.844947 4.757812 0.431150 0.000000 2.262766 0.256836
  458 1.301319 319.761346 4.656250 0.606401 0.000000 2.160262 0.277344
  459 1.156407 329.011766 4.781250 0.562120 0.000000 2.112233 0.291016
  460 1.180281 331.643551 3.640625 0.379724 0.000000 2.507652 0.340820
  461 1.160629 344.087995 4.382812 0.459573 0.000000 2.455359 0.250000
  462 1.458918 346.870873 4.226562 0.385497 0.000000 2.244692 0.349609
  463 1.240347 320.023264 4.023438 0.483751 0.000000 2.227839 0.349609
  464 1.151086 318.438441 4.132812 0.861913 0.000000 2.459315 0.271484
  465 1.175266 325.320361 5.304688 0.783029 0.000000 1.898602 0.267578
  466 1.343710 328.748932 4.375000 0.438470 0.000000 2.264658 0.306641
  467 1.276079 310.799849 4.875000 0.630205 0.000000 2.049218 0.286133
  468 1.160629 322.909029 5.226562 0.815266 0.000000 2.059569 0.229492
  469 1.151086 329.518464 4.828125 0.796010 0.000000 2.134859 0.252930
  470 1.233171 315.294501 5.046875 0.635247 0.000000 2.099159 0.265625
  471 1.230769 322.609653 4.914062 0.412545 0.000000 2.419700 0.248047
  472 1.153001 327.739447 4.953125 0.562300 0.000000 2.137535 0.275391
  473 1.163014 310.610901 4.359375 0.559371 0.000000 2.220550 0.312500
  474 1.157527 325.867012 4.539062 0.446651 0.000000 2.362457 0.276367
  475 1.343710 322.055629 4.671875 0.500719 0.000000 2.173437 0.296875
  476 1.426437 317.116567 4.648438 0.543413 0.000000 2.356862 0.308594
  477 1.233171 320.392795 4.585938 0.719497 0.000000 2.460612 0.268555
  478 1.240347 322.057527 4.523438 0.355206 0.000000 2.495816 0.248047
  479 1.088564 313.967852 4.187500 0.668023 0.000000 2.220743 0.295898
  480 1.256706 320.087995 4.750000 0.498092 0.000000 2.201526 0.261719
  481 1.475127 324.457527 4.765625 0.660098 0.000000 2.154675 0.288086
  482 1.081665 316.676230 4.890625 0.407367 0.000000 2.175095 0.272461
  483 1.255055 329.028955 5.445312 0.853793 0.000000 2.111175 0.202148
  484 1.366663 328.152726 4.687500 0.536182 0.000000 2.355955 0.264648
  485 1.081665 324.467229 4.679688 0.642202 0.000000 2.059746 0.284180
  486 1.068748 321.059207 4.734375 0.587466 0.000000 2.217043 0.285156
  487 1.475127 320.912772 4.679688 0.483969 0.000000 2.254640 0.274414
  488 1.256706 322.299378 4.531250 0.584771 0.000000 2.433625 0.251953
  489 1.278275 327.998487 4.757812 0.689218 0.000000 2.390531 0.257812
  490 1.164057 331.001661 4.429688 0.554368 0.000000 2.300314 0.310547
  491 1.160629 323.084201 4.484375 0.407369 0.000000 2.167981 0.304688
  492 1.114259 327.379401 5.367188 0.604671 0.000000 1.889740 0.260742
  493 1.012423 316.492006 4.671875 0.850773 0.000000 2.400653 0.228516
  494 1.156407 338.695431 4.718750 0.580827 0.000000 2.096422 0.279297
  495 1.276079 338.126739 3.921875 0.515765 0.000000 2.448937 0.323242
  496 1.070047 321.316783 4.476562 0.535362 0.000000 2.343432 0.278320
  497 1.070489 325.207972 5.273438 0.753924 0.000000 2.087305 0.230469
  498 1.150521 322.231934 4.593750 0.471759 0.000000 1.888208 0.326172
  499 1.146563 336.425161 4.632812 0.487249 0.000000 2.238079 0.285156
  500 1.225924 321.412148 4.742188 0.420617 0.000000 2.021582 0.294922
  501 1.276079 343.463865 4.875000 0.539569 0.000000 2.283397 0.245117
  502 1.338111 327.124155 3.976562 0.401742 0.000000 2.561662 0.277344
  503 1.335935 343.532144 4.382812 0.519478 0.000000 2.640959 0.261719
  504 1.240347 321.802281 4.367188 0.420134 0.000000 2.447261 0.322266
  505 1.150521 324.231934 4.734375 0.611579 0.000000 2.143922 0.280273
  506 1.240347 316.235678 4.515625 0.605894 0.000000 2.197205 0.300781
  507 1.160629 306.560188 5.406250 0.495228 0.000000 2.104564 0.229492
  508 1.148824 316.002879 5.460938 0.569414 0.000000 2.116116 0.204102
  509 1.233171 311.735054 4.781250 0.414216 0.000000 2.240353 0.252930
  510 1.073166 308.256623 5.367188 0.604050 0.000000 1.998865 0.220703
  511 1.150521 320.844947 5.210938 0.669356 0.000000 1.968788 0.233398
  512 1.233171 329.404178 4.828125 0.455352 0.000000 1.988659 0.300781
  513 1.237656 329.333717 4.257812 0.413892 0.000000 2.195157 0.312500
  514 1.257410 315.379617 4.398438 0.597245 0.000000 2.483492 0.276367
  515 1.175266 323.053732 4.710938 0.533815 0.000000 2.131812 0.291992
  516 1.160629 323.053732 4.609375 0.395637 0.000000 2.155063 0.308594
  517 1.156407 324.457527 4.617188 0.529608 0.000000 2.138137 0.281250
  518 1.160629 338.159772 4.609375 0.420192 0.000000 2.115907 0.325195
  519 1.091335 332.549552 4.195312 0.518479 0.000000 2.263048 0.328125
  520 1.163014 317.786123 4.609375 0.567245 0.000000 2.170463 0.282227
  521 1.335935 311.165713 5.195312 0.682047 0.000000 2.011923 0.241211
  522 1.255055 336.418773 5.125000 0.645562 0.000000 2.190172 0.240234
  523 1.257410 320.773709 4.578125 0.638785 0.000000 2.362771 0.275391
  524 1.480540 335.536272 4.343750 0.445327 0.000000 2.181100 0.338867
  525 1.145087 319.836926 5.531250 0.635710 0.000000 2.040557 0.238281
  526 1.482604 324.065981 5.640625 0.826527 0.000000 2.171434 0.205078
  527 1.230769 322.602281 5.046875 1.131916 0.000000 2.148789 0.249023
  528 1.309953 322.989001 4.695312 0.443117 0.000000 2.133806 0.288086
  529 1.335935 326.889892 4.578125 0.437559 0.000000 2.516698 0.279297
  530 1.088564 333.340104 4.062500 0.661328 0.000000 2.452953 0.313477
  531 1.163014 320.936302 4.757812 0.361048 0.000000 1.960295 0.306641
  532 1.081665 316.610901 4.703125 0.562253 0.000000 2.154212 0.270508
  533 1.225924 312.718833 5.367188 0.499399 0.000000 1.964667 0.243164
  534 1.233171 323.771812 4.906250 0.648588 0.000000 1.908405 0.252930
  535 1.088564 315.761346 4.906250 0.407058 0.000000 2.054001 0.275391
  536 1.153001 309.784965 4.984375 0.496855 0.000000 1.941951 0.276367
  537 1.243904 326.602281 5.523438 0.804268 0.000000 2.118871 0.207031
  538 1.335935 320.374359 4.914062 0.779757 0.000000 2.028597 0.262695
  539 1.225924 330.006075 5.000000 0.802752 0.000000 1.942941 0.252930
  540 1.078164 314.307514 5.000000 0.439965 0.000000 1.785753 0.284180
  541 1.233171 315.852701 4.835938 0.463406 0.000000 2.115210 0.280273
  542 1.078164 334.094383 4.515625 0.851219 0.000000 2.179143 0.254883
  543 1.073166 323.491789 4.000000 0.539543 0.000000 2.008205 0.346680
  544 1.092975 331.649938 3.882812 0.502152 0.000000 2.231264 0.340820
  545 1.071429 313.344234 4.562500 0.522433 0.000000 1.983002 0.287109
  546 1.150521 311.165713 5.421875 0.852260 0.000000 1.889087 0.211914
  547 1.335935 312.467229 5.406250 0.675391 0.000000 2.052493 0.209961
  548 1.257410 321.779401 4.507812 0.499634 0.000000 2.334677 0.287109
  549 1.145087 327.844247 4.789062 0.600313 0.000000 2.406904 0.245117
  550 1.335935 335.333717 4.398438 0.426528 0.000000 2.499532 0.284180
  551 1.233171 317.669724 5.250000 0.553680 0.000000 2.113731 0.283203
  552 1.233171 313.434430 4.726562 0.570435 0.000000 2.313972 0.292969
  553 1.338111 328.326052 4.257812 0.677915 0.000000 2.380651 0.265625
  554 1.343710 325.484201 4.390625 0.559147 0.000000 2.552772 0.256836
  555 1.073807 326.806075 5.273438 0.554826 0.000000 2.298475 0.197266
  556 1.070047 327.287995 5.078125 0.501442 0.000000 2.068389 0.271484
  557 1.073166 333.085440 4.500000 0.405269 0.000000 2.175967 0.316406
  558 1.163014 311.408672 5.367188 0.602552 0.000000 2.063697 0.214844
  559 1.088564 324.979401 4.703125 0.642649 0.000000 2.133853 0.268555
  560 1.078164 315.669724 4.398438 0.579843 0.000000 2.110976 0.312500
  561 1.309953 312.895749 4.929688 0.412222 0.000000 2.204316 0.261719
  562 1.156407 326.343075 5.015625 0.773495 0.000000 2.109608 0.250977
  563 1.257410 320.823264 4.789062 0.678445 0.000000 2.046593 0.302734
  564 1.151751 311.768476 4.914062 0.626632 0.000000 1.919125 0.278320
  565 1.006615 320.584608 5.429688 0.820346 0.000000 2.114721 0.227539
  566 1.233171 331.804178 5.578125 0.681299 0.000000 1.968131 0.237305
  567 1.163014 322.169915 4.953125 0.428568 0.000000 2.055688 0.268555
  568 1.261062 340.884163 4.820312 0.466500 0.000000 2.085877 0.307617
  569 1.002220 313.105107 4.289062 0.709815 0.000000 2.236762 0.293945
  570 1.240347 324.310875 4.742188 1.056977 0.000000 2.241253 0.264648
  571 1.250000 329.061321 4.593750 0.569075 0.000000 2.039917 0.308594
  572 1.145087 310.424626 4.750000 0.388108 0.000000 2.023906 0.328125
  573 1.070047 307.772309 5.335938 0.637654 0.000000 1.906791 0.233398
  574 1.173231 331.708940 4.820312 0.660725 0.000000 2.002634 0.256836
  575 1.160629 308.256623 4.851562 0.896291 0.000000 2.488267 0.235352
  576 1.457384 328.406075 5.015625 0.914271 0.000000 2.199802 0.232422
  577 1.233171 339.328607 5.164062 0.382827 0.000000 2.287434 0.247070
  578 1.368211 333.297681 4.695312 0.477314 0.000000 2.280657 0.310547
  579 1.475127 332.586989 3.851562 0.518895 0.000000 2.707220 0.306641
  580 1.257410 308.217496 5.281250 1.124862 0.000000 2.154496 0.210938
  581 1.145087 327.761346 5.507812 0.722759 0.000000 1.966395 0.195312
  582 1.335935 331.667050 5.015625 0.846744 0.000000 2.084442 0.246094
  583 1.163586 333.434646 4.375000 0.569072 0.000000 2.156622 0.307617
  584 1.326320 319.765090 5.132812 0.829159 0.000000 2.082886 0.245117
  585 1.201850 330.264495 5.265625 0.737221 0.000000 2.135259 0.208984
  586 1.071078 339.643551 4.656250 0.714094 0.000000 2.227569 0.282227
  587 1.252775 322.889273 3.890625 0.497243 0.000000 2.567970 0.309570
  588 1.261062 322.318464 4.117188 0.507816 0.000000 2.307365 0.312500
  589 1.270094 331.118464 4.492188 0.734733 0.000000 2.124546 0.300781
  590 1.230769 332.366121 4.914062 0.518365 0.000000 1.881207 0.297852
  591 1.142857 308.257157 5.585938 0.842793 0.000000 1.957740 0.216797
  592 1.240347 335.264495 4.523438 0.736633 0.000000 2.140413 0.282227
  593 1.343710 321.345138 3.953125 0.434572 0.000000 2.694238 0.293945
  594 1.164057 325.289892 4.117188 0.390586 0.000000 2.421496 0.297852
  595 1.174440 321.697481 4.734375 0.462080 0.000000 2.188282 0.273438
  596 1.375704 328.495584 4.757812 0.403594 0.000000 2.330701 0.270508
  597 1.088564 311.850205 4.687500 0.479893 0.000000 2.246257 0.269531
  598 1.078164 314.348066 4.882812 0.530611 0.000000 2.013434 0.287109
  599 1.073807 308.862683 4.648438 0.448296 0.000000 1.992246 0.314453
  600 1.078164 320.375606 5.554688 0.751207 0.000000 2.030853 0.229492
  601 1.163014 319.719279 4.953125 0.549608 0.000000 2.103584 0.257812
  602 1.335935 308.274983 4.687500 0.480858 0.000000 2.086104 0.301758
  603 1.233171 330.169915 4.468750 0.484601 0.000000 2.264723 0.289062
  604 1.257410 323.289243 4.843750 0.898720 0.000000 2.070638 0.291016
  605 1.411189 334.042273 4.617188 0.478054 0.000000 1.993799 0.309570
  606 1.276079 326.030852 4.492188 0.649695 0.000000 2.345534 0.278320
  607 1.335935 311.382113 4.937500 0.832474 0.000000 2.147740 0.250000
  608 1.426437 332.557217 4.406250 0.478689 0.000000 2.426704 0.294922
  609 1.243904 327.948932 4.828125 0.520582 0.000000 2.145064 0.269531
  610 1.230769 324.653732 4.500000 0.738460 0.000000 1.956002 0.286133
  611 1.230769 319.098512 4.500000 0.433613 0.000000 2.168534 0.315430
  612 1.375704 327.543241 4.445312 0.542420 0.000000 2.251843 0.278320
  613 1.257410 325.230852 4.531250 0.611702 0.000000 2.400233 0.313477
  614 1.163014 329.889273 4.585938 0.615304 0.000000 2.199427 0.262695
  615 1.151086 337.094383 4.640625 0.521357 0.000000 2.307897 0.289062
  616 1.088564 318.139065 4.882812 0.380690 0.000000 2.258864 0.292969
  617 1.091335 332.242235 5.023438 0.726131 0.000000 2.327752 0.229492
  618 1.237656 329.983271 4.992188 0.577647 0.000000 2.253082 0.249023
  619 1.164057 323.973709 4.023438 0.424608 0.000000 2.507388 0.297852
  620 1.163014 306.317229 4.726562 0.986351 0.000000 2.222249 0.248047
  621 1.163014 320.274983 5.046875 0.690795 0.000000 1.914990 0.261719
  622 1.233171 324.374359 5.093750 0.718287 0.000000 1.895383 0.262695
  623 1.163586 316.793877 5.171875 0.610627 0.000000 1.926020 0.266602
  624 1.196843 322.661321 5.195312 0.407671 0.000000 2.061718 0.264648
  625 1.233171 313.224091 4.781250 0.615957 0.000000 1.890328 0.314453
  626 1.078164 318.087995 5.429688 0.455362 0.000000 2.040844 0.235352
  627 1.156407 327.034646 5.000000 0.864730 0.000000 2.168724 0.273438
  628 1.243904 327.491789 4.968750 0.416063 0.000000 2.009754 0.273438
  629 1.101371 327.532440 4.453125 0.372995 0.000000 2.226961 0.310547
  630 1.343710 318.691789 4.429688 0.422940 0.000000 2.379193 0.271484
  631 1.419116 335.660663 4.343750 0.609016 0.000000 2.395807 0.294922
  632 1.257410 314.823913 4.773438 0.658107 0.000000 2.464460 0.258789
  633 1.335935 333.369982 4.117188 0.504888 0.000000 2.607476 0.295898
  634 1.230769 323.265115 4.171875 0.621154 0.000000 2.449203 0.278320
  635 1.145087 310.027389 5.187500 0.835968 0.000000 2.303441 0.219727
  636 1.146563 317.852701 4.859375 0.869686 0.000000 1.975304 0.248047
  637 1.160629 323.529795 5.125000 0.514402 0.000000 1.962078 0.284180
  638 1.233171 331.836544 4.656250 0.478068 0.000000 2.247601 0.296875
  639 1.339068 328.112772 4.289062 0.730351 0.000000 2.492628 0.282227
  640 1.361560 334.307662 4.054688 0.507928 0.000000 2.529105 0.298828
  641 1.276079 313.569100 4.867188 0.442413 0.000000 2.028012 0.300781
  642 1.163014 314.778102 4.687500 0.785162 0.000000 2.249853 0.268555
  643 1.142177 334.989001 5.351562 0.865513 0.000000 2.042190 0.244141
  644 1.160629 328.470806 4.562500 0.556264 0.000000 2.247306 0.299805
  645 1.454545 324.229439 4.859375 0.848858 0.000000 2.252373 0.264648
  646 1.233171 316.793877 5.031250 0.911804 0.000000 2.179427 0.231445
  647 1.326320 330.348932 4.835938 0.619207 0.000000 2.133094 0.289062
  648 1.237656 315.647443 4.914062 0.572259 0.000000 2.067382 0.278320
  649 1.386750 315.497264 4.765625 0.535919 0.000000 2.138899 0.286133
  650 1.163586 327.433182 5.296875 0.875388 0.000000 2.042595 0.247070
  651 1.257410 313.852701 4.851562 0.391411 0.000000 2.128064 0.290039
  652 1.243964 317.526052 4.984375 0.451649 0.000000 1.960062 0.278320
  653 1.150521 336.085440 5.156250 0.514075 0.000000 1.784363 0.280273
  654 1.145087 331.173709 5.281250 0.382493 0.000000 1.958184 0.275391
  655 1.156407 316.274983 4.812500 0.508504 0.000000 2.090828 0.285156
  656 1.256706 318.231934 4.960938 0.651957 0.000000 2.239999 0.243164
  657 1.163014 324.653732 4.789062 0.712919 0.000000 2.145933 0.244141
  658 1.071078 330.089892 4.953125 0.523808 0.000000 2.059728 0.275391
  659 1.388524 313.765090 4.656250 0.498167 0.000000 2.308642 0.267578
  660 1.163586 324.082304 4.773438 0.400495 0.000000 2.145041 0.279297
  661 1.160629 315.735054 4.609375 0.483402 0.000000 2.186911 0.305664
  662 1.355669 329.550829 4.617188 0.629826 0.000000 2.225306 0.284180
  663 1.201850 317.861321 4.304688 0.839283 0.000000 2.358407 0.306641
  664 1.276079 322.465115 4.125000 0.711056 0.000000 2.309972 0.296875
  665 1.150521 327.935652 5.218750 0.542599 0.000000 2.017307 0.273438
  666 1.135756 325.199106 4.609375 0.489773 0.000000 2.050905 0.307617
  667 1.073807 318.609653 4.726562 0.518707 0.000000 1.975504 0.305664
  668 1.078164 326.368018 4.921875 0.804031 0.000000 2.073948 0.265625
  669 1.156407 327.047710 4.445312 0.436171 0.000000 2.199678 0.307617
  670 1.157527 311.116694 5.335938 0.593683 0.000000 2.069443 0.220703
  671 1.081665 316.392630 5.164062 0.665733 0.000000 1.934661 0.250000
  672 1.070047 331.467012 4.773438 0.564984 0.000000 2.106319 0.298828
  673 1.163014 318.284201 4.156250 0.459740 0.000000 2.126827 0.310547
  674 1.185114 328.832749 4.679688 0.430588 0.000000 2.182582 0.301758
  675 1.419116 315.451453 4.726562 0.455080 0.000000 2.394580 0.250977
  676 1.180281 327.973709 4.382812 0.390376 0.000000 2.229096 0.292969
  677 1.078164 316.627924 4.304688 0.749048 0.000000 2.319798 0.296875
  678 1.176918 317.166605 5.335938 0.918300 0.000000 1.871149 0.230469
  679 1.173231 319.059207 4.750000 0.818889 0.000000 2.204104 0.260742
  680 1.368211 318.494145 4.960938 0.538715 0.000000 2.046214 0.277344
  681 1.426437 333.697481 5.375000 0.969027 0.000000 2.105726 0.218750
  682 1.338111 312.353325 4.890625 0.823736 0.000000 2.392401 0.234375
  683 1.227294 319.176854 5.007812 0.642950 0.000000 2.036060 0.242188
  684 1.261062 315.834646 4.679688 0.622375 0.000000 2.179396 0.286133
  685 1.335935 314.971812 3.875000 0.497582 0.000000 2.605908 0.284180
  686 1.160629 320.049938 4.234375 0.603573 0.000000 2.764768 0.242188
  687 1.196843 328.882304 4.390625 0.403835 0.000000 2.291355 0.302734
  688 1.163014 332.529885 4.859375 0.503049 0.000000 2.311594 0.254883
  689 1.257410 324.914669 4.562500 0.655938 0.000000 2.323026 0.254883
  690 1.145087 308.375606 5.015625 0.902139 0.000000 2.298628 0.238281
  691 1.341641 332.783195 5.335938 0.686662 0.000000 2.059403 0.236328
  692 1.368211 342.346110 4.156250 0.536807 0.000000 2.237742 0.311523
  693 1.326320 336.708940 4.617188 0.572912 0.000000 2.200986 0.262695
  694 1.066205 338.983271 3.718750 0.476439 0.000000 2.387693 0.343750
  695 1.066205 340.557217 4.000000 0.447015 0.000000 1.987218 0.358398
  696 1.201850 322.758494 4.000000 0.615404 0.000000 2.303171 0.301758
  697 1.355669 333.199106 4.468750 0.493643 0.000000 2.257929 0.282227
  698 1.338111 313.852701 4.781250 0.697698 0.000000 2.359936 0.261719
  699 1.176918 328.724155 4.515625 0.548493 0.000000 2.180817 0.292969
  700 1.073166 315.098512 4.679688 0.854322 0.000000 2.022539 0.267578
  701 1.143544 324.887995 4.281250 0.714431 0.000000 2.273902 0.300781
  702 1.151751 310.900651 4.765625 0.377608 0.000000 2.230391 0.265625
  703 1.233171 312.377835 5.734375 0.796635 0.000000 1.988158 0.203125
  704 1.145087 322.602281 5.109375 0.705644 0.000000 2.281148 0.226562
  705 1.419116 327.950829 4.531250 0.462924 0.000000 2.325006 0.309570
  706 1.256706 323.238441 4.468750 0.801153 0.000000 2.707393 0.260742
  707 1.384931 328.976884 4.250000 0.650291 0.000000 2.370518 0.292969
  708 1.361560 320.728548 4.609375 0.534505 0.000000 2.315754 0.299805
  709 1.091335 323.575606 4.812500 0.574181 0.000000 2.498360 0.248047
  710 1.071078 319.552077 4.445312 0.549173 0.000000 2.017251 0.300781
  711 1.078164 318.542808 4.882812 0.377106 0.000000 2.111473 0.271484
  712 1.091335 326.229439 5.164062 0.754923 0.000000 2.024400 0.224609
  713 1.237656 321.916567 4.593750 0.539581 0.000000 2.385468 0.278320
  714 1.257410 324.467229 4.921875 0.926774 0.000000 1.987046 0.249023
  715 1.156407 320.748932 5.445312 0.593794 0.000000 1.909710 0.250977
  716 1.276079 322.825161 4.523438 0.584153 0.000000 2.179394 0.280273
  717 1.163014 320.032749 4.656250 0.681923 0.000000 2.174562 0.277344
  718 1.339068 326.976884 3.968750 0.620109 0.000000 2.447081 0.309570
  719 1.456022 332.538827 3.601562 0.510381 0.000000 3.073002 0.278320
  720 1.368211 327.606075 4.445312 0.897017 0.000000 2.711058 0.223633
  721 1.257410 320.087995 4.671875 0.493235 0.000000 2.351787 0.277344
  722 1.180281 339.661940 4.679688 0.864957 0.000000 2.482356 0.235352
  723 1.368211 330.986989 4.625000 0.585786 0.000000 2.185076 0.287109
  724 1.252775 329.320361 4.687500 0.445275 0.000000 2.267643 0.274414
  725 1.012423 316.609653 4.773438 0.478664 0.000000 2.136257 0.290039
  726 1.257410 321.173111 5.445312 0.600986 0.000000 2.000973 0.234375
  727 1.240347 316.140312 5.140625 0.617819 0.000000 2.235803 0.261719
  728 1.163014 334.602281 4.585938 0.404992 0.000000 2.054498 0.293945
  729 1.236694 334.001661 4.414062 0.379524 0.000000 2.165027 0.314453
  730 1.237656 312.087995 4.531250 0.461287 0.000000 2.177889 0.302734
  731 1.237656 344.108492 4.765625 0.571903 0.000000 2.071754 0.270508
  732 1.487410 343.487776 4.609375 0.491278 0.000000 2.138795 0.316406
  733 1.255055 315.333806 4.921875 0.579301 0.000000 2.118774 0.272461
  734 1.151017 331.752107 4.312500 0.577631 0.000000 2.226272 0.296875
  735 1.361560 332.545138 4.218750 0.489233 0.000000 2.412155 0.310547
  736 1.160629 310.706266 4.468750 0.486282 0.000000 2.179542 0.282227
  737 1.078164 317.146819 4.710938 0.380725 0.000000 2.138820 0.288086
  738 1.233171 319.569100 4.906250 0.961315 0.000000 2.088473 0.246094
  739 1.240347 335.784549 4.289062 0.698382 0.000000 2.339054 0.287109
  740 1.176918 326.781298 4.453125 0.430284 0.000000 2.242837 0.291016
  741 1.465865 330.758418 4.304688 0.647966 0.000000 2.509274 0.276367
  742 1.548126 332.660663 4.078125 0.529996 0.000000 2.772636 0.276367
  743 1.163586 326.596589 3.984375 0.492175 0.000000 2.656939 0.307617
  744 1.088564 323.745138 5.218750 0.842463 0.000000 2.026164 0.243164
  745 1.156407 325.583195 4.648438 0.587015 0.000000 2.081085 0.291992
  746 1.163014 321.850205 4.984375 0.683157 0.000000 2.261237 0.241211
  747 1.237656 314.980865 4.781250 0.789590 0.000000 2.325474 0.216797
  748 1.156407 318.846195 4.507812 0.676549 0.000000 2.102611 0.288086
  749 1.081665 324.584876 5.164062 0.471118 0.000000 1.980218 0.259766
  750 1.233171 312.470972 4.546875 0.904076 0.000000 2.145182 0.259766
  751 1.160629 314.673735 4.375000 0.554464 0.000000 2.243313 0.288086
  752 1.012423 322.602281 4.320312 0.557172 0.000000 2.090739 0.277344
  753 1.146563 317.483984 4.828125 0.474267 0.000000 1.848238 0.299805
  754 1.335935 308.499582 5.515625 0.547890 0.000000 2.109735 0.231445
  755 1.091335 316.203147 5.070312 0.782788 0.000000 2.076434 0.273438
  756 1.270352 324.094383 4.468750 0.546880 0.000000 2.307949 0.293945
  757 1.473815 316.684201 3.914062 0.424928 0.000000 2.886499 0.264648
  758 1.078164 317.967852 4.359375 0.663672 0.000000 2.470811 0.292969
  759 1.240347 311.406890 4.828125 0.494238 0.000000 2.023494 0.285156
  760 1.335935 332.823264 4.945312 0.502930 0.000000 2.226078 0.253906
  761 1.475127 330.691789 5.054688 0.597638 0.000000 2.206120 0.259766
  762 1.119846 339.310217 4.242188 0.396994 0.000000 2.499280 0.296875
  763 1.070047 314.435143 5.398438 0.813031 0.000000 2.000858 0.247070
  764 1.388524 328.242235 5.046875 0.811280 0.000000 2.094507 0.252930
  765 1.303840 335.258108 3.859375 0.457037 0.000000 2.325061 0.345703
  766 1.141360 350.383043 4.093750 0.512560 0.000000 2.241882 0.343750
  767 1.150521 342.991604 4.523438 0.633312 0.000000 1.914260 0.343750
  768 1.163014 330.602281 4.671875 0.554949 0.000000 2.408515 0.265625
  769 1.175266 323.968018 4.296875 0.473082 0.000000 2.101733 0.313477
  770 1.475127 325.414941 4.523438 0.407569 0.000000 2.625343 0.238281
  771 1.071429 318.980865 4.546875 0.651549 0.000000 2.452709 0.286133
  772 1.325427 329.255629 4.414062 0.711145 0.000000 1.924239 0.296875
  773 1.326320 322.256712 5.039062 0.595420 0.000000 1.926552 0.268555
  774 1.151086 326.209869 4.929688 0.592917 0.000000 2.222995 0.241211
  775 1.257410 328.177504 4.156250 0.707948 0.000000 2.087230 0.308594
  776 1.176918 318.139065 4.171875 0.581228 0.000000 2.165095 0.331055
  777 1.316711 330.270883 4.984375 0.515127 0.000000 2.092410 0.286133
  778 1.163014 338.421328 4.515625 0.502335 0.000000 2.128336 0.330078
  779 1.163586 341.223883 4.664062 0.411067 0.000000 2.362587 0.287109
  780 1.309953 336.316605 4.257812 0.364610 0.000000 2.407235 0.333008
  781 1.002220 338.087995 4.195312 0.555286 0.000000 2.384421 0.303711
  782 1.150521 320.728548 4.695312 0.523267 0.000000 1.968635 0.303711
  783 1.252775 323.290758 4.906250 0.523757 0.000000 1.838177 0.322266
  784 1.233171 314.995482 5.156250 0.613918 0.000000 1.985529 0.231445
  785 1.160629 326.234646 4.867188 0.522705 0.000000 2.155670 0.242188
  786 1.002220 319.569100 5.179688 0.444701 0.000000 1.959100 0.251953
  787 1.230769 306.802077 5.156250 0.734082 0.000000 2.107872 0.228516
  788 1.160629 328.532440 4.437500 0.464640 0.000000 2.413886 0.275391
  789 1.338111 334.070806 4.593750 0.604501 0.000000 2.157114 0.267578
  790 1.456022 325.573709 5.460938 1.045410 0.000000 2.113031 0.220703
  791 1.442221 339.111495 4.882812 0.720460 0.000000 2.125692 0.270508
  792 1.081665 311.166248 5.382812 0.765814 0.000000 1.882918 0.245117
  793 1.162476 321.637193 5.078125 0.556912 0.000000 1.917245 0.294922
  794 1.233171 310.025785 5.351562 0.814554 0.000000 2.052008 0.226562
  795 1.145087 320.915268 4.804688 0.551293 0.000000 2.062557 0.300781
  796 1.145087 319.053949 4.953125 0.626739 0.000000 2.165102 0.255859
  797 1.236694 333.371812 4.867188 0.551274 0.000000 2.204682 0.258789
  798 1.088564 324.947035 4.710938 0.519506 0.000000 2.215860 0.287109
  799 1.068393 330.920361 4.859375 0.485742 0.000000 2.031027 0.288086
  800 1.361560 325.903770 5.273438 0.588627 0.000000 1.990706 0.254883
  801 1.303840 316.578369 5.351562 1.159249 0.000000 2.071593 0.198242
  802 1.175266 323.148932 4.804688 0.837468 0.000000 2.310795 0.257812
  803 1.257410 320.798487 4.273438 0.681981 0.000000 2.222147 0.308594
  804 1.414214 331.976884 4.726562 0.550633 0.000000 2.379753 0.259766
  805 1.255055 329.811766 4.492188 0.681060 0.000000 2.357788 0.266602
  806 1.233171 317.382113 4.671875 0.509555 0.000000 2.353152 0.260742
  807 1.175266 328.480407 4.781250 0.554679 0.000000 1.812336 0.294922
  808 1.338111 309.786123 5.171875 0.522437 0.000000 2.211917 0.229492
  809 1.146563 319.552077 4.914062 0.468033 0.000000 2.133350 0.240234
  810 1.163014 315.434430 5.148438 0.397361 0.000000 2.075630 0.271484
  811 1.150521 326.463218 5.234375 0.404752 0.000000 1.907286 0.276367
  812 1.164057 317.668476 4.390625 0.613537 0.000000 2.254161 0.290039
  813 1.257410 311.369011 4.875000 0.781482 0.000000 1.989472 0.275391
  814 1.084652 315.408405 4.984375 0.865050 0.000000 2.104370 0.242188
  815 1.146563 331.680407 4.789062 0.930661 0.000000 2.085923 0.231445
  816 1.261062 313.668476 4.664062 0.706292 0.000000 2.254058 0.264648
  817 1.252775 315.270972 5.320312 0.969817 0.000000 2.294902 0.220703
  818 1.078164 327.722258 5.437500 0.851646 0.000000 1.999607 0.216797
  819 1.548126 333.264495 4.429688 0.560385 0.000000 2.300874 0.281250
  820 1.164057 313.433182 4.796875 0.787603 0.000000 2.238119 0.281250
  821 1.335935 324.227058 4.945312 0.450118 0.000000 2.205514 0.247070
  822 1.073807 326.775606 4.859375 0.471939 0.000000 2.214453 0.254883
  823 1.068748 332.571812 4.578125 0.697641 0.000000 2.121087 0.306641
  824 1.416667 314.493254 4.617188 0.348911 0.000000 2.211878 0.279297
  825 1.153001 320.728548 5.101562 0.637855 0.000000 2.045043 0.257812
  826 1.163586 329.255629 4.742188 0.737654 0.000000 1.913659 0.288086
  827 1.233171 322.089892 4.453125 0.486624 0.000000 2.049634 0.299805
  828 1.142857 320.609653 4.468750 0.411980 0.000000 2.328072 0.269531
  829 1.257410 318.818655 4.679688 0.757083 0.000000 2.159660 0.295898
  830 1.160629 315.787371 5.234375 0.633703 0.000000 1.967940 0.249023
  831 1.145087 326.057527 5.343750 0.385549 0.000000 2.173657 0.226562
  832 1.164057 325.747035 4.929688 0.573881 0.000000 2.005150 0.263672
  833 1.160629 338.557217 4.570312 0.491197 0.000000 2.195638 0.301758
  834 1.225924 329.851835 5.171875 0.655160 0.000000 1.893138 0.277344
  835 1.070047 309.516070 5.273438 0.519428 0.000000 1.910752 0.245117
  836 1.335935 317.434430 5.328125 0.675806 0.000000 1.920761 0.240234
  837 1.252775 330.579401 4.914062 0.807262 0.000000 2.090787 0.244141
  838 1.160629 316.375606 4.781250 0.696167 0.000000 2.210992 0.281250
  839 1.142857 310.173378 5.265625 0.615861 0.000000 1.936656 0.250977
  840 1.257410 321.975606 4.882812 0.735000 0.000000 2.046199 0.270508
  841 1.236694 327.575606 4.789062 0.589160 0.000000 2.042875 0.273438
  842 1.257410 321.632749 4.765625 0.487957 0.000000 2.234316 0.267578
  843 1.257410 311.162416 4.804688 0.594146 0.000000 2.209354 0.289062
  844 1.237656 326.651835 5.398438 0.671563 0.000000 2.315753 0.208008
  845 1.150521 336.446106 4.054688 0.444213 0.000000 2.113887 0.337891
  846 1.256706 340.081608 4.367188 0.737215 0.000000 2.225004 0.297852
  847 1.343710 318.716567 4.570312 0.702979 0.000000 2.316183 0.293945
  848 1.243904 326.741344 5.007812 0.681249 0.000000 2.020557 0.251953
  849 1.163014 313.850205 5.195312 0.941585 0.000000 1.957308 0.257812
  850 1.309953 312.980865 5.421875 0.787684 0.000000 2.073948 0.228516
  851 1.278275 337.506242 4.234375 0.719644 0.000000 2.438451 0.293945
  852 1.338111 336.000384 4.523438 0.425024 0.000000 2.469889 0.296875
  853 1.150521 335.778161 4.367188 0.625842 0.000000 2.254045 0.279297
  854 1.146563 329.110875 4.796875 0.624580 0.000000 1.998125 0.294922
  855 1.006615 318.440936 5.007812 0.495764 0.000000 2.031544 0.278320
  856 1.088564 327.643551 4.695312 0.754605 0.000000 1.981203 0.281250
  857 1.073807 334.307662 4.296875 0.471308 0.000000 2.346848 0.302734
  858 1.233171 328.082304 4.320312 0.567630 0.000000 2.322105 0.309570
  859 1.475127 321.573709 4.453125 0.485843 0.000000 2.292509 0.280273
  860 1.201850 339.439718 4.718750 0.520154 0.000000 2.335608 0.288086
  861 1.091335 328.333717 4.570312 0.547050 0.000000 1.952199 0.316406
  862 1.338111 320.085500 4.976562 0.418095 0.000000 2.056544 0.286133
  863 1.070047 319.759831 4.640625 0.768529 0.000000 2.193051 0.279297
  864 1.257410 334.820051 5.039062 0.462550 0.000000 2.037180 0.286133
  865 1.073166 321.339447 4.640625 0.566036 0.000000 2.194769 0.310547
  866 1.143544 325.255629 4.453125 0.424696 0.000000 2.040258 0.319336
  867 1.150521 318.205642 4.046875 0.448398 0.000000 2.203304 0.328125
  868 1.270352 319.314669 4.656250 0.685188 0.000000 2.003537 0.299805
  869 1.114259 321.916567 4.718750 0.502991 0.000000 2.098420 0.260742
  870 1.475127 329.042273 4.203125 0.426817 0.000000 2.328018 0.329102
  871 1.106993 327.087995 4.648438 0.470981 0.000000 2.682095 0.229492
  872 1.156407 321.663218 4.335938 0.620585 0.000000 2.285444 0.292969
  873 1.338111 324.909029 4.804688 0.497402 0.000000 2.364542 0.236328
  874 1.338111 327.238441 4.867188 0.554149 0.000000 2.052712 0.271484
  875 1.160629 319.625161 4.187500 0.582318 0.000000 2.271862 0.309570
  876 1.257410 317.548932 4.312500 0.392635 0.000000 2.354172 0.309570
  877 1.180281 333.890550 4.421875 0.539315 0.000000 2.310642 0.289062
  878 1.248529 330.890550 4.273438 0.717535 0.000000 2.557049 0.273438
  879 1.257410 332.773052 4.031250 0.445162 0.000000 2.623039 0.288086
  880 1.343710 331.148932 4.218750 0.920965 0.000000 2.307187 0.293945
  881 1.150521 310.512238 4.500000 0.735696 0.000000 2.094755 0.273438
  882 1.257410 316.406075 4.875000 0.492990 0.000000 2.143351 0.281250
  883 1.177124 335.412386 3.906250 0.520812 0.000000 2.389113 0.321289
  884 1.277016 322.106533 4.890625 0.764341 0.000000 2.247833 0.245117
  885 1.160629 319.029172 4.500000 0.588069 0.000000 2.001890 0.287109
  886 1.164057 320.610901 5.164062 0.752425 0.000000 2.046883 0.254883
  887 1.153001 353.622005 4.625000 0.653290 0.000000 2.176868 0.300781
  888 1.218227 348.849614 4.328125 0.365701 0.000000 2.071859 0.348633
  889 1.180281 318.941560 4.945312 0.850858 0.000000 2.035809 0.256836
  890 1.080910 318.374359 5.585938 0.482536 0.000000 2.214454 0.216797
  891 1.151751 325.568018 5.578125 0.614853 0.000000 2.032194 0.212891
  892 1.257410 308.571239 5.601562 0.690245 0.000000 1.951401 0.229492
  893 1.240347 332.430852 5.546875 0.958944 0.000000 2.132245 0.199219
  894 1.091335 315.905018 4.789062 0.630589 0.000000 2.186855 0.264648
  895 1.160629 332.222606 4.859375 0.951938 0.000000 2.224491 0.238281
  896 1.073807 312.581132 4.429688 0.631471 0.000000 2.547026 0.261719
  897 1.070047 316.120526 5.328125 0.768528 0.000000 2.103736 0.232422
  898 1.163014 329.846144 4.492188 0.480771 0.000000 2.192849 0.302734
  899 1.163014 322.627924 5.328125 0.551063 0.000000 2.020297 0.239258
  900 1.078164 315.552077 5.078125 0.887400 0.000000 2.043133 0.254883
  901 1.221945 332.112772 5.054688 0.577792 0.000000 1.982075 0.260742
  902 1.163014 335.316605 4.109375 0.446457 0.000000 2.343316 0.342773
  903 1.233171 306.035678 5.054688 0.718688 0.000000 2.030840 0.281250
  904 1.237656 330.937549 4.789062 0.673225 0.000000 2.100875 0.254883
  905 1.500000 338.213444 4.015625 0.335313 0.000000 2.428221 0.346680
  906 1.163014 324.310875 4.835938 0.343617 0.000000 2.385245 0.279297
  907 1.461763 342.543393 4.218750 0.449264 0.000000 2.374866 0.307617
  908 1.201850 318.820170 4.671875 0.812278 0.000000 2.402554 0.250977
  909 1.343710 321.051835 5.101562 0.439340 0.000000 2.168046 0.225586
  910 1.080910 321.754840 5.179688 0.703361 0.000000 1.845670 0.248047
  911 1.070047 325.990898 4.968750 1.072698 0.000000 2.071544 0.248047
  912 1.240347 312.465713 5.007812 0.672548 0.000000 2.169489 0.267578
  913 1.316711 326.512772 5.289062 0.539960 0.000000 2.146813 0.240234
  914 1.556113 323.550829 4.523438 0.668678 0.000000 2.543341 0.254883
  915 1.355213 334.091828 3.867188 0.472634 0.000000 2.868548 0.271484
  916 1.078164 314.701008 4.328125 0.580671 0.000000 2.059617 0.346680
  917 1.160629 316.392630 5.062500 0.641593 0.000000 1.969905 0.259766
  918 1.276079 325.141344 4.687500 0.689220 0.000000 2.097195 0.257812
  919 1.243964 327.150829 4.593750 0.596106 0.000000 2.179942 0.278320
  920 1.088564 331.640338 4.367188 0.522472 0.000000 2.117535 0.300781
  921 1.150521 326.651835 4.500000 0.810124 0.000000 1.868849 0.307617
  922 1.142857 312.257157 5.523438 0.550735 0.000000 2.050985 0.234375
  923 1.236694 323.948932 5.656250 0.795170 0.000000 2.101930 0.208984
  924 1.233171 328.653732 5.000000 0.485331 0.000000 2.138305 0.266602
  925 1.156407 315.552077 4.460938 0.459638 0.000000 2.512615 0.265625
  926 1.240347 316.793877 4.898438 0.660171 0.000000 2.155561 0.280273
  927 1.146563 319.179350 4.835938 0.505701 0.000000 2.165547 0.264648
  928 1.143544 323.287995 4.468750 0.713947 0.000000 1.981302 0.323242
  929 1.233171 312.118031 5.046875 0.630765 0.000000 2.070813 0.252930
  930 1.252775 319.804394 4.835938 0.708392 0.000000 2.181983 0.252930
  931 1.240347 320.203147 4.960938 0.532934 0.000000 2.214025 0.236328
  932 1.092975 327.948932 5.148438 0.509434 0.000000 2.100413 0.261719
  933 1.088564 339.216218 4.601562 0.557217 0.000000 2.141780 0.298828
  934 1.163014 311.746462 4.976562 1.113215 0.000000 2.231640 0.218750
  935 1.145087 331.794692 5.140625 0.768418 0.000000 2.189604 0.267578
  936 1.225924 323.209831 5.656250 0.798886 0.000000 1.841968 0.225586
  937 1.341641 315.480330 5.828125 0.883109 0.000000 1.973772 0.194336
  938 1.160629 329.225161 4.601562 0.621825 0.000000 1.929479 0.321289
  939 1.257410 316.349582 4.546875 0.547759 0.000000 2.311893 0.296875
  940 1.333333 332.823264 4.929688 0.498431 0.000000 2.078003 0.264648
  941 1.106993 324.202281 4.945312 0.405865 0.000000 2.057779 0.292969
  942 1.070489 325.404178 4.757812 0.594288 0.000000 2.082921 0.286133
  943 1.333333 315.882737 4.593750 0.385531 0.000000 2.585129 0.271484
  944 1.470217 336.446106 4.703125 0.467057 0.000000 2.376549 0.266602
  945 1.236694 322.085500 4.773438 0.467151 0.000000 2.198718 0.259766
  946 1.160629 317.643699 4.890625 0.624461 0.000000 1.954277 0.254883
  947 1.160629 313.433182 5.039062 0.553746 0.000000 2.086004 0.275391
  948 1.426437 317.053949 5.093750 0.509282 0.000000 2.169887 0.233398
  949 1.240347 316.673735 5.085938 0.513904 0.000000 2.068570 0.267578
  950 1.073807 314.510633 5.320312 1.045080 0.000000 1.991451 0.216797
  951 1.335935 324.684201 4.320312 0.689395 0.000000 2.154821 0.289062
  952 1.164057 326.781298 4.578125 0.757272 0.000000 2.336189 0.292969
  953 1.240347 320.571812 4.500000 0.513150 0.000000 2.377279 0.299805
  954 1.261062 317.893686 3.937500 0.513034 0.000000 2.425753 0.332031
  955 1.163014 307.041204 5.156250 0.602731 0.000000 2.301883 0.220703
  956 1.261062 311.029172 4.960938 0.529671 0.000000 1.964038 0.276367
  957 1.257410 316.438441 4.585938 0.566936 0.000000 2.039250 0.279297
  958 1.078164 315.499760 4.593750 0.621283 0.000000 2.325178 0.269531
  959 1.068748 320.588619 4.609375 0.620593 0.000000 1.959113 0.301758
  960 1.088564 318.055629 5.257812 0.404935 0.000000 1.942503 0.256836
  961 1.257410 327.948932 4.750000 0.501698 0.000000 2.018560 0.283203
  962 1.338111 326.778161 4.132812 0.536591 0.000000 2.610497 0.291992
  963 1.240347 315.732558 4.828125 0.495446 0.000000 2.358496 0.262695
  964 1.145087 311.163485 5.125000 0.647453 0.000000 2.256110 0.221680
  965 1.230769 316.132113 5.335938 0.789322 0.000000 2.015914 0.222656
  966 1.006615 328.571812 4.515625 0.501380 0.000000 2.107407 0.310547
  967 1.160629 315.499760 4.781250 0.654754 0.000000 2.148487 0.274414
  968 1.163014 314.075339 5.398438 1.021789 0.000000 1.741468 0.246094
  969 1.163014 323.771812 5.703125 0.675320 0.000000 1.990016 0.204102
  970 1.257410 329.404178 5.156250 0.440985 0.000000 2.014046 0.277344
  971 1.078164 317.617407 4.906250 0.596685 0.000000 2.387403 0.241211
  972 1.088564 326.807972 5.257812 0.477180 0.000000 2.057442 0.256836
  973 1.151751 317.382113 4.414062 0.619214 0.000000 2.219644 0.311523
  974 1.071078 318.000384 4.898438 0.472710 0.000000 2.146342 0.297852
  975 1.098127 325.613663 5.234375 0.690275 0.000000 2.066175 0.227539
  976 1.088564 324.291789 4.468750 0.564023 0.000000 2.290499 0.300781
  977 1.236694 318.676230 4.882812 0.376391 0.000000 2.006888 0.298828
  978 1.261062 325.436544 4.625000 0.465750 0.000000 2.318606 0.286133
  979 1.163014 328.887995 5.070312 0.474686 0.000000 2.116735 0.254883
  980 1.338111 316.718464 4.273438 0.350453 0.000000 2.339712 0.291992
  981 1.153001 328.812416 4.539062 0.550854 0.000000 2.248419 0.291992
  982 1.240347 324.708978 4.601562 0.564619 0.000000 2.271114 0.296875
  983 1.353514 321.850205 4.781250 0.671526 0.000000 1.913239 0.294922
  984 1.073807 337.001661 4.984375 0.705371 0.000000 2.283961 0.226562
  985 1.073807 337.196551 4.812500 0.510077 0.000000 2.008943 0.304688
  986 1.233171 327.695584 4.562500 0.479098 0.000000 2.097741 0.314453
  987 1.261062 310.438441 4.671875 0.848046 0.000000 2.260721 0.230469
  988 1.270352 322.611766 4.695312 0.647147 0.000000 2.297912 0.254883
  989 1.175266 324.112772 4.750000 0.691127 0.000000 2.267498 0.225586
  990 1.276079 336.987104 4.242188 0.454439 0.000000 2.131652 0.316406
  991 1.078164 325.632749 4.812500 0.700183 0.000000 2.139337 0.291992
  992 1.068748 310.060990 4.937500 0.745266 0.000000 2.147665 0.263672
  993 1.150521 319.903770 4.625000 0.426400 0.000000 2.130765 0.304688
  994 1.236694 319.316783 4.882812 0.562027 0.000000 2.005616 0.294922
  995 1.073807 324.798487 4.664062 0.429905 0.000000 1.965597 0.309570
  996 1.233171 342.234847 3.867188 0.417950 0.000000 2.334231 0.363281
  997 1.257410 319.493686 4.367188 0.575147 0.000000 2.529467 0.256836
  998 1.270352 325.777504 4.609375 0.470713 0.000000 2.444104 0.266602
  999 1.548126 313.779401 4.062500 0.562213 0.000000 2.794096 0.260742
 1000 1.248447 328.947035 4.078125 0.612734 0.000000 2.559622 0.285156
