    0 0.000000 110.324155 0.000000 0.000000 0.000000 0.000000 0.000000
    1 1.153846 121.007185 0.865234 0.429852 0.000000 2.740437 0.415039
    2 1.197130 125.025161 0.923828 0.604765 0.000000 2.598356 0.431641
    3 1.243964 125.343542 0.835938 0.569209 0.000000 2.747679 0.424805
    4 1.261886 118.176254 1.011719 0.791596 0.000000 2.312175 0.430664
    5 1.362047 125.799492 0.837891 0.828279 0.000000 2.841353 0.394531
    6 1.201850 112.012772 0.863281 0.585771 0.000000 2.648080 0.426758
    7 1.306094 126.126376 0.869141 0.477296 0.000000 3.218226 0.380859
    8 1.175266 128.014904 0.878906 0.465763 0.000000 2.591267 0.422852
    9 1.617215 125.459462 0.904297 0.698124 0.000000 2.930150 0.378906
   10 1.612452 115.258954 0.908203 0.631697 0.000000 3.128956 0.358398
   11 1.551674 118.237549 0.826172 0.489642 0.000000 3.510701 0.371094
   12 1.456022 109.026025 0.761719 0.519343 0.000000 3.624629 0.309570
   13 1.643753 123.675606 0.720703 0.649028 0.000000 3.549635 0.376953
   14 1.163586 120.805944 0.882812 0.425845 0.000000 2.881039 0.415039
   15 1.308906 122.119196 0.826172 0.628343 0.000000 2.533498 0.422852
   16 1.361560 132.862327 0.886719 0.543189 0.000000 2.749305 0.391602
   17 1.386750 117.561679 0.861328 0.758707 0.000000 2.699802 0.419922
   18 1.156407 116.727023 0.943359 0.456679 0.000000 2.591289 0.437500
   19 1.256706 116.087995 0.974609 0.538165 0.000000 2.637102 0.404297
   20 1.411189 120.630289 0.871094 0.403426 0.000000 2.655611 0.418945
   21 1.416667 135.173748 0.892578 0.522271 0.000000 2.680257 0.396484
   22 1.252775 115.772206 0.931641 0.761023 0.000000 2.809646 0.395508
   23 1.160629 113.772206 0.873047 0.490426 0.000000 2.692902 0.394531
   24 1.257410 127.085836 0.832031 0.469777 0.000000 2.982129 0.370117
   25 1.156407 114.342955 0.933594 0.673256 0.000000 3.001078 0.389648
   26 1.338111 113.347806 0.876953 0.514526 0.000000 2.786416 0.394531
   27 1.233171 121.213177 0.972656 0.780204 0.000000 2.585674 0.407227
   28 1.160629 112.937549 0.949219 0.627290 0.000000 2.743263 0.403320
   29 1.233171 119.715327 1.031250 0.522189 0.000000 2.438383 0.404297
   30 1.218227 122.779439 1.046875 0.453652 0.000000 2.324539 0.460938
   31 1.243904 119.379668 0.931641 0.461465 0.000000 2.602560 0.424805
   32 1.237656 130.265323 1.048828 0.628602 0.000000 2.412583 0.421875
   33 1.163586 115.099712 1.005859 0.630548 0.000000 2.735553 0.385742
   34 1.711724 109.561679 0.894531 0.467827 0.000000 3.122958 0.396484
   35 1.811077 105.641409 0.923828 0.379452 0.000000 3.537746 0.334961
   36 1.621515 115.508978 0.759766 0.585453 0.000000 3.661534 0.354492
   37 1.465865 111.112449 0.792969 0.578672 0.000000 3.603732 0.354492
   38 1.556113 112.761421 0.914062 0.390990 0.000000 2.979002 0.381836
   39 1.278275 121.862327 0.859375 0.478457 0.000000 2.854398 0.416016
   40 1.338111 127.674715 1.097656 0.652340 0.000000 2.499386 0.407227
   41 1.229538 143.547112 0.970703 0.579722 0.000000 2.284951 0.421875
   42 1.163014 120.937549 0.933594 0.525976 0.000000 2.821571 0.405273
   43 1.475127 114.662327 0.900391 0.516605 0.000000 2.843597 0.361328
   44 1.578410 108.683299 0.835938 0.575876 0.000000 3.486994 0.342773
   45 1.278275 120.117037 1.000000 0.462370 0.000000 2.691231 0.395508
   46 1.416667 105.950610 0.986328 0.529255 0.000000 2.764923 0.408203
   47 1.233171 116.846214 1.011719 0.528479 0.000000 2.520248 0.415039
   48 1.257410 114.614311 0.998047 0.494327 0.000000 2.493711 0.420898
   49 1.201850 129.437549 0.873047 0.612327 0.000000 2.842764 0.384766
   50 1.256706 131.900384 0.771484 0.454341 0.000000 2.961261 0.426758
   51 1.142687 111.567951 0.826172 0.540936 0.000000 2.663199 0.367188
   52 1.461763 120.012772 0.855469 0.702955 0.000000 3.312144 0.354492
   53 1.276079 118.779439 0.900391 0.606374 0.000000 2.787210 0.402344
   54 1.185114 132.287104 1.003906 0.543191 0.000000 2.726753 0.392578
   55 1.427747 136.869450 0.937500 0.645630 0.000000 2.548717 0.416992
   56 1.442221 121.688319 0.863281 0.714665 0.000000 2.384852 0.439453
   57 1.370008 121.070020 0.917969 0.512244 0.000000 2.738814 0.411133
   58 1.261886 121.174715 0.828125 0.546036 0.000000 2.928442 0.389648
   59 1.175266 125.063218 0.908203 0.409147 0.000000 2.776021 0.416992
   60 1.325427 127.701220 1.009766 0.594432 0.000000 2.513524 0.418945
   61 1.475287 122.882003 0.978516 0.825086 0.000000 2.614770 0.399414
   62 1.215610 125.245674 1.050781 0.582268 0.000000 2.335721 0.397461
   63 1.334474 126.710019 1.037109 0.545309 0.000000 2.701371 0.431641
   64 1.368211 130.487995 0.986328 0.814624 0.000000 2.512387 0.422852
   65 1.522271 126.987995 0.898438 0.658097 0.000000 2.540828 0.406250
   66 1.227294 130.812772 0.896484 0.601030 0.000000 2.814680 0.421875
   67 1.175266 111.477792 0.921875 0.477504 0.000000 2.580284 0.422852
   68 1.411901 121.259694 0.744141 0.655935 0.000000 3.199544 0.382812
   69 1.658935 132.422792 0.886719 0.798233 0.000000 3.197476 0.389648
   70 1.918075 113.108088 0.724609 0.476457 0.000000 3.555177 0.372070
   71 1.278275 120.337549 0.785156 0.624616 0.000000 3.473835 0.368164
   72 1.566151 129.812772 0.882812 0.617485 0.000000 2.908412 0.394531
   73 1.163014 127.399088 0.953125 0.552810 0.000000 2.626536 0.425781
   74 1.143544 115.643551 1.001953 0.511200 0.000000 2.420987 0.421875
   75 1.326320 127.825161 0.988281 0.459721 0.000000 2.294520 0.479492
   76 1.148824 124.028316 1.029297 0.475292 0.000000 2.506398 0.443359
   77 1.316711 134.548080 0.972656 0.785783 0.000000 2.717151 0.420898
   78 1.146563 126.727023 0.986328 0.833279 0.000000 2.677158 0.386719
   79 1.240347 141.262327 0.931641 0.621782 0.000000 2.613473 0.439453
   80 1.380257 112.965701 1.058594 0.568485 0.000000 2.575996 0.409180
   81 1.209581 111.560296 1.025391 0.473944 0.000000 2.549946 0.417969
   82 1.363474 124.585750 0.865234 0.535455 0.000000 2.695482 0.425781
   83 1.278275 129.963191 0.873047 0.571731 0.000000 2.684015 0.454102
   84 1.469453 122.016632 0.933594 0.590020 0.000000 2.653560 0.428711
   85 1.256706 109.474068 0.800781 0.607344 0.000000 2.651693 0.419922
   86 1.712511 128.800384 0.914062 0.571469 0.000000 2.922256 0.375000
   87 1.811077 119.125161 0.765625 0.501066 0.000000 4.131078 0.308594
   88 1.556113 133.808049 0.755859 0.795573 0.000000 3.644457 0.369141
   89 1.736816 119.399492 0.841797 0.651667 0.000000 3.411024 0.376953
   90 1.643753 126.303403 0.892578 0.718220 0.000000 2.965447 0.407227
   91 1.236694 134.461922 0.849609 0.483417 0.000000 2.667068 0.415039
   92 1.441383 120.971326 1.009766 0.600383 0.000000 2.227274 0.440430
   93 1.351882 122.762327 1.000000 0.536342 0.000000 2.545618 0.396484
   94 1.081665 126.667050 0.970703 0.455699 0.000000 2.687756 0.424805
   95 1.338111 109.937549 0.992188 0.666743 0.000000 2.530476 0.397461
   96 1.456022 119.083934 0.906250 0.463713 0.000000 2.919111 0.392578
   97 1.514456 117.040546 0.832031 0.612756 0.000000 2.838386 0.381836
   98 1.260572 112.808039 0.990234 0.546776 0.000000 2.390801 0.460938
   99 1.276079 121.846538 1.013672 0.511836 0.000000 2.289687 0.429688
  100 1.473815 112.112772 0.941406 0.462785 0.000000 2.860858 0.399414
  101 1.338111 113.548670 0.765625 0.460656 0.000000 3.234618 0.396484
  102 1.173231 123.780303 0.882812 0.663046 0.000000 2.768509 0.417969
  103 1.250503 121.963622 0.921875 0.588134 0.000000 2.606765 0.422852
  104 1.171657 110.708724 0.929688 0.549632 0.000000 2.476719 0.443359
  105 1.368211 124.727347 0.951172 0.570286 0.000000 2.343690 0.443359
  106 1.218227 118.778143 0.951172 0.479882 0.000000 2.275325 0.466797
  107 1.236694 123.502084 1.000000 0.456863 0.000000 2.616079 0.402344
  108 1.123782 133.800384 0.957031 0.406018 0.000000 2.511355 0.423828
  109 1.229538 134.325161 0.914062 0.472715 0.000000 2.474266 0.425781
  110 1.084255 116.562327 1.015625 0.476626 0.000000 2.347115 0.432617
  111 1.187776 130.681139 1.138672 0.650072 0.000000 2.415399 0.406250
  112 1.380257 127.965728 1.132812 0.619318 0.000000 2.533812 0.395508
  113 1.333333 124.800384 1.076172 0.408312 0.000000 2.502325 0.416016
  114 1.237656 126.457064 0.929688 0.826948 0.000000 2.910221 0.391602
  115 1.636734 124.533659 0.976562 0.682138 0.000000 2.612339 0.420898
  116 1.562050 127.400384 0.779297 0.744068 0.000000 3.219624 0.398438
  117 1.160629 119.243627 0.910156 0.590379 0.000000 2.553503 0.394531
  118 1.255055 129.846538 1.089844 0.591589 0.000000 2.291275 0.400391
  119 1.612452 118.757955 0.960938 0.650696 0.000000 2.829073 0.381836
  120 1.218227 130.918231 0.875000 0.651528 0.000000 2.983919 0.381836
  121 1.581139 129.279787 0.751953 0.549270 0.000000 2.901330 0.424805
  122 1.590571 129.462327 0.847656 0.717348 0.000000 3.078066 0.380859
  123 1.427153 118.988832 0.929688 0.642180 0.000000 2.740560 0.404297
  124 1.331320 136.780871 0.982422 0.617979 0.000000 2.572286 0.434570
  125 1.171303 115.463865 0.929688 0.519783 0.000000 2.822656 0.381836
  126 1.122256 136.415985 0.816406 0.603510 0.000000 2.675405 0.408203
  127 1.380670 144.088962 0.919922 0.483122 0.000000 2.750813 0.413086
  128 1.303840 114.796659 0.896484 0.557926 0.000000 2.631117 0.394531
  129 1.333333 126.516821 0.847656 0.530954 0.000000 2.783162 0.423828
  130 1.104986 120.555526 1.019531 0.666197 0.000000 2.320743 0.430664
  131 1.135292 116.829425 0.789062 0.578929 0.000000 2.498371 0.442383
  132 1.227262 124.425161 0.919922 0.774213 0.000000 2.598654 0.394531
  133 1.261062 125.450802 0.863281 0.632299 0.000000 2.696392 0.412109
  134 1.343710 101.668328 0.880859 0.510535 0.000000 2.816892 0.436523
  135 1.236694 119.302893 1.062500 0.490561 0.000000 2.603707 0.382812
  136 1.201850 125.957630 1.027344 0.521282 0.000000 2.700903 0.395508
  137 1.297212 122.476443 0.898438 0.656791 0.000000 2.633885 0.441406
  138 1.301319 116.420465 0.958984 0.659299 0.000000 2.698292 0.409180
  139 1.473815 124.308076 0.824219 0.415850 0.000000 2.820526 0.411133
  140 1.427153 124.050699 0.849609 0.727888 0.000000 3.323814 0.366211
  141 1.252775 132.037549 0.857422 0.497326 0.000000 3.315605 0.386719
  142 1.248529 115.509695 0.968750 0.530093 0.000000 2.915173 0.388672
  143 1.368211 121.267266 1.021484 0.541327 0.000000 2.562290 0.426758
  144 1.257410 117.861058 0.906250 0.745241 0.000000 2.950808 0.396484
  145 1.256706 122.702570 1.015625 0.551742 0.000000 2.311946 0.433594
  146 1.562889 134.010720 1.031250 0.587054 0.000000 2.715430 0.416992
  147 1.368211 115.439412 0.857422 0.430259 0.000000 3.204134 0.362305
  148 1.237656 128.312772 0.896484 0.582644 0.000000 2.744181 0.405273
  149 1.338111 116.410640 0.939453 0.547016 0.000000 2.819051 0.401367
  150 1.556113 110.281517 0.880859 0.505819 0.000000 2.859816 0.408203
  151 1.343710 111.459843 0.955078 0.601618 0.000000 2.839066 0.412109
  152 1.196843 105.446106 1.025391 0.641947 0.000000 2.453612 0.403320
  153 1.216261 147.009753 0.867188 0.598356 0.000000 2.577948 0.411133
  154 1.355213 109.193906 0.945312 0.469666 0.000000 2.575473 0.381836
  155 1.180281 130.779439 0.894531 0.672574 0.000000 2.845674 0.416016
  156 1.351882 114.225161 0.865234 0.621287 0.000000 2.972265 0.385742
  157 1.351882 128.016759 0.808594 0.580313 0.000000 3.172141 0.379883
  158 1.184951 120.387159 0.775391 0.874995 0.000000 2.917817 0.404297
  159 1.902630 123.663256 0.880859 0.501303 0.000000 3.721832 0.348633
  160 2.027588 99.529885 0.751953 0.556591 0.000000 4.117697 0.317383
  161 1.711724 125.746532 0.726562 0.491574 0.000000 3.793123 0.337891
  162 1.442221 111.887995 0.771484 0.505079 0.000000 3.415706 0.402344
  163 1.256444 125.779978 0.736328 0.681395 0.000000 3.291794 0.385742
  164 1.295319 126.356675 0.839844 0.753156 0.000000 3.127862 0.377930
  165 1.419116 116.457064 0.847656 0.540424 0.000000 3.135642 0.378906
  166 1.256706 114.984567 0.919922 0.402330 0.000000 3.300901 0.363281
  167 1.326320 123.296956 0.951172 0.437256 0.000000 2.877995 0.403320
  168 1.163014 118.078440 1.052734 0.636271 0.000000 2.564931 0.421875
  169 1.098751 119.087131 0.804688 0.561178 0.000000 2.904762 0.420898
  170 1.071429 120.214041 0.849609 0.747132 0.000000 2.713917 0.405273
  171 1.098751 120.190559 0.876953 0.582340 0.000000 2.560785 0.401367
  172 1.255055 123.284271 0.896484 0.601730 0.000000 2.783331 0.396484
  173 1.255055 139.414050 0.960938 0.579701 0.000000 2.476149 0.414062
  174 1.073807 120.298521 0.996094 0.846181 0.000000 2.663066 0.414062
  175 1.301319 120.863218 0.810547 0.556819 0.000000 2.785068 0.410156
  176 1.114259 118.199478 0.767578 0.628024 0.000000 2.779065 0.409180
  177 1.369932 134.625548 0.878906 0.481184 0.000000 2.827529 0.414062
  178 1.141360 121.404445 1.019531 0.561568 0.000000 2.485320 0.419922
  179 1.617215 109.104999 0.914062 0.547711 0.000000 2.795581 0.412109
  180 1.335935 124.010208 0.755859 0.517429 0.000000 3.013944 0.395508
  181 1.473815 122.775606 0.910156 0.531234 0.000000 2.892510 0.420898
  182 1.257410 116.355525 0.857422 0.577381 0.000000 2.831519 0.389648
  183 1.257916 132.687104 0.839844 0.697970 0.000000 2.792886 0.400391
  184 1.225924 141.966431 1.001953 0.464895 0.000000 2.540981 0.445312
  185 1.151881 129.537549 0.982422 0.562147 0.000000 2.260667 0.455078
  186 1.465865 104.639088 0.800781 0.440813 0.000000 3.328211 0.357422
  187 1.301319 125.348238 0.937500 0.554570 0.000000 2.868011 0.424805
  188 1.370054 117.112449 0.751953 0.745067 0.000000 2.798940 0.417969
  189 1.169639 112.000384 0.931641 0.525952 0.000000 2.848736 0.402344
  190 1.636734 130.987995 0.939453 0.415195 0.000000 2.741352 0.356445
  191 1.302306 108.085440 0.908203 0.788537 0.000000 2.513028 0.414062
  192 1.278275 118.249938 0.863281 0.421514 0.000000 3.073068 0.368164
  193 1.717701 120.283117 0.859375 0.421196 0.000000 3.056823 0.383789
  194 1.334474 140.314746 0.933594 0.705299 0.000000 2.919844 0.391602
  195 1.163586 117.267266 0.894531 0.463399 0.000000 2.886697 0.414062
  196 1.596270 129.249938 0.871094 0.514857 0.000000 2.530210 0.439453
  197 1.250000 119.148076 0.894531 0.512887 0.000000 2.426997 0.426758
  198 1.366663 128.375606 0.912109 0.566957 0.000000 2.726343 0.424805
  199 1.350858 130.791208 0.873047 0.501008 0.000000 2.813357 0.399414
  200 1.697273 119.598656 0.888672 0.443001 0.000000 2.599069 0.434570
  201 1.388524 114.504244 0.900391 0.480923 0.000000 2.777244 0.411133
  202 1.339068 130.454236 0.859375 0.706089 0.000000 3.167042 0.375000
  203 1.419116 113.668328 0.968750 0.432662 0.000000 2.974173 0.384766
  204 1.245682 128.489723 0.884766 0.593705 0.000000 2.648551 0.416016
  205 1.204159 122.324324 0.841797 0.696487 0.000000 2.807369 0.372070
  206 1.257410 112.527725 0.806641 0.487237 0.000000 2.810340 0.410156
  207 1.712511 116.206616 0.667969 0.692258 0.000000 3.311422 0.381836
  208 1.619803 105.381065 0.689453 0.775364 0.000000 3.734321 0.351562
  209 1.711724 136.387995 0.814453 0.447167 0.000000 3.442217 0.355469
  210 1.556113 100.761421 0.712891 0.500970 0.000000 3.303481 0.404297
  211 1.338111 126.137549 0.824219 0.445485 0.000000 3.052723 0.400391
  212 1.918075 115.902246 0.794922 0.672991 0.000000 2.997517 0.386719
  213 1.380257 128.966044 0.910156 0.444754 0.000000 2.914007 0.402344
  214 1.475127 119.501652 0.880859 0.630650 0.000000 3.219537 0.378906
  215 1.584929 119.163218 0.867188 0.600020 0.000000 3.419341 0.359375
  216 1.473815 118.737226 0.939453 0.468596 0.000000 3.349550 0.354492
  217 1.218227 132.937549 0.871094 0.587379 0.000000 3.210813 0.395508
  218 1.250000 136.612772 1.019531 0.702938 0.000000 2.747147 0.396484
  219 1.514456 132.180485 0.996094 0.479857 0.000000 2.935818 0.403320
  220 1.470217 117.737549 0.710938 0.550558 0.000000 3.175214 0.409180
  221 1.617215 103.579331 0.914062 0.519339 0.000000 3.092984 0.372070
  222 1.177124 129.900384 0.726562 0.553116 0.000000 3.102735 0.416016
  223 1.438858 136.585750 0.953125 0.502368 0.000000 2.731979 0.410156
  224 1.955761 144.588963 0.998047 0.441534 0.000000 2.814553 0.401367
  225 1.442221 116.322597 0.902344 0.591646 0.000000 2.961629 0.393555
  226 1.562050 117.412772 0.857422 0.407220 0.000000 3.121294 0.377930
  227 1.416931 113.753798 0.859375 0.649540 0.000000 3.074712 0.367188
  228 1.343710 110.719574 0.804688 0.501682 0.000000 3.073628 0.408203
  229 1.605609 121.487104 0.917969 0.534938 0.000000 3.015733 0.382812
  230 1.419116 129.477792 0.943359 0.513227 0.000000 2.641173 0.424805
  231 1.351882 115.225161 0.988281 0.474702 0.000000 2.722975 0.390625
  232 1.145087 124.527725 0.853516 0.482022 0.000000 2.878743 0.412109
  233 1.160629 112.807833 1.109375 0.678018 0.000000 2.476840 0.396484
  234 1.114259 113.253339 0.869141 0.521242 0.000000 3.132997 0.360352
  235 1.177124 115.294525 0.958984 0.512476 0.000000 2.592312 0.420898
  236 1.414214 129.746532 0.830078 0.778453 0.000000 2.714313 0.407227
  237 1.160629 112.727023 0.841797 0.663414 0.000000 3.018022 0.396484
  238 1.295408 119.087995 0.773438 0.585598 0.000000 2.892630 0.417969
  239 1.071078 132.644867 0.820312 0.549186 0.000000 2.866297 0.392578
  240 1.301319 117.586457 0.882812 0.477791 0.000000 2.723443 0.425781
  241 1.164057 130.412772 0.878906 0.746964 0.000000 2.783546 0.410156
  242 1.233171 112.338455 0.876953 0.650428 0.000000 2.610060 0.386719
  243 1.067187 112.639088 0.873047 0.538049 0.000000 2.779103 0.406250
  244 1.355815 133.508978 0.857422 0.597934 0.000000 2.517983 0.460938
  245 1.230769 118.784549 0.982422 0.574585 0.000000 2.289516 0.462891
  246 1.236694 124.007509 0.960938 0.542554 0.000000 2.164458 0.419922
  247 1.185114 133.749009 0.937500 0.523605 0.000000 2.611175 0.419922
  248 1.432164 133.705053 0.960938 0.588805 0.000000 2.476388 0.423828
  249 1.270094 118.486870 1.060547 0.814178 0.000000 2.507146 0.377930
  250 1.338111 134.161553 1.048828 0.645692 0.000000 2.464787 0.403320
  251 1.256706 117.024255 0.830078 0.429193 0.000000 2.887646 0.428711
  252 1.409329 116.049938 0.964844 0.552057 0.000000 2.589085 0.423828
  253 1.643753 119.796983 0.933594 0.549775 0.000000 2.614680 0.391602
  254 1.562050 132.420465 0.890625 0.652144 0.000000 3.137767 0.404297
  255 1.135192 139.377542 0.878906 0.451357 0.000000 3.043872 0.391602
  256 1.068393 129.674392 0.923828 0.801521 0.000000 2.599255 0.424805
  257 1.355669 117.060141 0.986328 0.691306 0.000000 2.874106 0.390625
  258 1.237656 125.148400 1.054688 0.563957 0.000000 2.631082 0.383789
  259 1.255055 116.109371 0.894531 0.638960 0.000000 2.635838 0.390625
  260 1.237437 113.011072 0.964844 0.479967 0.000000 2.813219 0.379883
  261 1.309953 125.547374 0.929688 0.589472 0.000000 2.821266 0.387695
  262 1.255055 128.555526 0.933594 0.601473 0.000000 2.637958 0.428711
  263 1.556113 120.015211 0.898438 0.570181 0.000000 2.952262 0.408203
  264 1.335935 126.639088 0.996094 0.497912 0.000000 2.985599 0.404297
  265 1.802776 106.004108 0.742188 0.435943 0.000000 3.833038 0.342773
  266 1.605609 103.875606 0.753906 0.565134 0.000000 3.864714 0.332031
  267 1.465865 103.172451 0.890625 0.485742 0.000000 3.179308 0.353516
  268 1.343710 110.425161 0.855469 0.533260 0.000000 3.200878 0.369141
  269 1.092975 114.631963 0.871094 0.629505 0.000000 2.635751 0.408203
  270 1.255055 130.373447 0.914062 0.681543 0.000000 2.656751 0.403320
  271 1.342189 124.322165 0.914062 0.488789 0.000000 2.426339 0.439453
  272 1.335935 128.117469 0.869141 0.531435 0.000000 2.423652 0.442383
  273 1.132410 124.925161 0.847656 0.474272 0.000000 2.688355 0.425781
  274 1.538675 122.476443 1.001953 0.644145 0.000000 2.594380 0.404297
  275 1.191945 124.050829 0.886719 0.659307 0.000000 2.603889 0.417969
  276 1.278275 122.437549 0.882812 0.469590 0.000000 2.962968 0.405273
  277 1.492072 129.068346 0.994141 0.574808 0.000000 2.552358 0.441406
  278 1.277016 120.615768 1.005859 0.647020 0.000000 2.613544 0.401367
  279 1.122256 114.241841 0.859375 0.688281 0.000000 2.722270 0.415039
  280 1.070047 116.749485 0.873047 0.451033 0.000000 2.797726 0.403320
  281 1.514456 120.145424 1.058594 0.544503 0.000000 2.355126 0.417969
  282 1.368211 113.267266 0.796875 0.642740 0.000000 2.770464 0.406250
  283 1.815772 112.449938 0.855469 0.519661 0.000000 3.291005 0.400391
  284 1.257410 118.326826 0.824219 0.733873 0.000000 3.493060 0.365234
  285 1.260572 118.886699 1.056641 0.542082 0.000000 2.796841 0.416016
  286 1.081665 126.956767 0.933594 0.703002 0.000000 2.374320 0.419922
  287 1.461763 118.095444 1.095703 0.772039 0.000000 2.544352 0.401367
  288 1.673835 137.976961 0.910156 0.742507 0.000000 2.504243 0.392578
  289 1.163014 114.703086 0.880859 0.473232 0.000000 2.407655 0.459961
  290 1.151086 132.525161 1.054688 0.672438 0.000000 2.397010 0.410156
  291 1.309953 121.126429 0.908203 0.671349 0.000000 2.497441 0.411133
  292 1.303840 106.486718 0.984375 0.411833 0.000000 2.604405 0.420898
  293 1.088564 111.691720 0.876953 0.514602 0.000000 2.416942 0.434570
  294 1.153001 127.561679 0.947266 0.564885 0.000000 2.496842 0.423828
  295 1.173231 123.666942 0.912109 0.532204 0.000000 2.654003 0.423828
  296 1.060342 118.425161 0.867188 0.423094 0.000000 2.941934 0.403320
  297 1.380257 127.745176 0.816406 0.831495 0.000000 2.500965 0.417969
  298 1.257410 117.196119 0.785156 0.689060 0.000000 3.065626 0.330078
  299 1.475127 114.947752 0.986328 0.691738 0.000000 2.854353 0.398438
  300 1.355815 129.673748 0.724609 0.473156 0.000000 3.356111 0.370117
  301 1.323987 121.520869 0.937500 0.450817 0.000000 2.919159 0.375977
  302 1.365284 121.093555 0.925781 0.681219 0.000000 2.806613 0.410156
  303 1.498717 116.637549 0.734375 0.754746 0.000000 2.943792 0.436523
  304 1.338111 114.314050 0.976562 0.552547 0.000000 2.704330 0.387695
  305 1.427153 123.088642 1.013672 0.466720 0.000000 2.597340 0.416992
  306 1.382666 131.147693 1.062500 0.661066 0.000000 2.542241 0.378906
  307 1.303840 124.775606 0.960938 0.488595 0.000000 2.587230 0.436523
  308 1.446481 130.266618 0.976562 0.416268 0.000000 2.328899 0.426758
  309 1.380257 115.856468 0.964844 0.665449 0.000000 2.540389 0.437500
  310 1.433587 136.059501 0.865234 0.679769 0.000000 2.906167 0.371094
  311 1.457384 114.137743 0.796875 0.550451 0.000000 3.195668 0.366211
  312 1.335935 112.483715 0.945312 0.616957 0.000000 2.900096 0.365234
  313 1.106133 119.789857 0.902344 0.448951 0.000000 2.567965 0.417969
  314 1.261886 111.533501 0.802734 0.502852 0.000000 2.887820 0.386719
  315 1.605609 126.000384 0.982422 0.398861 0.000000 2.421338 0.443359
  316 1.535738 121.771309 0.873047 0.565222 0.000000 2.678237 0.436523
  317 1.426437 119.537549 0.816406 0.689710 0.000000 2.994343 0.416016
  318 1.737593 115.895660 0.714844 0.583383 0.000000 3.396393 0.363281
  319 1.351882 113.758494 0.730469 0.609217 0.000000 3.254680 0.364258
  320 1.160629 128.106461 0.962891 0.613950 0.000000 2.608725 0.415039
  321 1.230769 125.525161 0.914062 0.679095 0.000000 2.561242 0.409180
  322 1.301319 114.425161 0.849609 0.608688 0.000000 2.837616 0.410156
  323 1.355669 123.245890 1.046875 0.487735 0.000000 2.684570 0.413086
  324 1.660910 117.812772 0.902344 0.510462 0.000000 2.890407 0.425781
  325 1.586582 115.399088 0.812500 0.691722 0.000000 3.176059 0.378906
  326 1.651186 139.362327 0.835938 0.729658 0.000000 2.655767 0.419922
  327 1.277204 118.200707 1.005859 0.670798 0.000000 2.602057 0.414062
  328 1.500000 132.219601 1.064453 0.699490 0.000000 2.404851 0.402344
  329 1.337038 123.590127 1.023438 0.571767 0.000000 2.400970 0.401367
  330 1.295319 130.939709 0.906250 0.465416 0.000000 2.485118 0.468750
  331 1.375704 111.898845 0.923828 0.626265 0.000000 2.751238 0.412109
  332 1.612452 142.093320 0.833984 0.629583 0.000000 3.197705 0.398438
  333 1.333333 127.384999 0.875000 0.642533 0.000000 3.255116 0.357422
  334 1.257410 118.947752 0.906250 0.430726 0.000000 2.871886 0.371094
  335 1.456022 133.125161 1.042969 0.480719 0.000000 2.412501 0.423828
  336 1.209581 106.262999 1.023438 0.643820 0.000000 2.147868 0.441406
  337 1.516293 130.146725 1.003906 0.509523 0.000000 2.432593 0.435547
  338 1.612452 122.613663 0.833984 0.490440 0.000000 3.258901 0.379883
  339 1.416931 125.035364 1.027344 0.613938 0.000000 2.769941 0.390625
  340 1.636734 119.677739 1.031250 0.764919 0.000000 2.711838 0.412109
  341 1.605403 134.722141 0.957031 0.453154 0.000000 2.626905 0.437500
  342 1.157527 123.064343 1.042969 0.458855 0.000000 2.444958 0.448242
  343 1.163014 117.085745 1.074219 0.637453 0.000000 2.185630 0.436523
  344 1.337281 122.437549 0.904297 0.446000 0.000000 2.678841 0.439453
  345 1.457384 129.156094 0.839844 0.737007 0.000000 2.712620 0.446289
  346 1.584929 129.960805 0.835938 0.415035 0.000000 3.025817 0.403320
  347 1.547416 120.214041 0.802734 0.677224 0.000000 3.116901 0.381836
  348 1.605609 121.875606 0.917969 0.511772 0.000000 3.041952 0.380859
  349 1.250000 129.349938 0.833984 0.524204 0.000000 3.107090 0.408203
  350 1.338111 130.275606 0.808594 0.567988 0.000000 2.846388 0.400391
  351 1.548126 107.656092 0.982422 0.539930 0.000000 2.911833 0.396484
  352 1.355669 112.428562 0.773438 0.518532 0.000000 2.954539 0.418945
  353 1.237656 113.674392 0.744141 0.520969 0.000000 3.184482 0.394531
  354 1.749286 138.012745 0.996094 0.608951 0.000000 2.749541 0.392578
  355 1.308906 126.838441 1.023438 0.494436 0.000000 2.601129 0.417969
  356 1.297212 121.099492 0.841797 0.871339 0.000000 3.137209 0.375977
  357 1.141360 126.061490 0.890625 0.527330 0.000000 2.625428 0.418945
  358 1.092975 125.887995 0.898438 0.553716 0.000000 2.536577 0.433594
  359 1.177124 112.165080 0.765625 0.471510 0.000000 3.063763 0.403320
  360 1.137737 120.937549 0.955078 0.787164 0.000000 2.582301 0.432617
  361 1.248529 133.449938 0.978516 0.644069 0.000000 2.471403 0.416992
  362 1.351882 120.526699 0.931641 0.560735 0.000000 2.697257 0.423828
  363 1.384931 118.063650 0.855469 0.531516 0.000000 3.009987 0.416016
  364 1.276079 110.775387 0.904297 0.605636 0.000000 2.917047 0.397461
  365 1.255055 107.583056 0.888672 0.554647 0.000000 2.773813 0.389648
  366 1.574367 152.298819 0.808594 0.572811 0.000000 2.808918 0.444336
  367 1.368211 129.518464 0.826172 0.403198 0.000000 3.148601 0.393555
  368 1.473815 111.902246 0.964844 0.526744 0.000000 2.691009 0.397461
  369 1.475127 131.014824 0.855469 0.613093 0.000000 2.710143 0.437500
  370 1.548126 119.940141 0.818359 0.602105 0.000000 3.304125 0.361328
  371 1.219756 123.805262 0.798828 0.706175 0.000000 3.134785 0.391602
  372 1.270352 113.312772 0.720703 0.507192 0.000000 3.163234 0.364258
  373 1.584929 119.742234 0.664062 0.600207 0.000000 3.653585 0.352539
  374 1.338111 121.771309 0.853516 0.503368 0.000000 3.142961 0.424805
  375 1.473815 124.329923 0.886719 0.609340 0.000000 2.842248 0.401367
  376 1.278275 120.613225 1.019531 0.424953 0.000000 2.843706 0.381836
  377 1.500000 128.813663 0.945312 0.652088 0.000000 2.718738 0.406250
  378 1.802776 125.937549 0.931641 0.548258 0.000000 3.249474 0.376953
  379 1.578410 116.658480 0.773438 0.507862 0.000000 3.579602 0.361328
  380 1.562889 116.287995 0.822266 0.516204 0.000000 3.424536 0.351562
  381 1.711724 122.278819 0.791016 0.422371 0.000000 3.312183 0.372070
  382 1.811077 117.231153 0.740234 0.503068 0.000000 3.583382 0.380859
  383 1.717701 118.732091 0.769531 0.851375 0.000000 3.308226 0.378906
  384 2.012308 121.230852 0.720703 0.602808 0.000000 3.539789 0.383789
  385 1.473815 109.884918 0.822266 0.646017 0.000000 3.623465 0.376953
  386 1.414214 107.292259 0.810547 0.434895 0.000000 2.942139 0.402344
  387 1.295408 122.061490 0.835938 0.608846 0.000000 2.823460 0.400391
  388 1.338111 123.299169 0.916016 0.590471 0.000000 2.652024 0.398438
  389 1.160845 118.323299 1.070312 0.725414 0.000000 2.397456 0.416016
  390 1.297212 115.361518 1.013672 0.476639 0.000000 2.542845 0.406250
  391 1.475127 117.158278 0.828125 0.605176 0.000000 2.706991 0.407227
  392 1.368211 113.376038 0.847656 0.360547 0.000000 3.335402 0.372070
  393 1.456022 104.316173 0.843750 0.489557 0.000000 2.948067 0.377930
  394 1.697273 105.986137 0.667969 0.544033 0.000000 3.972955 0.322266
  395 1.209581 119.586457 0.832031 0.448570 0.000000 3.100190 0.391602
  396 1.257410 141.223264 1.009766 0.589885 0.000000 2.387652 0.425781
  397 1.414214 118.740950 0.927734 0.720074 0.000000 2.858708 0.399414
  398 1.355669 115.091396 0.890625 0.510057 0.000000 2.814159 0.389648
  399 1.355669 134.521754 0.861328 0.639280 0.000000 3.012637 0.406250
  400 1.416931 115.674392 0.867188 0.535273 0.000000 2.832408 0.410156
  401 1.350926 145.402666 0.939453 0.531058 0.000000 2.502954 0.443359
  402 1.081665 136.425161 1.029297 0.598168 0.000000 2.549444 0.442383
  403 1.306094 111.060141 0.916016 0.550437 0.000000 2.779766 0.399414
  404 1.480540 117.425161 0.767578 0.617500 0.000000 3.050361 0.383789
  405 1.619803 121.446106 0.708984 0.432544 0.000000 3.636347 0.358398
  406 1.488624 129.966431 0.941406 0.573558 0.000000 2.934634 0.371094
  407 1.204159 133.747499 0.921875 0.417934 0.000000 2.711807 0.424805
  408 1.119846 124.102948 0.822266 0.674248 0.000000 2.886747 0.376953
  409 1.488624 130.571812 0.859375 0.486511 0.000000 2.792648 0.406250
  410 1.737593 118.174715 0.718750 0.519514 0.000000 3.608247 0.357422
  411 1.350926 114.837549 0.744141 0.529800 0.000000 3.363920 0.374023
  412 1.584929 125.552377 0.921875 0.632014 0.000000 3.037333 0.393555
  413 1.643753 122.651459 0.818359 0.587313 0.000000 3.672598 0.326172
  414 1.646434 121.298683 0.908203 0.452138 0.000000 3.655452 0.375000
  415 1.145087 122.744351 0.953125 0.547172 0.000000 2.524639 0.415039
  416 1.249204 132.392664 1.031250 0.418619 0.000000 2.490563 0.418945
  417 1.012423 129.348238 0.998047 0.564563 0.000000 2.652534 0.410156
  418 1.270352 120.080407 0.765625 0.585375 0.000000 2.956334 0.401367
  419 1.338111 128.275606 0.814453 0.686755 0.000000 2.815334 0.411133
  420 1.081665 117.789857 1.037109 0.665528 0.000000 2.537665 0.414062
  421 1.456022 114.234847 0.968750 0.540217 0.000000 2.597392 0.434570
  422 1.388524 115.656092 0.904297 0.624016 0.000000 2.890190 0.395508
  423 1.295408 112.757140 0.884766 0.487078 0.000000 2.660285 0.431641
  424 1.342189 119.496775 0.957031 0.446441 0.000000 2.389485 0.404297
  425 1.088564 111.388667 0.982422 0.556481 0.000000 2.519141 0.416016
  426 1.102822 122.337549 0.835938 0.575866 0.000000 2.664080 0.432617
  427 1.355815 124.837549 0.906250 0.462398 0.000000 2.624857 0.433594
  428 1.335935 114.437549 0.972656 0.695706 0.000000 2.745192 0.396484
  429 1.465865 123.600384 0.826172 0.500703 0.000000 2.769882 0.436523
  430 1.556113 115.083891 0.738281 0.505135 0.000000 3.738648 0.331055
  431 1.646434 132.751503 0.722656 0.478256 0.000000 3.946942 0.349609
  432 1.343710 126.387995 0.753906 0.586497 0.000000 3.614932 0.376953
  433 1.556113 117.612772 0.828125 0.694688 0.000000 3.721356 0.347656
  434 1.234662 134.556597 0.841797 0.701837 0.000000 3.017639 0.408203
  435 1.295408 123.212772 1.066406 0.540398 0.000000 2.484903 0.402344
  436 1.473815 133.400771 1.005859 0.436845 0.000000 2.609698 0.424805
  437 1.339068 124.802920 0.892578 0.546337 0.000000 2.690851 0.408203
  438 1.343710 106.911647 0.955078 0.688806 0.000000 2.756629 0.417969
  439 1.333333 123.887995 0.875000 0.517116 0.000000 2.846388 0.409180
  440 1.545455 123.200384 0.748047 0.381322 0.000000 3.277125 0.403320
  441 1.473815 117.687995 0.888672 0.482378 0.000000 3.162110 0.368164
  442 1.277204 132.064027 0.814453 0.730987 0.000000 3.184895 0.369141
  443 1.700000 134.375606 0.941406 0.605121 0.000000 2.351885 0.450195
  444 1.163014 114.559171 0.910156 0.555098 0.000000 2.397329 0.467773
  445 1.442221 131.177711 0.935547 0.511617 0.000000 2.306152 0.441406
  446 1.143544 132.449745 0.896484 0.622324 0.000000 2.385710 0.443359
  447 1.355815 127.282435 0.888672 0.431101 0.000000 2.462313 0.420898
  448 1.636734 126.221760 1.062500 0.832521 0.000000 2.685475 0.380859
  449 1.666667 134.100384 0.929688 0.653899 0.000000 2.705896 0.414062
  450 1.153001 133.425161 0.923828 0.493772 0.000000 2.386098 0.457031
  451 1.221945 124.488189 0.814453 0.592670 0.000000 2.903598 0.386719
  452 1.426437 121.368805 0.771484 0.537211 0.000000 3.082619 0.394531
  453 1.605609 129.693454 0.933594 0.553121 0.000000 2.826752 0.392578
  454 1.717701 112.337549 0.802734 0.760971 0.000000 3.496640 0.379883
  455 1.712511 115.302436 0.695312 0.445312 0.000000 3.363481 0.368164
  456 1.562050 122.430426 0.857422 0.445599 0.000000 3.373855 0.347656
  457 1.717701 118.012772 0.798828 0.739489 0.000000 3.537244 0.346680
  458 1.380257 111.394824 0.906250 0.467719 0.000000 3.085795 0.378906
  459 1.435552 136.511925 0.699219 0.945704 0.000000 3.463083 0.354492
  460 1.337281 130.791208 0.910156 0.655520 0.000000 2.822377 0.393555
  461 1.171303 129.421328 0.882812 0.400717 0.000000 2.935400 0.406250
  462 1.906344 115.026052 0.783203 0.704607 0.000000 3.342992 0.350586
  463 1.295408 116.787995 0.867188 0.546398 0.000000 3.333094 0.375977
  464 1.145087 119.673438 0.919922 0.591327 0.000000 2.971607 0.371094
  465 1.493154 147.070921 0.873047 0.521747 0.000000 2.866640 0.407227
  466 1.234560 118.299115 0.896484 0.462106 0.000000 2.904483 0.377930
  467 1.093561 130.430426 0.960938 0.493126 0.000000 2.626439 0.399414
  468 1.255055 129.649938 0.939453 0.542163 0.000000 2.582438 0.394531
  469 1.338111 116.834985 0.898438 0.477150 0.000000 2.945618 0.387695
  470 1.078164 112.890550 0.833984 0.695799 0.000000 3.009810 0.367188
  471 1.240347 117.297681 1.109375 0.653612 0.000000 2.484593 0.389648
  472 1.765686 124.527725 1.095703 0.506025 0.000000 2.368077 0.419922
  473 1.252775 123.598656 0.914062 0.718278 0.000000 2.258840 0.421875
  474 1.204159 111.388667 0.931641 0.566444 0.000000 2.594601 0.406250
  475 1.276079 113.895121 0.994141 0.416824 0.000000 2.669817 0.408203
  476 1.335935 109.772206 0.962891 0.400447 0.000000 2.624444 0.411133
  477 1.204159 125.631315 0.941406 0.580771 0.000000 2.696373 0.420898
  478 1.303840 131.497558 0.958984 0.487389 0.000000 2.890551 0.400391
  479 1.454545 122.746919 0.732422 0.442075 0.000000 3.155474 0.411133
  480 1.680697 125.963622 0.857422 0.583184 0.000000 2.630325 0.407227
  481 1.081665 123.906348 1.136719 0.610370 0.000000 2.388650 0.425781
  482 1.031220 120.308076 0.923828 0.565830 0.000000 2.395359 0.441406
  483 1.210372 123.895660 1.068359 0.496760 0.000000 2.346601 0.428711
  484 1.204159 117.753798 0.986328 0.532323 0.000000 2.190533 0.451172
  485 1.672772 124.825161 0.933594 0.714276 0.000000 2.700630 0.399414
  486 1.286239 116.930100 0.964844 0.563495 0.000000 3.007699 0.397461
  487 1.486946 134.200384 1.027344 0.502803 0.000000 2.420862 0.415039
  488 1.257410 118.954624 1.011719 0.443461 0.000000 2.280098 0.441406
  489 1.335935 141.430813 0.976562 0.557743 0.000000 2.631450 0.398438
  490 1.500000 126.712772 0.902344 0.618898 0.000000 2.732599 0.415039
  491 1.114259 121.957630 0.845703 0.568032 0.000000 2.711539 0.426758
  492 1.279681 135.554700 0.832031 0.530868 0.000000 2.751818 0.388672
  493 1.386750 129.712772 0.892578 0.748212 0.000000 2.758483 0.418945
  494 1.338111 118.676875 0.773438 0.542892 0.000000 2.771725 0.435547
  495 1.339068 131.887802 0.896484 0.537273 0.000000 3.227287 0.391602
  496 1.355213 121.049938 0.835938 0.524322 0.000000 2.768407 0.419922
  497 1.250503 128.412772 0.869141 0.738785 0.000000 2.943679 0.399414
  498 1.303840 123.073744 0.849609 0.548584 0.000000 2.651690 0.423828
  499 1.163586 133.210263 0.955078 0.723940 0.000000 2.594319 0.415039
  500 1.160629 107.425161 1.078125 0.579734 0.000000 2.577676 0.373047
  501 1.243904 130.137549 0.968750 0.636587 0.000000 2.433846 0.442383
  502 1.153001 122.757955 0.867188 0.550599 0.000000 2.429713 0.458984
  503 1.531716 157.136028 0.857422 0.717623 0.000000 2.691732 0.416016
  504 1.143544 128.149938 0.808594 0.831018 0.000000 2.405300 0.434570
  505 1.126185 115.590127 0.761719 0.574763 0.000000 2.699929 0.441406
  506 1.204159 115.425161 0.898438 0.511646 0.000000 2.710848 0.416016
  507 1.156407 124.008912 0.947266 0.633250 0.000000 2.626032 0.394531
  508 1.386750 121.325161 0.960938 0.502235 0.000000 2.812285 0.417969
  509 1.308906 115.408157 0.943359 0.493850 0.000000 2.771820 0.405273
  510 1.427153 125.958926 0.958984 0.598437 0.000000 2.897955 0.384766
  511 1.252775 113.709617 0.951172 0.622728 0.000000 2.991167 0.376953
  512 1.375704 114.790698 0.943359 0.457629 0.000000 2.616714 0.410156
  513 1.386750 116.449938 0.861328 0.457679 0.000000 2.810151 0.411133
  514 1.433587 123.462327 0.835938 0.668242 0.000000 2.997028 0.411133
  515 1.824829 131.707043 0.718750 0.485937 0.000000 3.352848 0.384766
  516 1.343710 103.425161 0.919922 0.506732 0.000000 3.085154 0.389648
  517 1.426437 134.757449 1.019531 0.667578 0.000000 2.731435 0.366211
  518 1.475287 119.249938 0.837891 0.736044 0.000000 2.688011 0.415039
  519 1.500000 130.212772 0.955078 0.606673 0.000000 2.515289 0.413086
  520 1.174440 103.712991 0.859375 0.664135 0.000000 2.905715 0.377930
  521 1.355815 145.643853 0.894531 0.436445 0.000000 2.895067 0.406250
  522 1.416931 111.863218 0.937500 0.553116 0.000000 2.710092 0.420898
  523 1.355213 114.842489 1.027344 0.438592 0.000000 2.710656 0.370117
  524 1.438858 116.527293 0.902344 0.661917 0.000000 3.110853 0.383789
  525 1.617215 120.077145 0.902344 0.670355 0.000000 2.784228 0.416992
  526 1.215610 136.774715 1.050781 0.599146 0.000000 2.327135 0.441406
  527 1.163014 125.487104 0.996094 0.521519 0.000000 2.417909 0.420898
  528 1.928604 126.303248 0.861328 0.572782 0.000000 3.143690 0.386719
  529 1.256706 122.900384 0.810547 0.473627 0.000000 3.212162 0.379883
  530 1.276079 133.576187 0.894531 0.639534 0.000000 2.899743 0.405273
  531 1.135756 117.056740 0.853516 0.658979 0.000000 2.734761 0.430664
  532 1.536902 121.693454 0.931641 0.728954 0.000000 2.803520 0.435547
  533 1.256706 118.324324 0.806641 0.596024 0.000000 3.055102 0.412109
  534 1.612452 121.691720 0.835938 0.456953 0.000000 3.082015 0.399414
  535 1.106993 124.215336 0.822266 0.631397 0.000000 3.206325 0.382812
  536 1.270352 118.631963 0.908203 0.475053 0.000000 2.546486 0.432617
  537 1.256706 116.087995 0.931641 0.841496 0.000000 2.738979 0.432617
  538 1.556113 111.056740 0.990234 0.439652 0.000000 2.864276 0.393555
  539 1.156407 112.533825 0.830078 0.832974 0.000000 2.941644 0.377930
  540 1.233171 118.954878 0.970703 0.727734 0.000000 2.619382 0.417969
  541 1.465865 123.712772 0.929688 0.423512 0.000000 3.262914 0.373047
  542 1.894264 115.039602 0.783203 0.742071 0.000000 3.398044 0.353516
  543 1.514456 119.586457 0.755859 0.924175 0.000000 3.803433 0.328125
  544 1.163014 123.367023 0.933594 0.537735 0.000000 2.613678 0.409180
  545 1.250000 121.944299 0.861328 0.650942 0.000000 2.713846 0.411133
  546 1.343710 109.132363 0.917969 0.426314 0.000000 3.099447 0.375977
  547 1.380257 125.839021 0.921875 0.390369 0.000000 3.039669 0.353516
  548 1.726268 105.649938 0.718750 0.731362 0.000000 3.377362 0.365234
  549 1.040063 128.661321 0.718750 0.558694 0.000000 3.481163 0.367188
  550 1.717701 126.383195 0.833984 0.446023 0.000000 3.270923 0.394531
  551 1.556113 112.772853 0.746094 0.814062 0.000000 3.609010 0.350586
  552 1.255055 114.734581 0.818359 0.454381 0.000000 3.095692 0.368164
  553 1.350858 119.856468 0.929688 0.596873 0.000000 2.688567 0.389648
  554 1.586582 122.863218 0.970703 0.550098 0.000000 2.595893 0.386719
  555 1.156407 124.102948 0.923828 0.432557 0.000000 2.728079 0.450195
  556 1.416931 115.850376 0.830078 0.420115 0.000000 3.277463 0.392578
  557 1.617215 112.835417 0.902344 0.456443 0.000000 2.768542 0.412109
  558 1.470217 110.956767 0.822266 0.518420 0.000000 3.346341 0.357422
  559 1.343710 122.164054 0.982422 0.630354 0.000000 2.840239 0.416992
  560 1.335935 115.666942 0.894531 0.576925 0.000000 2.778860 0.392578
  561 1.170721 115.725161 0.820312 0.591670 0.000000 2.721648 0.416992
  562 1.355669 121.513420 0.876953 0.474576 0.000000 2.468675 0.420898
  563 1.106133 117.688319 1.001953 0.549986 0.000000 2.491236 0.430664
  564 1.419116 113.817725 0.945312 0.745780 0.000000 2.890145 0.366211
  565 1.306094 115.897820 0.898438 0.746778 0.000000 3.020354 0.393555
  566 1.465865 113.049938 0.847656 0.556276 0.000000 3.049827 0.388672
  567 1.641950 116.975993 0.716797 0.555252 0.000000 3.438322 0.361328
  568 1.166667 112.562327 0.880859 0.686680 0.000000 2.837654 0.399414
  569 1.343710 114.200707 0.787109 0.593031 0.000000 3.177469 0.365234
  570 1.240347 114.046783 1.009766 0.504476 0.000000 2.765628 0.368164
  571 1.075735 136.162327 0.888672 0.526211 0.000000 2.860576 0.416992
  572 1.252775 128.625161 1.060547 0.752703 0.000000 2.545883 0.407227
  573 1.386750 119.974715 0.912109 0.590191 0.000000 3.064292 0.378906
  574 1.173231 112.555939 0.865234 0.658543 0.000000 2.615187 0.453125
  575 1.148824 130.574715 1.087891 0.430066 0.000000 2.639111 0.417969
  576 1.361560 119.898845 0.939453 0.602478 0.000000 2.286616 0.457031
  577 1.286876 129.212772 0.939453 0.542626 0.000000 2.330732 0.436523
  578 1.170721 122.842489 0.917969 0.559103 0.000000 2.506476 0.442383
  579 1.279681 124.829425 0.904297 0.646455 0.000000 2.469263 0.447266
  580 1.544021 135.663218 0.945312 0.661684 0.000000 2.427569 0.456055
  581 1.255055 118.359358 0.884766 0.678721 0.000000 2.377609 0.418945
  582 1.160629 109.802414 1.029297 0.655361 0.000000 2.563554 0.389648
  583 1.381484 125.895660 0.806641 0.484790 0.000000 3.166932 0.371094
  584 1.562050 121.337549 0.742188 0.498040 0.000000 3.403569 0.375000
  585 1.616542 122.200384 0.824219 0.555226 0.000000 3.173226 0.372070
  586 1.163586 128.630289 0.859375 0.797683 0.000000 2.933721 0.392578
  587 1.163014 112.846214 1.001953 0.593489 0.000000 2.621399 0.398438
  588 1.173231 110.737226 0.923828 0.562838 0.000000 2.557462 0.398438
  589 1.343710 109.755201 0.820312 0.682128 0.000000 3.036609 0.363281
  590 1.475127 122.025161 0.839844 0.468824 0.000000 3.132123 0.367188
  591 1.063817 120.726861 0.945312 0.527335 0.000000 2.643484 0.417969
  592 1.114259 131.056740 0.980469 0.473280 0.000000 2.855198 0.386719
  593 1.556113 118.161553 0.917969 0.603386 0.000000 2.704326 0.440430
  594 1.531283 138.752803 0.910156 0.549047 0.000000 2.999266 0.398438
  595 1.702939 111.350868 0.808594 0.462049 0.000000 3.211818 0.388672
  596 1.361560 114.162327 0.781250 0.428318 0.000000 3.062312 0.384766
  597 1.473815 116.225161 0.705078 0.608569 0.000000 3.427401 0.415039
  598 1.236694 131.000384 0.812500 0.423152 0.000000 2.801404 0.410156
  599 1.427153 122.675579 0.902344 0.561265 0.000000 2.429746 0.443359
  600 1.370008 124.961950 0.970703 0.571415 0.000000 2.649302 0.410156
  601 1.601990 136.684201 0.880859 0.579428 0.000000 2.906268 0.405273
  602 1.808101 112.505117 0.980469 0.644545 0.000000 2.945769 0.388672
  603 1.433587 111.056740 1.001953 0.652184 0.000000 2.792305 0.387695
  604 1.355669 131.250829 0.992188 0.615960 0.000000 2.887430 0.378906
  605 1.500000 127.292259 0.966797 0.863374 0.000000 2.942534 0.397461
  606 1.380257 110.959790 0.746094 0.420269 0.000000 3.082472 0.406250
  607 1.636734 104.249938 0.730469 0.654009 0.000000 3.576406 0.354492
  608 1.831876 131.223264 0.746094 0.489014 0.000000 3.644122 0.354492
  609 1.502313 135.474715 0.980469 0.594844 0.000000 2.897452 0.379883
  610 1.257410 123.712772 0.857422 0.740649 0.000000 2.850998 0.377930
  611 1.456022 117.762327 0.804688 0.463086 0.000000 3.016693 0.382812
  612 1.562889 123.525161 0.814453 0.595471 0.000000 3.596473 0.303711
  613 1.278275 121.337549 0.951172 0.908546 0.000000 2.838590 0.428711
  614 1.470217 122.105336 0.863281 0.566212 0.000000 2.882625 0.389648
  615 1.301319 125.299169 0.958984 0.660489 0.000000 2.485992 0.424805
  616 1.343710 116.166591 0.931641 0.509173 0.000000 2.799323 0.429688
  617 1.338111 134.562327 0.873047 0.822006 0.000000 3.009598 0.382812
  618 1.338111 111.018359 0.839844 0.569279 0.000000 3.360934 0.366211
  619 1.278275 142.115054 0.880859 0.495326 0.000000 2.728049 0.406250
  620 1.442221 119.156868 0.966797 0.445217 0.000000 2.788547 0.384766
  621 1.453296 130.901351 0.865234 0.518895 0.000000 3.123775 0.376953
  622 1.547416 116.525161 0.851562 0.546845 0.000000 2.944800 0.423828
  623 1.380257 126.487104 0.765625 0.671983 0.000000 3.082958 0.399414
  624 1.442221 128.516497 0.994141 0.364909 0.000000 2.535901 0.423828
  625 1.163586 115.031691 1.013672 0.527797 0.000000 2.563365 0.398438
  626 1.278275 113.720221 0.988281 0.435211 0.000000 2.711199 0.386719
  627 1.160845 102.632017 0.871094 0.455323 0.000000 3.033236 0.383789
  628 1.093216 139.718811 0.720703 0.624770 0.000000 2.643310 0.426758
  629 1.386750 120.281517 0.835938 0.690915 0.000000 2.875527 0.411133
  630 1.143544 112.196103 0.955078 0.684855 0.000000 2.543378 0.413086
  631 1.394616 118.707367 0.847656 0.575019 0.000000 2.398509 0.447266
  632 1.351882 117.734394 0.980469 0.656666 0.000000 2.685703 0.408203
  633 1.547416 125.280546 0.943359 0.468795 0.000000 2.976341 0.394531
  634 1.233171 135.000384 0.968750 0.574756 0.000000 2.915786 0.401367
  635 1.141360 119.031691 0.898438 0.595501 0.000000 2.819289 0.362305
  636 1.215610 114.815475 1.046875 0.433975 0.000000 2.383950 0.429688
  637 1.320972 140.813663 0.970703 0.546460 0.000000 2.496639 0.451172
  638 1.636734 120.010208 0.826172 0.551567 0.000000 3.046435 0.394531
  639 1.243904 126.109371 0.896484 0.532435 0.000000 2.521074 0.432617
  640 1.386750 122.700384 0.931641 0.568625 0.000000 2.561141 0.435547
  641 1.249204 134.449938 0.826172 0.515333 0.000000 2.928136 0.417969
  642 1.535738 119.900384 0.839844 0.612987 0.000000 2.728483 0.414062
  643 1.419116 117.023865 0.804688 0.540744 0.000000 3.252831 0.354492
  644 1.433587 129.601144 0.876953 0.579725 0.000000 3.267030 0.332031
  645 1.219756 123.604648 0.990234 0.548957 0.000000 2.775442 0.389648
  646 1.278275 114.428562 0.882812 0.505223 0.000000 3.179118 0.366211
  647 1.170721 125.487995 0.880859 0.562723 0.000000 2.923067 0.367188
  648 1.414214 127.194392 0.931641 0.529106 0.000000 2.630377 0.416992
  649 1.255055 116.444828 0.937500 0.644937 0.000000 2.794961 0.375000
  650 1.333333 108.878116 0.931641 0.354665 0.000000 2.696338 0.397461
  651 1.459715 120.170478 0.964844 0.422711 0.000000 2.532974 0.403320
  652 1.163014 120.754662 1.027344 0.449134 0.000000 2.509696 0.426758
  653 1.236694 127.165404 0.964844 0.681180 0.000000 2.604970 0.388672
  654 1.361560 139.897519 0.871094 0.649251 0.000000 2.529149 0.425781
  655 1.070047 129.199492 0.908203 0.567623 0.000000 2.508137 0.434570
  656 1.297212 119.863218 0.869141 0.580334 0.000000 2.738001 0.415039
  657 1.351882 113.963622 0.841797 0.501769 0.000000 3.095312 0.356445
  658 1.522114 131.415018 0.925781 0.450100 0.000000 3.015413 0.394531
  659 1.261062 119.237549 0.957031 0.581029 0.000000 2.586673 0.415039
  660 1.335935 132.952765 0.792969 0.508663 0.000000 3.168210 0.381836
  661 1.416931 122.036713 0.863281 0.565868 0.000000 3.002264 0.381836
  662 1.605609 124.651835 0.814453 0.424047 0.000000 3.326517 0.345703
  663 1.612452 124.405455 0.738281 0.496090 0.000000 3.160254 0.394531
  664 1.343710 117.861058 0.980469 0.454210 0.000000 2.999398 0.368164
  665 1.303840 118.168319 1.082031 0.473902 0.000000 2.564948 0.370117
  666 1.243904 117.045658 1.011719 0.542901 0.000000 2.408511 0.416016
  667 1.459845 125.846538 0.929688 0.493332 0.000000 2.394280 0.442383
  668 1.141360 126.210910 0.988281 0.560861 0.000000 2.417268 0.449219
  669 1.150521 128.523029 0.914062 0.712322 0.000000 2.465038 0.413086
  670 1.338771 121.385809 0.933594 0.699474 0.000000 2.490723 0.437500
  671 1.680697 117.687995 0.902344 0.751266 0.000000 2.884775 0.357422
  672 1.414214 118.373879 1.007812 0.821090 0.000000 2.994742 0.366211
  673 1.060342 120.905485 1.011719 0.628190 0.000000 2.476718 0.423828
  674 1.181513 117.493400 0.964844 0.576503 0.000000 2.588417 0.424805
  675 1.250000 127.425161 0.927734 0.520853 0.000000 2.496272 0.418945
  676 1.621515 131.864379 0.886719 0.552358 0.000000 3.017210 0.370117
  677 1.581139 126.562327 0.878906 0.473783 0.000000 3.025461 0.388672
  678 1.556113 116.737549 0.771484 0.804725 0.000000 3.460431 0.351562
  679 1.712511 108.698138 0.916016 0.704193 0.000000 3.007636 0.386719
  680 1.918075 117.774759 0.640625 0.651370 0.000000 3.869935 0.353516
  681 1.549722 135.766818 0.791016 0.590146 0.000000 3.855398 0.332031
  682 1.343710 116.533269 0.880859 0.634554 0.000000 2.973255 0.372070
  683 1.071078 130.426889 0.951172 0.683329 0.000000 2.524568 0.425781
  684 1.163014 121.035849 1.031250 0.617051 0.000000 2.442120 0.428711
  685 1.151086 127.059307 0.878906 0.711106 0.000000 2.686310 0.422852
  686 1.070489 125.240977 0.925781 0.737724 0.000000 2.686238 0.411133
  687 1.201850 122.784135 0.859375 0.545378 0.000000 2.428172 0.444336
  688 1.093561 124.307894 0.898438 0.591594 0.000000 2.607071 0.432617
  689 1.098751 119.243514 0.861328 0.560592 0.000000 2.718834 0.390625
  690 1.219756 133.108088 0.966797 0.748249 0.000000 2.530218 0.415039
  691 1.010858 139.173748 0.890625 0.688400 0.000000 2.636934 0.439453
  692 1.475127 131.663218 0.941406 0.690729 0.000000 2.418853 0.448242
  693 1.368211 126.959790 1.068359 0.409116 0.000000 2.310202 0.435547
  694 1.584929 129.745176 1.044922 0.549863 0.000000 2.666474 0.405273
  695 1.163014 123.580302 0.845703 0.467287 0.000000 2.871515 0.393555
  696 1.406393 133.552377 0.943359 0.670207 0.000000 2.543031 0.424805
  697 1.461763 124.287995 0.796875 0.694660 0.000000 2.732778 0.413086
  698 1.277204 123.364224 0.755859 0.479824 0.000000 3.259932 0.375977
  699 1.468051 127.809776 0.677734 0.635667 0.000000 2.882221 0.408203
  700 1.726088 123.688319 0.851562 0.660054 0.000000 2.698359 0.431641
  701 1.414214 134.942041 0.884766 0.555646 0.000000 2.871813 0.420898
  702 1.414214 112.630289 0.814453 0.591432 0.000000 2.894529 0.407227
  703 1.442221 108.480870 0.808594 0.519023 0.000000 2.817530 0.406250
  704 1.255055 109.217712 0.876953 0.428641 0.000000 3.090404 0.367188
  705 1.473815 119.599952 0.941406 0.442543 0.000000 2.885336 0.397461
  706 1.801234 116.097945 0.781250 0.505590 0.000000 3.353834 0.377930
  707 1.470217 130.476574 0.748047 0.550631 0.000000 3.511928 0.390625
  708 1.473815 125.963622 0.857422 0.594832 0.000000 3.397944 0.382812
  709 1.617215 113.205649 0.792969 0.531445 0.000000 3.513740 0.343750
  710 1.711724 127.512579 0.802734 0.415066 0.000000 3.545487 0.322266
  711 1.475127 121.200384 0.902344 0.530249 0.000000 3.008456 0.390625
  712 1.204037 121.563218 0.923828 0.534760 0.000000 2.888265 0.393555
  713 1.160629 118.087995 0.853516 0.624289 0.000000 2.758486 0.390625
  714 1.522271 109.474068 0.878906 0.473914 0.000000 2.940183 0.395508
  715 1.162476 121.337549 0.833984 0.437218 0.000000 3.019264 0.395508
  716 1.142687 112.267498 0.968750 0.591522 0.000000 2.579177 0.391602
  717 1.313064 134.199492 0.939453 0.575423 0.000000 2.584198 0.439453
  718 1.142687 119.073744 0.869141 0.783852 0.000000 2.327537 0.434570
  719 1.166667 121.605079 0.888672 0.426196 0.000000 2.456939 0.435547
  720 1.551674 140.844526 0.900391 0.430550 0.000000 2.781377 0.408203
  721 1.135292 120.727023 1.115234 0.419038 0.000000 2.505229 0.417969
  722 1.236694 131.895660 1.013672 0.700402 0.000000 2.668602 0.392578
  723 1.380257 129.205649 0.886719 0.645103 0.000000 2.872660 0.393555
  724 1.234662 126.150906 0.906250 0.540442 0.000000 2.837879 0.412109
  725 1.692745 134.362327 0.773438 0.915107 0.000000 2.439439 0.459961
  726 1.212678 124.425161 0.855469 0.523695 0.000000 2.660809 0.413086
  727 1.362047 130.399492 0.888672 0.578182 0.000000 2.851533 0.398438
  728 1.250000 119.351153 0.861328 0.366931 0.000000 2.369103 0.444336
  729 1.617215 136.363218 0.958984 0.471495 0.000000 2.450038 0.453125
  730 1.651186 139.601158 0.935547 0.593069 0.000000 2.530394 0.446289
  731 1.062795 116.954878 0.919922 0.573345 0.000000 2.311757 0.432617
  732 1.270352 124.527293 0.958984 0.601224 0.000000 2.833203 0.410156
  733 1.187776 117.930748 0.949219 0.600753 0.000000 2.723207 0.365234
  734 1.519282 144.356828 0.888672 0.640744 0.000000 3.092453 0.342773
  735 1.303840 127.775606 0.824219 0.542925 0.000000 2.879497 0.406250
  736 1.173231 116.010208 0.996094 0.519391 0.000000 2.480434 0.438477
  737 1.253896 123.509695 0.947266 0.525344 0.000000 2.423817 0.419922
  738 1.295408 115.474068 0.923828 0.738633 0.000000 2.445626 0.411133
  739 1.261886 125.653393 0.974609 0.504599 0.000000 2.654567 0.433594
  740 1.250000 124.805944 0.859375 0.548712 0.000000 2.421149 0.448242
  741 1.176918 117.478090 0.945312 0.429855 0.000000 2.590491 0.400391
  742 1.486946 124.725161 0.853516 0.589393 0.000000 2.455523 0.477539
  743 1.073166 116.796659 0.779297 0.491238 0.000000 2.517475 0.468750
  744 1.234560 118.012772 0.882812 0.471723 0.000000 2.831016 0.411133
  745 1.236694 132.212772 0.988281 0.497456 0.000000 2.541403 0.419922
  746 1.163586 120.816819 1.003906 0.608123 0.000000 2.414004 0.414062
  747 1.444991 123.290964 0.994141 0.617833 0.000000 2.233046 0.428711
  748 1.038133 118.674715 0.808594 0.752663 0.000000 2.668269 0.429688
  749 1.135756 119.337549 0.884766 0.357515 0.000000 2.669446 0.428711
  750 1.257410 138.512772 0.923828 0.557102 0.000000 2.779922 0.410156
  751 1.141360 128.625593 0.833984 0.599298 0.000000 2.913173 0.435547
  752 1.308906 126.837145 0.890625 0.498377 0.000000 2.757472 0.399414
  753 1.737593 119.523689 0.712891 0.753273 0.000000 3.577576 0.352539
  754 1.711724 116.839989 0.787109 0.698764 0.000000 3.449608 0.365234
  755 1.277204 108.505117 0.859375 0.716406 0.000000 3.141318 0.384766
  756 1.175266 117.957630 0.886719 0.499996 0.000000 2.592214 0.385742
  757 1.233171 140.606152 0.791016 0.557183 0.000000 2.889428 0.420898
  758 1.456022 120.513204 0.804688 0.762693 0.000000 3.379195 0.364258
  759 1.586582 117.137118 0.857422 0.533941 0.000000 3.061231 0.378906
  760 1.456022 103.186417 0.929688 0.491747 0.000000 2.857326 0.427734
  761 1.250000 127.575175 0.912109 0.537676 0.000000 2.822620 0.413086
  762 1.277204 137.787191 0.912109 0.373868 0.000000 2.526317 0.429688
  763 1.270352 123.874338 0.982422 0.570902 0.000000 2.642471 0.423828
  764 1.092975 120.293123 0.966797 0.533772 0.000000 2.424934 0.431641
  765 1.146563 132.625161 0.947266 0.557304 0.000000 2.536518 0.418945
  766 1.255055 117.181918 1.005859 0.645257 0.000000 2.522687 0.416016
  767 1.196843 126.504244 1.054688 0.745257 0.000000 2.727754 0.389648
  768 1.240347 135.809908 0.773438 0.479905 0.000000 3.268617 0.381836
  769 1.173231 114.042273 0.908203 0.464290 0.000000 2.776151 0.431641
  770 1.531716 136.016759 0.830078 0.580038 0.000000 2.857402 0.397461
  771 1.137737 121.333717 0.671875 0.793433 0.000000 3.532722 0.354492
  772 1.010858 139.749938 0.855469 0.519889 0.000000 2.635976 0.406250
  773 1.171303 129.586717 1.003906 0.506958 0.000000 2.613397 0.411133
  774 1.338111 128.219601 0.896484 0.559459 0.000000 2.604152 0.435547
  775 1.361560 113.060968 0.923828 0.565255 0.000000 2.416253 0.431641
  776 1.325236 134.375606 0.878906 0.672111 0.000000 2.520439 0.444336
  777 1.295408 119.598656 0.779297 0.546026 0.000000 2.563946 0.462891
  778 1.175251 128.925161 0.791016 0.581664 0.000000 2.800290 0.425781
  779 1.261062 111.667050 0.818359 0.473099 0.000000 3.014726 0.412109
  780 1.014743 113.500384 0.804688 0.938460 0.000000 2.999506 0.365234
  781 1.339068 119.998224 0.853516 0.402523 0.000000 2.820204 0.372070
  782 1.355669 113.796983 0.974609 0.590353 0.000000 2.851283 0.406250
  783 1.256706 130.187995 0.833984 0.413898 0.000000 3.198384 0.367188
  784 1.242730 125.957630 0.982422 0.553481 0.000000 2.650812 0.403320
  785 1.261062 122.769614 0.943359 0.638390 0.000000 2.549119 0.425781
  786 1.178361 128.215336 1.050781 0.494410 0.000000 2.487764 0.416992
  787 1.343710 136.390628 0.941406 0.734597 0.000000 2.775869 0.413086
  788 1.204159 116.629857 0.888672 0.524832 0.000000 3.027306 0.389648
  789 1.456022 130.819702 0.873047 0.551941 0.000000 2.849347 0.419922
  790 1.252775 117.312772 0.779297 0.609416 0.000000 3.141061 0.380859
  791 1.236159 115.091828 0.876953 0.528351 0.000000 2.742491 0.403320
  792 1.343710 118.249938 0.914062 0.722939 0.000000 2.881232 0.386719
  793 1.426437 111.772206 0.941406 0.389354 0.000000 2.894605 0.411133
  794 1.815772 121.812772 0.980469 0.494870 0.000000 3.464355 0.357422
  795 1.509231 130.012772 0.998047 0.490865 0.000000 2.599893 0.416016
  796 1.528321 125.230232 0.962891 0.581061 0.000000 2.753859 0.373047
  797 1.493576 135.212772 0.857422 0.553111 0.000000 2.872404 0.402344
  798 1.672772 120.718332 0.990234 0.693129 0.000000 2.651092 0.442383
  799 1.816306 127.725161 0.980469 0.547433 0.000000 2.942196 0.417969
  800 1.473815 118.779439 0.896484 0.477537 0.000000 2.779467 0.397461
  801 1.664305 128.943279 0.783203 0.612289 0.000000 2.980229 0.357422
  802 1.636734 131.572151 0.865234 0.693322 0.000000 2.914927 0.416992
  803 1.760942 119.122335 0.982422 0.391648 0.000000 3.201456 0.378906
  804 1.369932 122.999492 0.925781 0.398278 0.000000 2.950349 0.378906
  805 1.380257 114.337549 0.798828 0.748046 0.000000 3.183354 0.372070
  806 1.548126 129.874715 0.828125 0.673632 0.000000 3.130785 0.411133
  807 1.702939 133.855066 0.894531 0.632543 0.000000 3.196315 0.406250
  808 1.811077 112.312772 0.720703 0.474044 0.000000 3.776589 0.334961
  809 1.717701 133.187066 0.796875 0.786964 0.000000 3.581667 0.344727
  810 1.343710 140.270611 0.865234 0.632171 0.000000 3.179223 0.398438
  811 1.456022 137.411881 0.814453 0.688191 0.000000 2.602911 0.430664
  812 1.308906 127.925161 0.929688 0.616193 0.000000 2.610353 0.432617
  813 1.355669 127.267482 0.949219 0.583229 0.000000 2.646958 0.416992
  814 1.339068 117.358602 0.902344 0.574476 0.000000 2.800243 0.425781
  815 1.233171 119.990181 0.960938 0.462323 0.000000 2.617120 0.412109
  816 1.256706 129.966431 0.992188 0.509708 0.000000 2.920259 0.390625
  817 1.343710 99.451835 1.023438 0.598012 0.000000 2.471818 0.402344
  818 1.355669 118.704621 0.902344 0.588328 0.000000 2.932451 0.377930
  819 1.475127 123.440375 0.792969 0.799718 0.000000 3.005530 0.407227
  820 1.504018 126.918231 0.798828 0.530230 0.000000 3.658800 0.356445
  821 1.426437 117.718037 0.861328 0.447957 0.000000 3.494117 0.374023
  822 1.266073 116.509048 0.785156 0.396515 0.000000 3.183864 0.355469
  823 1.386750 123.412772 0.875000 0.513043 0.000000 2.826454 0.402344
  824 1.355669 118.546510 0.876953 0.673539 0.000000 3.062001 0.364258
  825 1.384931 121.331557 0.826172 0.563395 0.000000 2.636444 0.434570
  826 1.355669 115.186417 0.892578 0.711408 0.000000 2.979208 0.377930
  827 1.343710 121.149938 0.843750 0.620428 0.000000 3.047439 0.382812
  828 1.433587 119.674392 1.019531 0.591435 0.000000 2.381584 0.409180
  829 1.547416 132.730316 1.001953 0.501144 0.000000 2.630061 0.434570
  830 1.393136 127.367023 0.880859 0.717561 0.000000 2.970971 0.396484
  831 1.253896 121.849291 0.958984 0.565969 0.000000 2.709361 0.404297
  832 1.380257 127.053825 0.990234 0.437763 0.000000 2.751202 0.409180
  833 1.201850 111.140627 0.902344 0.558780 0.000000 2.681484 0.410156
  834 1.153846 117.884163 0.933594 0.686024 0.000000 2.821114 0.383789
  835 1.163014 119.896556 1.074219 0.474789 0.000000 2.318155 0.444336
  836 1.257410 133.687104 0.996094 0.566484 0.000000 2.370881 0.455078
  837 1.163586 122.061490 0.902344 0.553999 0.000000 2.709465 0.421875
  838 1.156407 121.638764 0.894531 0.506497 0.000000 2.663588 0.424805
  839 1.257410 125.500384 0.917969 0.575608 0.000000 2.961999 0.373047
  840 1.000000 141.758494 0.792969 0.459281 0.000000 2.965202 0.412109
  841 1.644409 123.803784 0.882812 0.507849 0.000000 2.681732 0.423828
  842 1.135292 121.298683 0.857422 0.479231 0.000000 2.794736 0.416016
  843 1.473815 120.087995 0.740234 0.639491 0.000000 3.064763 0.381836
  844 1.252775 119.349938 0.955078 0.578858 0.000000 2.834605 0.403320
  845 1.475127 121.200384 0.884766 0.576799 0.000000 3.063675 0.382812
  846 1.163014 127.812772 0.914062 0.871067 0.000000 2.651847 0.407227
  847 1.473815 105.351153 0.851562 0.512127 0.000000 3.143298 0.378906
  848 1.126185 112.066593 0.847656 0.706125 0.000000 2.879965 0.422852
  849 1.335935 123.494797 0.726562 0.561563 0.000000 2.908204 0.442383
  850 1.278275 111.243627 1.068359 0.615535 0.000000 2.850822 0.360352
  851 1.106993 112.007509 0.810547 0.389484 0.000000 2.875401 0.389648
  852 1.509231 133.990898 0.863281 0.582494 0.000000 2.708944 0.419922
  853 1.811077 115.635497 0.867188 0.679210 0.000000 3.025180 0.376953
  854 1.257410 127.982732 0.746094 0.741214 0.000000 3.606448 0.371094
  855 1.355669 123.267482 0.935547 0.660007 0.000000 2.970331 0.367188
  856 1.355669 113.564796 0.970703 0.525681 0.000000 2.778471 0.399414
  857 1.236159 130.193258 1.066406 0.570801 0.000000 2.382756 0.428711
  858 1.100505 111.245890 0.882812 0.509776 0.000000 2.236199 0.453125
  859 1.278275 122.757449 0.869141 0.552957 0.000000 2.899265 0.416016
  860 1.386750 116.937549 0.843750 0.617873 0.000000 2.993427 0.398438
  861 1.605609 122.649938 0.806641 0.569738 0.000000 3.361880 0.360352
  862 1.475127 120.262327 0.853516 0.790787 0.000000 3.209637 0.344727
  863 1.414214 124.327600 0.701172 0.873942 0.000000 3.255428 0.370117
  864 1.351882 142.819702 0.812500 0.463329 0.000000 2.854075 0.407227
  865 1.369932 123.219896 0.992188 0.491368 0.000000 2.730648 0.395508
  866 1.515438 124.224270 0.814453 0.514017 0.000000 3.134424 0.392578
  867 2.012308 118.183233 0.683594 0.479136 0.000000 3.952222 0.346680
  868 1.554151 123.864379 0.763672 0.563727 0.000000 3.638872 0.361328
  869 1.562889 118.669063 0.781250 0.415972 0.000000 3.561598 0.362305
  870 1.802776 118.531858 0.732422 0.624424 0.000000 3.612830 0.384766
  871 1.309953 134.394769 0.869141 0.670246 0.000000 3.588556 0.364258
  872 1.355669 118.637549 0.914062 0.621416 0.000000 2.973957 0.398438
  873 1.368211 121.245674 0.841797 0.550361 0.000000 3.049785 0.383789
  874 1.167989 121.372529 0.958984 0.533393 0.000000 2.479824 0.451172
  875 1.468051 134.049506 0.939453 0.555333 0.000000 2.550415 0.424805
  876 1.073807 116.820051 0.830078 0.593580 0.000000 2.562500 0.415039
  877 1.544021 127.464124 1.029297 0.485557 0.000000 2.565867 0.399414
  878 1.308906 130.732091 1.041016 0.417898 0.000000 2.327356 0.422852
  879 1.250503 124.166591 0.892578 0.779972 0.000000 2.475839 0.415039
  880 1.278275 114.371107 0.988281 0.429134 0.000000 2.578222 0.416992
  881 1.456022 118.060195 0.912109 0.518560 0.000000 2.503976 0.421875
  882 1.184951 117.810586 0.933594 0.517848 0.000000 2.577678 0.432617
  883 1.242730 113.056740 0.865234 0.466970 0.000000 2.689107 0.428711
  884 1.218227 117.400384 0.970703 0.542339 0.000000 2.807348 0.388672
  885 1.468051 123.702516 0.902344 0.572525 0.000000 2.610494 0.444336
  886 1.062795 127.575606 0.878906 0.557001 0.000000 2.396581 0.442383
  887 1.160629 112.947752 1.001953 0.554368 0.000000 2.504045 0.404297
  888 1.617215 113.439412 0.896484 0.546055 0.000000 2.904263 0.392578
  889 1.163586 117.649938 0.933594 0.584814 0.000000 2.976072 0.378906
  890 1.250000 112.837549 0.875000 0.529447 0.000000 2.854045 0.387695
  891 1.277204 141.040569 0.912109 0.582834 0.000000 3.168505 0.362305
  892 1.900000 103.322975 0.851562 0.551469 0.000000 3.435851 0.369141
  893 1.515438 124.437549 0.906250 0.455366 0.000000 3.360173 0.358398
  894 1.255055 109.614350 0.884766 0.449497 0.000000 3.058929 0.377930
  895 1.711724 125.523893 0.828125 0.540665 0.000000 2.972036 0.409180
  896 2.114033 125.619431 0.878906 0.647924 0.000000 3.338904 0.350586
  897 1.801234 126.286098 0.835938 0.443905 0.000000 3.478070 0.351562
  898 1.215610 118.250157 0.824219 0.730650 0.000000 2.976614 0.401367
  899 1.386750 118.474715 0.769531 0.593089 0.000000 2.623176 0.432617
  900 1.548126 114.913096 0.861328 0.611478 0.000000 3.132015 0.376953
  901 1.548126 106.036011 0.822266 0.519761 0.000000 3.178441 0.387695
  902 1.473815 124.912811 0.853516 0.621410 0.000000 3.088904 0.395508
  903 1.380257 122.429459 0.798828 0.765056 0.000000 3.172322 0.370117
  904 1.338111 129.637549 0.837891 0.506863 0.000000 3.168056 0.361328
  905 1.295408 120.112772 0.826172 0.566155 0.000000 2.686098 0.412109
  906 1.218227 122.778143 0.878906 0.592120 0.000000 2.697358 0.399414
  907 1.104986 129.400771 0.853516 0.510274 0.000000 2.904227 0.414062
  908 1.307692 127.674715 0.761719 0.522105 0.000000 3.311469 0.337891
  909 1.355669 115.586457 0.855469 0.460355 0.000000 2.811604 0.407227
  910 1.744449 139.535267 0.888672 0.508697 0.000000 2.995214 0.405273
  911 1.605609 125.263218 0.843750 0.454620 0.000000 3.148063 0.387695
  912 1.257410 116.614311 0.894531 0.647545 0.000000 2.670077 0.416016
  913 1.643753 121.327793 0.933594 0.603622 0.000000 2.961506 0.392578
  914 1.457384 117.574715 0.732422 0.730824 0.000000 3.634125 0.346680
  915 1.248447 120.893181 0.794922 0.502060 0.000000 3.081439 0.361328
  916 1.414214 122.461922 0.982422 0.413694 0.000000 2.693985 0.404297
  917 1.060342 113.898845 0.962891 0.559243 0.000000 2.726454 0.402344
  918 1.016930 136.246144 0.933594 0.862249 0.000000 2.781082 0.396484
  919 1.335935 122.237549 0.919922 0.795480 0.000000 2.860062 0.385742
  920 1.514456 132.362327 0.884766 0.529155 0.000000 2.494017 0.437500
  921 1.334474 108.108492 0.912109 0.712954 0.000000 2.557538 0.420898
  922 1.355669 112.516821 1.042969 0.429108 0.000000 2.422012 0.423828
  923 1.093561 123.372529 0.806641 0.553073 0.000000 3.223992 0.386719
  924 1.380670 129.649938 0.853516 0.714191 0.000000 2.759847 0.400391
  925 1.709195 123.063218 1.001953 0.565687 0.000000 2.363947 0.397461
  926 1.411081 135.801275 0.929688 0.430718 0.000000 2.616580 0.413086
  927 1.375704 112.708940 0.947266 0.516102 0.000000 2.890002 0.376953
  928 1.338111 117.639250 0.925781 0.515566 0.000000 2.878254 0.389648
  929 1.162476 129.910181 0.869141 0.479361 0.000000 2.661915 0.410156
  930 1.160629 128.190559 0.931641 0.481236 0.000000 2.428849 0.453125
  931 1.547416 123.025161 0.996094 0.602216 0.000000 2.463031 0.436523
  932 1.640122 118.725161 1.150391 0.600262 0.000000 2.529854 0.382812
  933 1.435552 127.949938 0.941406 0.502762 0.000000 2.992567 0.382812
  934 1.375704 105.586457 0.855469 0.566987 0.000000 2.668098 0.411133
  935 1.308906 111.579331 0.878906 0.470983 0.000000 2.719272 0.403320
  936 1.475127 104.816819 0.919922 0.455972 0.000000 2.957140 0.428711
  937 1.295408 127.349938 0.929688 0.505334 0.000000 2.836371 0.377930
  938 1.301319 126.766624 0.916016 0.401211 0.000000 2.379255 0.455078
  939 1.218227 119.502629 0.880859 0.498250 0.000000 2.641804 0.393555
  940 1.427153 122.168319 0.771484 0.569837 0.000000 2.833117 0.400391
  941 1.146563 124.087995 0.832031 0.512787 0.000000 2.604697 0.437500
  942 1.277204 119.882867 0.951172 0.675770 0.000000 2.564063 0.429688
  943 1.143544 119.290964 0.802734 0.686274 0.000000 3.047050 0.383789
  944 1.073807 124.411234 0.958984 0.581383 0.000000 2.475930 0.405273
  945 1.303840 113.691720 1.003906 0.671148 0.000000 2.448018 0.410156
  946 1.163586 115.779655 0.876953 0.606384 0.000000 2.910859 0.380859
  947 1.343640 114.989263 0.863281 0.577492 0.000000 2.987089 0.385742
  948 1.566151 117.372529 0.880859 0.707136 0.000000 2.883250 0.376953
  949 1.156407 107.000384 1.001953 0.678882 0.000000 2.625389 0.400391
  950 1.308906 134.814437 0.902344 0.565931 0.000000 2.690012 0.426758
  951 1.302306 116.737549 0.865234 0.451410 0.000000 3.010257 0.384766
  952 1.204037 127.568018 0.779297 0.528790 0.000000 3.231012 0.397461
  953 1.433587 119.862327 0.816406 0.514288 0.000000 3.450210 0.358398
  954 1.223254 130.098720 0.878906 0.729129 0.000000 3.216940 0.362305
  955 1.470217 123.707701 0.953125 0.583536 0.000000 2.565822 0.429688
  956 1.338771 131.582894 0.906250 0.391887 0.000000 2.701165 0.434570
  957 1.234662 127.162327 0.845703 0.488096 0.000000 2.704770 0.406250
  958 1.231398 112.863218 0.939453 0.537909 0.000000 2.498980 0.435547
  959 1.171303 121.887995 0.962891 0.350346 0.000000 2.637027 0.421875
  960 1.151086 118.460788 0.869141 0.749725 0.000000 2.641683 0.410156
  961 1.132410 120.614311 0.966797 0.626965 0.000000 2.631829 0.421875
  962 1.170721 128.737549 0.896484 0.512875 0.000000 2.521518 0.419922
  963 1.237656 116.869529 0.925781 0.427032 0.000000 2.634302 0.421875
  964 1.230769 116.375606 1.019531 0.428538 0.000000 2.327204 0.426758
  965 1.355213 137.327987 0.923828 0.755657 0.000000 3.012078 0.378906
  966 1.240347 132.336902 0.927734 0.524709 0.000000 2.786182 0.413086
  967 1.361560 116.787995 0.960938 0.547132 0.000000 2.810090 0.435547
  968 1.473815 123.604216 0.916016 0.555277 0.000000 2.876406 0.361328
  969 1.160629 127.961940 0.896484 0.600568 0.000000 2.739659 0.400391
  970 1.146563 122.631963 0.951172 0.557940 0.000000 2.568658 0.409180
  971 1.295408 125.347806 0.972656 0.662728 0.000000 2.468618 0.403320
  972 1.386750 115.882885 0.886719 0.659271 0.000000 2.636903 0.421875
  973 1.137737 117.123622 0.978516 0.521702 0.000000 2.547469 0.428711
  974 1.432164 138.200384 0.960938 0.656338 0.000000 2.537661 0.435547
  975 1.335935 124.702570 0.878906 0.572194 0.000000 2.330427 0.466797
  976 1.457384 121.263542 0.941406 0.480339 0.000000 2.226800 0.476562
  977 1.295319 127.474715 0.781250 0.572550 0.000000 2.586165 0.439453
  978 1.388524 126.737549 0.812500 0.714663 0.000000 2.794813 0.422852
  979 1.343710 124.212772 0.878906 0.582266 0.000000 2.929267 0.414062
  980 1.256706 115.399520 0.771484 0.416793 0.000000 3.197996 0.383789
  981 1.355669 121.553366 0.861328 0.514901 0.000000 3.010517 0.394531
  982 1.355669 126.935822 0.904297 0.550710 0.000000 2.934367 0.391602
  983 1.666667 122.136776 0.781250 0.585178 0.000000 3.448908 0.378906
  984 1.160629 119.463865 0.832031 0.437636 0.000000 2.721015 0.433594
  985 1.070489 124.820897 1.007812 0.434593 0.000000 2.699031 0.389648
  986 1.470217 135.137549 0.914062 0.571621 0.000000 2.442201 0.434570
  987 1.435552 134.498525 1.025391 0.578289 0.000000 2.571157 0.437500
  988 1.242730 111.805080 0.837891 0.610610 0.000000 2.913118 0.384766
  989 1.343640 139.318502 0.822266 0.635353 0.000000 2.805252 0.414062
  990 1.295408 111.060141 0.986328 0.740888 0.000000 2.615599 0.408203
  991 1.170721 132.000384 0.826172 0.537503 0.000000 2.675860 0.446289
  992 1.151086 130.037549 0.763672 0.459375 0.000000 3.200993 0.383789
  993 1.335935 119.267482 0.898438 0.611172 0.000000 2.786069 0.416016
  994 1.237656 129.401248 1.019531 0.598976 0.000000 2.654337 0.381836
  995 1.426437 118.126739 0.949219 0.545119 0.000000 2.716358 0.428711
  996 1.135292 112.323299 0.853516 0.802915 0.000000 2.778253 0.410156
  997 1.302306 119.282435 0.832031 0.461566 0.000000 2.736630 0.428711
  998 1.220149 138.570855 0.867188 0.474431 0.000000 2.462633 0.416992
  999 1.234662 130.710875 0.994141 0.533218 0.000000 2.406981 0.430664
 1000 1.062795 123.688319 0.849609 0.692808 0.000000 2.837971 0.417969
