    0 -757.360    0.000  317.000    0.000   56.000    0.000    1.000    0.000 
    1 -837.705    0.281  341.000    0.000   63.000    0.000    1.103    0.000 
    2 -848.177    0.152  346.000    0.000   62.000    0.000    1.154    0.000 
    3 -850.774    0.152  347.000    0.000   61.000    0.000    1.162    0.000 
    4 -863.911    0.148  343.000    0.000   61.000    0.000    1.237    0.000 
    5 -859.808    0.176  346.000    0.000   61.000    0.000    1.279    0.000 
    6 -858.374    0.160  347.000    0.000   61.000    0.000    1.224    0.000 
    7 -856.883    0.176  348.000    0.000   64.000    0.000    1.103    0.000 
    8 -854.689    0.184  345.000    0.000   66.000    0.000    1.281    0.000 
    9 -876.701    0.203  345.000    0.000   63.000    0.000    1.257    0.000 
   10 -876.116    0.160  342.000    0.000   63.000    0.000    1.354    0.000 
   11 -879.387    0.125  344.000    0.000   68.000    0.000    1.439    0.000 
   12 -872.120    0.148  350.000    0.000   70.000    0.000    1.281    0.000 
   13 -875.245    0.180  342.000    0.000   64.000    0.000    1.383    0.000 
   14 -873.857    0.121  343.000    0.000   66.000    0.000    1.329    0.000 
   15 -875.412    0.211  345.000    0.000   66.000    0.000    1.535    0.000 
   16 -878.208    0.141  343.000    0.000   65.000    0.000    1.383    0.000 
   17 -867.912    0.121  348.000    0.000   65.000    0.000    1.459    0.000 
   18 -873.395    0.203  342.000    0.000   61.000    0.000    1.361    0.000 
   19 -885.695    0.188  342.000    0.000   61.000    0.000    1.404    0.000 
   20 -881.620    0.152  345.000    0.000   63.000    0.000    1.340    0.000 
   21 -882.054    0.176  342.000    0.000   64.000    0.000    1.489    0.000 
   22 -876.873    0.148  338.000    0.000   66.000    0.000    1.555    0.000 
   23 -888.629    0.172  338.000    0.000   64.000    0.000    1.600    0.000 
   24 -886.663    0.156  338.000    0.000   62.000    0.000    1.502    0.000 
   25 -874.485    0.145  339.000    0.000   66.000    0.000    1.640    0.000 
   26 -873.504    0.152  340.000    0.000   65.000    0.000    1.524    0.000 
   27 -874.104    0.195  342.000    0.000   65.000    0.000    1.638    0.000 
   28 -884.050    0.215  339.000    0.000   63.000    0.000    1.502    0.000 
   29 -881.861    0.172  339.000    0.000   64.000    0.000    1.640    0.000 
   30 -882.032    0.191  340.000    0.000   63.000    0.000    1.581    0.000 
   31 -885.073    0.156  338.000    0.000   62.000    0.000    1.509    0.000 
   32 -880.980    0.145  343.000    0.000   66.000    0.000    1.524    0.000 
   33 -874.508    0.199  346.000    0.000   66.000    0.000    1.638    0.000 
   34 -884.506    0.215  343.000    0.000   64.000    0.000    1.600    0.000 
   35 -886.525    0.156  343.000    0.000   62.000    0.000    1.536    0.000 
   36 -884.713    0.160  342.000    0.000   63.000    0.000    1.562    0.000 
   37 -887.193    0.129  349.000    0.000   63.000    0.000    1.612    0.000 
   38 -888.861    0.133  343.000    0.000   61.000    0.000    1.536    0.000 
   39 -889.081    0.148  339.000    0.000   62.000    0.000    1.526    0.000 
   40 -885.095    0.129  342.000    0.000   61.000    0.000    1.581    0.000 
   41 -887.261    0.152  343.000    0.000   61.000    0.000    1.514    0.000 
   42 -885.995    0.148  341.000    0.000   63.000    0.000    1.467    0.000 
   43 -876.065    0.121  340.000    0.000   63.000    0.000    1.516    0.000 
   44 -886.588    0.113  343.000    0.000   63.000    0.000    1.612    0.000 
   45 -875.554    0.191  346.000    0.000   62.000    0.000    1.590    0.000 
   46 -872.261    0.137  343.000    0.000   61.000    0.000    1.488    0.000 
   47 -881.527    0.152  344.000    0.000   60.000    0.000    1.514    0.000 
   48 -883.841    0.164  346.000    0.000   63.000    0.000    1.581    0.000 
   49 -883.626    0.188  342.000    0.000   64.000    0.000    1.573    0.000 
   50 -869.893    0.176  347.000    0.000   67.000    0.000    1.573    0.000 
   51 -876.448    0.184  334.000    0.000   62.000    0.000    1.562    0.000 
   52 -888.760    0.168  341.000    0.000   65.000    0.000    1.562    0.000 
   53 -872.035    0.199  340.000    0.000   65.000    0.000    1.600    0.000 
   54 -880.922    0.141  342.000    0.000   63.000    0.000    1.632    0.000 
   55 -884.425    0.180  342.000    0.000   62.000    0.000    1.432    0.000 
   56 -878.533    0.156  338.000    0.000   64.000    0.000    1.429    0.000 
   57 -890.393    0.105  339.000    0.000   62.000    0.000    1.514    0.000 
   58 -886.814    0.172  339.000    0.000   64.000    0.000    1.502    0.000 
   59 -884.109    0.148  345.000    0.000   64.000    0.000    1.554    0.000 
   60 -885.783    0.160  344.000    0.000   63.000    0.000    1.640    0.000 
   61 -886.098    0.191  345.000    0.000   62.000    0.000    1.554    0.000 
   62 -888.827    0.145  344.000    0.000   61.000    0.000    1.502    0.000 
   63 -873.441    0.113  353.000    0.000   63.000    0.000    1.562    0.000 
   64 -885.261    0.168  342.000    0.000   62.000    0.000    1.640    0.000 
   65 -890.758    0.172  340.000    0.000   63.000    0.000    1.612    0.000 
   66 -886.917    0.121  339.000    0.000   62.000    0.000    1.429    0.000 
   67 -888.436    0.133  341.000    0.000   60.000    0.000    1.429    0.000 
   68 -881.431    0.137  338.000    0.000   61.000    0.000    1.497    0.000 
   69 -876.909    0.160  339.000    0.000   64.000    0.000    1.600    0.000 
   70 -881.398    0.133  341.000    0.000   63.000    0.000    1.620    0.000 
   71 -883.268    0.148  343.000    0.000   64.000    0.000    1.562    0.000 
   72 -879.739    0.148  343.000    0.000   65.000    0.000    1.433    0.000 
   73 -888.097    0.168  342.000    0.000   62.000    0.000    1.387    0.000 
   74 -886.549    0.156  338.000    0.000   63.000    0.000    1.433    0.000 
   75 -880.808    0.215  339.000    0.000   63.000    0.000    1.562    0.000 
   76 -879.058    0.156  337.000    0.000   64.000    0.000    1.489    0.000 
   77 -883.640    0.164  343.000    0.000   62.000    0.000    1.504    0.000 
   78 -889.661    0.160  340.000    0.000   64.000    0.000    1.489    0.000 
   79 -890.395    0.125  344.000    0.000   62.000    0.000    1.489    0.000 
   80 -890.618    0.145  343.000    0.000   59.000    0.000    1.433    0.000 
   81 -875.261    0.141  347.000    0.000   60.000    0.000    1.433    0.000 
   82 -888.121    0.113  344.000    0.000   60.000    0.000    1.433    0.000 
   83 -884.344    0.145  339.000    0.000   62.000    0.000    1.506    0.000 
   84 -885.819    0.176  338.000    0.000   64.000    0.000    1.660    0.000 
   85 -875.626    0.125  342.000    0.000   64.000    0.000    1.562    0.000 
   86 -882.607    0.160  347.000    0.000   63.000    0.000    1.504    0.000 
   87 -868.648    0.188  347.000    0.000   62.000    0.000    1.504    0.000 
   88 -891.409    0.137  344.000    0.000   60.000    0.000    1.459    0.000 
   89 -892.047    0.121  341.000    0.000   60.000    0.000    1.497    0.000 
   90 -886.945    0.160  342.000    0.000   61.000    0.000    1.504    0.000 
   91 -880.957    0.148  342.000    0.000   60.000    0.000    1.429    0.000 
   92 -886.979    0.145  341.000    0.000   63.000    0.000    1.562    0.000 
   93 -886.308    0.184  346.000    0.000   63.000    0.000    1.502    0.000 
   94 -881.377    0.133  344.000    0.000   61.000    0.000    1.502    0.000 
   95 -884.797    0.160  339.000    0.000   61.000    0.000    1.502    0.000 
   96 -876.454    0.105  342.000    0.000   63.000    0.000    1.640    0.000 
   97 -883.280    0.145  343.000    0.000   62.000    0.000    1.504    0.000 
   98 -888.673    0.117  343.000    0.000   62.000    0.000    1.453    0.000 
   99 -879.704    0.105  342.000    0.000   62.000    0.000    1.504    0.000 
  100 -884.595    0.141  342.000    0.000   61.000    0.000    1.468    0.000 
  101 -874.458    0.148  342.000    0.000   62.000    0.000    1.439    0.000 
  102 -872.030    0.207  343.000    0.000   64.000    0.000    1.294    0.000 
  103 -886.698    0.129  342.000    0.000   65.000    0.000    1.387    0.000 
  104 -886.131    0.105  339.000    0.000   65.000    0.000    1.535    0.000 
  105 -884.693    0.125  347.000    0.000   64.000    0.000    1.600    0.000 
  106 -893.553    0.125  341.000    0.000   62.000    0.000    1.433    0.000 
  107 -882.067    0.168  344.000    0.000   62.000    0.000    1.475    0.000 
  108 -879.816    0.164  340.000    0.000   65.000    0.000    1.586    0.000 
  109 -877.880    0.188  346.000    0.000   64.000    0.000    1.647    0.000 
  110 -873.515    0.152  337.000    0.000   61.000    0.000    1.581    0.000 
  111 -877.411    0.148  343.000    0.000   61.000    0.000    1.554    0.000 
  112 -878.407    0.145  346.000    0.000   62.000    0.000    1.524    0.000 
  113 -887.745    0.164  342.000    0.000   61.000    0.000    1.502    0.000 
  114 -886.459    0.176  345.000    0.000   63.000    0.000    1.489    0.000 
  115 -883.290    0.156  349.000    0.000   63.000    0.000    1.344    0.000 
  116 -873.692    0.184  344.000    0.000   66.000    0.000    1.444    0.000 
  117 -880.297    0.152  339.000    0.000   61.000    0.000    1.294    0.000 
  118 -883.074    0.180  347.000    0.000   64.000    0.000    1.421    0.000 
  119 -878.693    0.152  348.000    0.000   64.000    0.000    1.377    0.000 
  120 -883.507    0.184  343.000    0.000   63.000    0.000    1.325    0.000 
  121 -884.547    0.121  346.000    0.000   64.000    0.000    1.439    0.000 
  122 -885.879    0.188  340.000    0.000   65.000    0.000    1.489    0.000 
  123 -881.583    0.148  342.000    0.000   66.000    0.000    1.638    0.000 
  124 -878.297    0.160  341.000    0.000   67.000    0.000    1.573    0.000 
  125 -884.241    0.164  341.000    0.000   62.000    0.000    1.444    0.000 
  126 -884.029    0.145  342.000    0.000   66.000    0.000    1.600    0.000 
  127 -879.365    0.188  334.000    0.000   64.000    0.000    1.428    0.000 
  128 -877.823    0.191  341.000    0.000   65.000    0.000    1.547    0.000 
  129 -878.088    0.121  340.000    0.000   62.000    0.000    1.562    0.000 
  130 -878.312    0.105  343.000    0.000   62.000    0.000    1.489    0.000 
  131 -883.619    0.145  344.000    0.000   64.000    0.000    1.489    0.000 
  132 -884.120    0.168  345.000    0.000   63.000    0.000    1.404    0.000 
  133 -880.026    0.160  348.000    0.000   64.000    0.000    1.562    0.000 
  134 -884.228    0.180  346.000    0.000   63.000    0.000    1.514    0.000 
  135 -885.962    0.145  347.000    0.000   63.000    0.000    1.429    0.000 
  136 -881.835    0.145  342.000    0.000   62.000    0.000    1.524    0.000 
  137 -883.963    0.203  340.000    0.000   61.000    0.000    1.467    0.000 
  138 -879.483    0.156  342.000    0.000   64.000    0.000    1.640    0.000 
  139 -879.601    0.176  343.000    0.000   64.000    0.000    1.600    0.000 
  140 -886.515    0.195  337.000    0.000   61.000    0.000    1.640    0.000 
  141 -882.245    0.176  342.000    0.000   61.000    0.000    1.680    0.000 
  142 -892.377    0.156  344.000    0.000   61.000    0.000    1.506    0.000 
  143 -886.829    0.199  341.000    0.000   61.000    0.000    1.524    0.000 
  144 -877.725    0.180  339.000    0.000   65.000    0.000    1.562    0.000 
