    0 -942.360    0.000  317.000    0.000   56.000    0.000    1.000    0.000 
    1 -1018.456    0.238  346.000    0.000   62.000    0.000    1.069    0.000 
    2 -1040.588    0.203  354.000    0.000   64.000    0.000    1.137    0.000 
    3 -1060.353    0.289  350.000    0.000   63.000    0.000    1.103    0.000 
    4 -1071.585    0.219  346.000    0.000   66.000    0.000    1.163    0.000 
    5 -1084.661    0.152  341.000    0.000   67.000    0.000    1.062    0.000 
    6 -1085.665    0.117  347.000    0.000   67.000    0.000    1.141    0.000 
    7 -1076.207    0.145  350.000    0.000   70.000    0.000    1.126    0.000 
    8 -1065.595    0.180  352.000    0.000   69.000    0.000    1.064    0.000 
    9 -1090.292    0.207  349.000    0.000   69.000    0.000    1.096    0.000 
   10 -1084.169    0.145  348.000    0.000   71.000    0.000    1.123    0.000 
   11 -1078.306    0.148  356.000    0.000   75.000    0.000    1.151    0.000 
   12 -1092.138    0.223  351.000    0.000   73.000    0.000    1.153    0.000 
   13 -1087.308    0.168  346.000    0.000   70.000    0.000    1.093    0.000 
   14 -1081.197    0.172  348.000    0.000   71.000    0.000    1.124    0.000 
   15 -1099.801    0.109  346.000    0.000   72.000    0.000    1.153    0.000 
   16 -1100.748    0.102  344.000    0.000   71.000    0.000    1.153    0.000 
   17 -1098.035    0.129  349.000    0.000   71.000    0.000    1.127    0.000 
   18 -1099.602    0.156  355.000    0.000   71.000    0.000    1.058    0.000 
   19 -1092.112    0.133  353.000    0.000   73.000    0.000    1.281    0.000 
   20 -1097.492    0.176  362.000    0.000   71.000    0.000    1.058    0.000 
   21 -1096.583    0.199  361.000    0.000   71.000    0.000    1.064    0.000 
   22 -1099.424    0.215  356.000    0.000   70.000    0.000    1.067    0.000 
   23 -1100.415    0.180  350.000    0.000   71.000    0.000    1.163    0.000 
   24 -1095.518    0.129  351.000    0.000   72.000    0.000    1.158    0.000 
   25 -1102.537    0.184  354.000    0.000   72.000    0.000    1.090    0.000 
   26 -1105.025    0.152  357.000    0.000   73.000    0.000    1.519    0.000 
   27 -1099.359    0.227  353.000    0.000   72.000    0.000    1.153    0.000 
   28 -1094.201    0.238  358.000    0.000   74.000    0.000    1.158    0.000 
   29 -1106.384    0.168  353.000    0.000   71.000    0.000    1.058    0.000 
   30 -1107.350    0.168  354.000    0.000   71.000    0.000    1.093    0.000 
   31 -1109.138    0.168  351.000    0.000   70.000    0.000    1.132    0.000 
   32 -1102.897    0.176  354.000    0.000   70.000    0.000    1.060    0.000 
   33 -1102.598    0.164  356.000    0.000   70.000    0.000    1.400    0.000 
   34 -1108.696    0.125  356.000    0.000   71.000    0.000    1.551    0.000 
   35 -1109.023    0.160  359.000    0.000   71.000    0.000    1.031    0.000 
   36 -1097.747    0.176  352.000    0.000   71.000    0.000    1.300    0.000 
   37 -1097.735    0.195  358.000    0.000   68.000    0.000    1.412    0.000 
   38 -1103.014    0.207  355.000    0.000   69.000    0.000    1.453    0.000 
   39 -1098.679    0.164  349.000    0.000   68.000    0.000    1.453    0.000 
   40 -1109.198    0.160  352.000    0.000   69.000    0.000    1.400    0.000 
   41 -1111.505    0.133  354.000    0.000   70.000    0.000    1.404    0.000 
   42 -1110.396    0.137  353.000    0.000   70.000    0.000    1.404    0.000 
   43 -1108.316    0.176  352.000    0.000   69.000    0.000    1.443    0.000 
   44 -1111.213    0.133  350.000    0.000   69.000    0.000    1.400    0.000 
   45 -1106.925    0.113  347.000    0.000   68.000    0.000    1.453    0.000 
   46 -1109.321    0.164  357.000    0.000   70.000    0.000    1.443    0.000 
   47 -1099.993    0.219  355.000    0.000   70.000    0.000    1.290    0.000 
   48 -1108.853    0.176  354.000    0.000   70.000    0.000    1.400    0.000 
   49 -1107.279    0.152  351.000    0.000   72.000    0.000    1.293    0.000 
   50 -1103.307    0.168  354.000    0.000   71.000    0.000    1.288    0.000 
   51 -1105.334    0.168  357.000    0.000   71.000    0.000    1.284    0.000 
   52 -1110.092    0.156  353.000    0.000   68.000    0.000    1.309    0.000 
   53 -1107.839    0.113  352.000    0.000   70.000    0.000    1.327    0.000 
   54 -1105.407    0.164  358.000    0.000   72.000    0.000    1.535    0.000 
   55 -1102.954    0.172  356.000    0.000   71.000    0.000    1.475    0.000 
   56 -1102.345    0.203  352.000    0.000   69.000    0.000    1.551    0.000 
   57 -1108.278    0.176  355.000    0.000   69.000    0.000    1.551    0.000 
   58 -1112.158    0.184  354.000    0.000   70.000    0.000    1.475    0.000 
   59 -1113.905    0.172  350.000    0.000   69.000    0.000    1.453    0.000 
   60 -1117.272    0.141  350.000    0.000   67.000    0.000    1.345    0.000 
   61 -1105.020    0.160  355.000    0.000   68.000    0.000    1.429    0.000 
   62 -1106.480    0.148  349.000    0.000   70.000    0.000    1.474    0.000 
   63 -1110.080    0.180  355.000    0.000   70.000    0.000    1.453    0.000 
   64 -1109.294    0.137  350.000    0.000   70.000    0.000    1.387    0.000 
   65 -1109.635    0.168  349.000    0.000   71.000    0.000    1.092    0.000 
   66 -1111.448    0.207  352.000    0.000   70.000    0.000    1.060    0.000 
   67 -1110.335    0.168  347.000    0.000   70.000    0.000    1.094    0.000 
   68 -1108.287    0.156  355.000    0.000   74.000    0.000    1.059    0.000 
   69 -1104.487    0.242  353.000    0.000   73.000    0.000    1.127    0.000 
   70 -1105.755    0.188  351.000    0.000   74.000    0.000    1.090    0.000 
   71 -1114.987    0.184  352.000    0.000   73.000    0.000    1.151    0.000 
   72 -1116.856    0.164  350.000    0.000   73.000    0.000    1.276    0.000 
   73 -1114.815    0.172  352.000    0.000   74.000    0.000    1.120    0.000 
   74 -1120.062    0.258  356.000    0.000   75.000    0.000    1.158    0.000 
   75 -1140.433    0.211  344.000    0.000   70.000    0.000    1.301    0.000 
   76 -1141.595    0.215  351.000    0.000   71.000    0.000    1.290    0.000 
   77 -1141.846    0.203  351.000    0.000   73.000    0.000    1.281    0.000 
   78 -1148.524    0.195  349.000    0.000   70.000    0.000    1.301    0.000 
   79 -1148.145    0.203  349.000    0.000   69.000    0.000    1.248    0.000 
   80 -1135.932    0.195  351.000    0.000   69.000    0.000    1.516    0.000 
   81 -1142.201    0.160  354.000    0.000   70.000    0.000    1.594    0.000 
   82 -1144.117    0.207  355.000    0.000   69.000    0.000    1.531    0.000 
   83 -1145.305    0.203  357.000    0.000   71.000    0.000    1.479    0.000 
   84 -1150.770    0.223  360.000    0.000   69.000    0.000    1.570    0.000 
   85 -1155.727    0.156  350.000    0.000   68.000    0.000    1.570    0.000 
   86 -1149.048    0.195  354.000    0.000   69.000    0.000    1.154    0.000 
   87 -1151.377    0.129  351.000    0.000   68.000    0.000    1.570    0.000 
   88 -1155.938    0.156  347.000    0.000   67.000    0.000    1.571    0.000 
   89 -1157.888    0.141  353.000    0.000   67.000    0.000    1.531    0.000 
   90 -1149.255    0.152  352.000    0.000   68.000    0.000    1.579    0.000 
   91 -1157.724    0.152  351.000    0.000   71.000    0.000    1.409    0.000 
   92 -1157.526    0.184  348.000    0.000   71.000    0.000    1.570    0.000 
   93 -1157.005    0.184  353.000    0.000   70.000    0.000    1.489    0.000 
   94 -1151.018    0.160  352.000    0.000   71.000    0.000    1.325    0.000 
   95 -1158.715    0.148  350.000    0.000   71.000    0.000    1.641    0.000 
   96 -1143.433    0.188  352.000    0.000   69.000    0.000    1.337    0.000 
   97 -1144.150    0.211  358.000    0.000   73.000    0.000    1.528    0.000 
   98 -1159.094    0.160  351.000    0.000   69.000    0.000    1.409    0.000 
   99 -1150.922    0.145  354.000    0.000   71.000    0.000    1.489    0.000 
  100 -1156.696    0.195  348.000    0.000   68.000    0.000    1.432    0.000 
  101 -1148.381    0.207  351.000    0.000   71.000    0.000    1.325    0.000 
  102 -1143.602    0.219  355.000    0.000   71.000    0.000    1.477    0.000 
  103 -1148.536    0.207  354.000    0.000   71.000    0.000    1.261    0.000 
  104 -1146.912    0.219  352.000    0.000   68.000    0.000    1.489    0.000 
  105 -1149.306    0.148  348.000    0.000   70.000    0.000    1.579    0.000 
  106 -1148.130    0.168  355.000    0.000   71.000    0.000    1.462    0.000 
  107 -1145.737    0.164  353.000    0.000   73.000    0.000    1.257    0.000 
  108 -1155.683    0.164  353.000    0.000   72.000    0.000    1.451    0.000 
  109 -1146.707    0.152  354.000    0.000   71.000    0.000    1.356    0.000 
  110 -1148.610    0.242  348.000    0.000   70.000    0.000    1.409    0.000 
  111 -1156.626    0.148  348.000    0.000   71.000    0.000    1.409    0.000 
  112 -1149.368    0.180  356.000    0.000   71.000    0.000    1.409    0.000 
  113 -1141.856    0.207  351.000    0.000   72.000    0.000    1.449    0.000 
  114 -1151.496    0.195  351.000    0.000   68.000    0.000    1.595    0.000 
  115 -1148.090    0.230  352.000    0.000   71.000    0.000    1.408    0.000 
  116 -1142.296    0.258  356.000    0.000   71.000    0.000    1.516    0.000 
  117 -1149.310    0.199  355.000    0.000   73.000    0.000    1.639    0.000 
  118 -1148.291    0.211  353.000    0.000   69.000    0.000    1.642    0.000 
  119 -1147.250    0.191  346.000    0.000   69.000    0.000    1.417    0.000 
  120 -1140.695    0.215  353.000    0.000   73.000    0.000    1.750    0.000 
  121 -1150.477    0.172  357.000    0.000   71.000    0.000    1.744    0.000 
  122 -1152.013    0.180  353.000    0.000   71.000    0.000    1.581    0.000 
  123 -1145.959    0.215  354.000    0.000   69.000    0.000    1.431    0.000 
  124 -1151.426    0.215  349.000    0.000   68.000    0.000    1.433    0.000 
  125 -1159.705    0.148  351.000    0.000   68.000    0.000    1.397    0.000 
  126 -1150.395    0.125  349.000    0.000   69.000    0.000    1.397    0.000 
  127 -1158.360    0.168  352.000    0.000   69.000    0.000    1.409    0.000 
  128 -1144.567    0.191  349.000    0.000   70.000    0.000    1.883    0.000 
  129 -1149.894    0.188  353.000    0.000   69.000    0.000    1.991    0.000 
  130 -1154.141    0.195  353.000    0.000   71.000    0.000    1.489    0.000 
  131 -1151.987    0.156  347.000    0.000   70.000    0.000    1.581    0.000 
  132 -1145.969    0.176  352.000    0.000   70.000    0.000    1.272    0.000 
  133 -1153.723    0.203  354.000    0.000   70.000    0.000    1.409    0.000 
  134 -1155.515    0.129  355.000    0.000   70.000    0.000    1.398    0.000 
  135 -1154.405    0.199  350.000    0.000   69.000    0.000    1.581    0.000 
  136 -1161.113    0.133  348.000    0.000   68.000    0.000    1.579    0.000 
  137 -1157.996    0.141  350.000    0.000   68.000    0.000    1.397    0.000 
  138 -1154.067    0.160  349.000    0.000   68.000    0.000    1.409    0.000 
  139 -1159.664    0.141  349.000    0.000   68.000    0.000    1.409    0.000 
  140 -1158.697    0.129  348.000    0.000   71.000    0.000    1.321    0.000 
  141 -1157.883    0.156  352.000    0.000   72.000    0.000    1.489    0.000 
  142 -1149.886    0.148  354.000    0.000   73.000    0.000    1.642    0.000 
  143 -1146.433    0.156  352.000    0.000   71.000    0.000    1.477    0.000 
  144 -1146.343    0.188  356.000    0.000   73.000    0.000    1.452    0.000 
