8 8 8 8 8 8 8 8 8 9 27 26 26 26 26 26 26 26 26 26 26 26 27 0 37 37 0 0 0 0 0 0 0 0 0 0 0 0 0 0 0 0 0 0 0 0 0 0 0 0 0 0 0 0 0 0 0 0 0 0 0 0 0 0 0 0 0 0 0 0 0 0 0 0 0 0 0 0 37 37 12 11 11 11 11 11 11 11 11 11 11 11 11 11 12 2 1 1 1 1 1 1 1 1 1 1 1 1 2 31 30 30 30 30 30 30 30 30 30 30 30 30 30 31 33 32 32 32 32 32 32 32 32 32 32 33 15 14 14 14 14 14 14 14 14 14 14 14 14 15 0 0 0 0 0 0 0 9 8 8 
8 8 8 8 8 8 8 8 8 9 27 26 26 26 26 26 26 26 26 26 26 26 26 27 0 37 37 0 0 0 0 0 0 0 0 0 0 0 0 0 0 0 0 0 0 0 0 0 0 0 0 0 0 0 0 0 0 0 0 0 0 0 0 0 0 0 0 0 0 0 0 0 0 0 0 0 0 0 0 37 12 11 11 11 11 11 11 11 11 11 11 11 11 11 12 2 1 1 1 1 1 1 1 1 1 1 1 1 2 31 30 30 30 30 30 30 30 30 30 30 30 30 30 31 33 32 32 32 32 32 32 32 32 32 32 33 15 14 14 14 14 14 14 14 14 14 14 14 14 15 0 0 0 0 0 0 9 8 8 8 
8 8 8 8 8 8 8 8 8 9 27 26 26 26 26 26 26 26 26 26 26 26 26 27 0 0 37 37 0 0 0 0 0 0 0 0 0 0 0 0 0 0 0 0 0 0 0 0 0 0 0 0 0 0 0 0 0 0 0 0 0 0 0 0 0 0 0 0 0 0 0 0 0 0 0 0 0 0 0 12 11 11 11 11 11 11 11 11 11 11 11 11 11 11 12 2 1 1 1 1 1 1 1 1 1 1 1 1 2 31 30 30 30 30 30 30 30 30 30 30 30 30 30 31 33 32 32 32 32 32 32 32 32 32 32 33 15 14 14 14 14 14 14 14 14 14 14 14 14 14 15 0 0 0 0 0 0 9 8 8 
8 8 8 8 8 8 8 8 8 9 27 26 26 26 26 26 26 26 26 26 26 26 26 27 0 0 0 37 37 0 0 0 0 0 0 0 0 0 0 0 0 0 0 0 0 0 0 0 0 0 0 0 0 0 0 0 0 0 0 0 0 0 0 0 0 0 0 0 0 0 0 0 0 0 0 0 0 0 12 11 11 11 11 11 11 11 11 11 11 11 11 11 11 11 12 2 1 1 1 1 1 1 1 1 1 1 1 1 2 31 30 30 30 30 30 30 30 30 30 30 30 30 30 31 33 32 32 32 32 32 32 32 32 32 32 33 15 14 14 14 14 14 14 14 14 14 14 14 14 15 37 0 0 0 0 0 9 8 8 8 
8 8 8 8 8 8 8 8 8 9 27 26 26 26 26 26 26 26 26 26 26 26 26 26 27 0 0 0 37 37 0 0 0 0 0 0 0 0 0 0 0 0 0 0 0 0 0 0 0 0 0 0 0 0 0 0 0 0 0 0 0 0 0 0 0 0 0 0 0 0 0 0 0 0 0 0 0 0 12 11 11 11 11 11 11 11 11 11 11 11 11 11 11 11 12 2 1 1 1 1 1 1 1 1 1 1 1 1 2 31 30 30 30 30 30 30 30 30 30 30 30 30 30 31 33 32 32 32 32 32 32 32 32 32 32 33 15 14 14 14 14 14 14 14 14 14 14 14 14 15 37 37 0 0 0 9 8 8 8 8 
8 8 8 8 8 8 8 8 8 9 27 26 26 26 26 26 26 26 26 26 26 26 26 26 27 0 0 0 0 37 0 0 0 0 0 0 0 0 0 0 0 0 0 0 0 0 0 0 0 0 0 0 0 0 0 0 0 0 0 0 0 0 0 0 0 0 0 0 0 0 0 0 0 0 0 0 0 0 12 11 11 11 11 11 11 11 11 11 11 11 11 11 11 11 12 2 1 1 1 1 1 1 1 1 1 1 1 1 2 31 30 30 30 30 30 30 30 30 30 30 30 30 30 31 33 32 32 32 32 32 32 32 32 32 32 33 15 14 14 14 14 14 14 14 14 14 14 14 14 14 15 37 0 0 0 9 8 8 8 8 
8 8 8 8 8 8 8 8 8 9 27 26 26 26 26 26 26 26 26 26 26 26 26 26 27 0 0 0 0 37 37 0 0 0 0 0 0 0 0 0 0 0 0 0 0 0 0 0 0 0 0 0 0 0 0 0 0 0 0 0 0 0 0 0 0 0 0 0 0 0 0 0 0 0 0 0 0 0 12 11 11 11 11 11 11 11 11 11 11 11 11 11 11 11 12 2 1 1 1 1 1 1 1 1 1 1 1 1 2 31 30 30 30 30 30 30 30 30 30 30 30 30 30 31 33 32 32 32 32 32 32 32 32 32 32 33 15 14 14 14 14 14 14 14 14 14 14 14 14 15 0 37 37 0 0 0 9 8 8 8 
8 8 8 8 8 8 8 8 8 9 27 26 26 26 26 26 26 26 26 26 26 26 26 27 0 0 0 0 0 0 37 37 0 0 0 0 0 0 0 0 0 0 0 0 0 0 0 0 0 0 0 0 0 0 0 0 0 0 0 0 0 0 0 0 0 0 0 0 0 0 0 0 0 0 0 0 0 0 12 11 11 11 11 11 11 11 11 11 11 11 11 11 11 11 12 2 1 1 1 1 1 1 1 1 1 1 1 1 2 31 30 30 30 30 30 30 30 30 30 30 30 30 30 31 33 32 32 32 32 32 32 32 32 32 32 33 15 14 14 14 14 14 14 14 14 14 14 14 14 15 0 0 37 0 0 0 9 8 8 8 
8 8 8 8 8 8 8 8 8 9 27 26 26 26 26 26 26 26 26 26 26 26 26 27 0 0 0 0 0 0 0 37 37 0 0 0 0 0 0 0 0 0 0 0 0 0 0 0 0 0 0 0 0 0 0 0 0 0 0 0 0 0 0 0 0 0 0 0 0 0 0 0 0 0 0 0 0 12 11 11 11 11 11 11 11 11 11 11 11 11 11 11 11 11 12 2 1 1 1 1 1 1 1 1 1 1 1 1 2 31 30 30 30 30 30 30 30 30 30 30 30 30 30 31 33 32 32 32 32 32 32 32 32 32 32 33 15 14 14 14 14 14 14 14 14 14 14 14 14 15 0 0 37 37 0 0 9 8 8 8 
8 8 8 8 8 8 8 8 8 9 27 26 26 26 26 26 26 26 26 26 26 26 26 27 0 0 0 0 0 0 0 0 37 37 0 0 0 0 0 0 0 0 0 0 0 0 0 0 0 0 0 0 0 0 0 0 0 0 0 0 0 0 0 0 0 0 0 0 0 0 0 0 0 0 0 0 0 12 11 11 11 11 11 11 11 11 11 11 11 11 11 11 11 11 12 2 1 1 1 1 1 1 1 1 1 1 1 1 2 31 30 30 30 30 30 30 30 30 30 30 30 30 30 31 33 32 32 32 32 32 32 32 32 32 32 33 15 14 14 14 14 14 14 14 14 14 14 14 15 0 0 0 0 37 0 9 8 8 8 8 
8 8 8 8 8 8 8 8 8 9 27 26 26 26 26 26 26 26 26 26 26 26 26 27 0 0 0 0 0 0 0 0 0 37 0 0 0 0 0 0 0 0 0 0 0 0 0 0 0 0 0 0 0 0 0 0 0 0 0 0 0 0 0 0 0 0 0 0 0 0 0 0 0 0 0 0 12 11 11 11 11 11 11 11 11 11 11 11 11 11 11 11 11 11 12 2 1 1 1 1 1 1 1 1 1 1 1 2 31 30 30 30 30 30 30 30 30 30 30 30 30 30 30 31 33 32 32 32 32 32 32 32 32 32 32 33 15 14 14 14 14 14 14 14 14 14 14 15 0 0 0 0 0 37 37 0 9 8 8 8 
8 8 8 8 8 8 8 8 8 9 27 26 26 26 26 26 26 26 26 26 26 26 26 27 0 0 0 0 0 0 0 0 0 37 37 0 0 0 0 0 0 0 0 0 0 0 0 0 0 0 0 0 0 0 0 0 0 0 0 0 0 0 0 0 0 0 0 0 0 0 0 0 0 0 0 0 12 11 11 11 11 11 11 11 11 11 11 11 11 11 11 11 11 11 12 2 2 2 2 1 1 1 1 1 1 2 2 2 31 31 31 31 31 30 30 30 30 30 30 30 30 30 31 31 33 32 32 32 32 32 32 32 32 32 32 33 15 14 14 14 14 14 14 14 14 14 15 0 0 0 0 0 0 0 37 0 0 9 8 8 
8 8 8 8 8 8 8 8 8 9 27 26 26 26 26 26 26 26 26 26 26 26 27 0 0 0 0 0 0 0 0 0 0 0 37 37 0 0 0 0 0 0 0 0 0 0 0 0 0 0 0 0 0 0 0 0 0 0 0 0 0 0 0 0 0 0 0 0 0 0 0 0 0 0 0 0 12 12 12 12 12 12 12 11 11 11 11 12 11 11 11 11 11 12 18 18 18 18 18 2 2 1 1 1 2 5 5 5 5 5 5 5 5 31 31 31 31 31 31 30 30 31 5 31 33 32 32 32 32 32 32 32 32 32 32 33 15 14 14 14 14 14 14 14 14 15 0 0 0 0 0 0 0 0 37 0 0 9 8 8 
8 8 8 8 8 8 8 8 8 9 27 26 26 26 26 26 26 26 26 26 26 27 0 0 0 0 0 0 0 0 0 0 0 0 0 37 37 0 0 0 0 0 0 0 0 0 0 0 0 0 0 0 0 0 0 0 0 0 0 0 0 0 0 0 0 0 0 0 0 0 0 0 0 0 0 0 28 28 28 28 28 28 28 12 12 12 12 28 12 12 12 11 12 18 17 17 17 17 17 18 18 2 2 2 18 5 4 4 4 4 4 4 4 5 5 5 5 5 5 31 31 5 4 5 33 32 32 32 32 32 32 32 32 32 32 33 15 14 14 14 14 14 14 14 14 15 0 0 0 0 0 0 0 0 37 37 0 0 9 8 
8 8 8 8 8 8 8 8 8 9 27 26 26 26 26 26 26 26 26 26 27 0 0 0 0 0 0 0 0 0 0 0 0 0 0 0 37 37 0 0 0 0 0 0 0 0 0 0 0 0 0 0 0 0 0 0 0 0 0 0 0 0 0 0 0 0 0 0 0 0 0 0 0 0 0 0 28 27 27 27 27 27 27 28 28 28 28 27 28 28 28 12 12 18 17 17 17 17 17 17 17 18 18 18 18 5 4 4 4 4 4 4 4 4 4 4 4 4 4 5 5 4 4 5 33 32 32 32 32 32 32 32 32 32 32 33 15 14 14 14 14 14 14 14 15 0 0 0 0 0 0 0 0 0 0 37 0 0 0 9 
9 8 8 8 8 8 8 8 8 9 27 26 26 26 26 26 26 26 26 27 0 0 0 0 0 0 0 0 0 0 0 0 0 0 0 0 0 37 37 0 0 0 0 0 0 0 0 0 0 0 0 0 0 0 0 0 0 0 0 0 0 0 0 0 0 0 0 0 0 0 0 0 0 0 0 0 28 27 27 27 27 27 27 27 27 27 27 27 27 27 28 18 18 17 17 17 17 17 17 17 17 17 17 17 18 5 4 4 4 4 4 4 4 4 4 4 4 4 4 4 4 4 4 4 5 33 32 32 32 32 32 32 32 32 32 33 15 14 14 14 14 14 14 15 0 0 0 0 0 0 0 0 0 0 0 37 37 0 0 0 
0 9 8 8 8 8 8 8 8 9 27 26 26 26 26 26 26 26 27 27 0 0 0 0 0 0 0 0 0 0 0 0 0 0 0 0 0 0 37 0 0 0 0 0 0 0 0 0 0 0 0 0 0 0 0 0 0 0 0 0 0 0 0 0 0 0 0 0 0 0 0 0 0 0 0 28 27 27 27 27 27 27 27 27 27 27 27 27 27 27 28 18 17 17 17 17 17 17 17 17 17 17 17 17 18 5 4 4 4 4 4 4 4 4 4 4 4 4 4 4 4 4 4 4 4 5 33 32 32 32 32 32 32 32 32 33 15 14 14 14 14 14 15 0 0 0 0 0 0 0 0 0 0 0 0 0 37 0 0 0 
0 0 9 8 9 8 8 8 9 9 27 26 26 26 26 26 26 27 0 0 0 0 0 0 0 0 0 0 0 0 0 0 0 0 0 0 0 0 37 37 0 0 0 0 0 0 0 0 0 0 0 0 0 0 0 0 0 0 0 0 0 0 0 0 0 0 0 0 0 0 0 0 0 0 0 28 27 27 27 27 27 27 27 27 27 27 27 27 27 27 28 18 17 17 17 17 17 17 17 17 17 17 17 17 18 5 4 4 4 4 4 4 4 4 4 4 4 4 4 4 4 4 4 4 4 5 33 32 32 32 32 32 32 32 32 33 15 14 14 14 14 15 0 0 0 0 0 0 0 0 0 0 0 0 0 0 37 37 0 0 
0 0 0 9 0 9 8 9 0 9 27 26 26 26 26 26 27 0 0 0 0 0 0 0 0 0 0 0 0 0 0 0 0 0 0 0 0 0 0 37 37 0 0 0 0 0 0 0 0 0 0 0 0 0 0 0 0 0 0 0 0 0 0 0 0 0 0 0 0 0 0 0 0 0 0 28 27 27 27 27 27 27 27 27 27 27 27 27 27 27 28 18 17 17 17 17 17 17 17 17 17 17 17 17 18 5 4 4 4 4 4 4 4 4 4 4 4 4 4 4 4 4 4 4 4 5 33 32 32 32 32 32 32 33 33 33 15 14 15 15 15 0 0 0 0 0 0 0 0 0 0 0 0 0 0 0 0 37 0 0 
0 0 0 0 0 0 9 0 37 37 27 26 27 27 26 27 0 0 0 0 0 0 0 0 0 0 0 0 0 0 0 0 0 0 0 0 0 0 0 0 37 37 0 0 0 0 0 0 0 0 0 0 0 0 0 0 0 0 0 0 0 0 0 0 0 0 0 0 0 0 0 0 0 0 0 28 27 27 27 27 27 27 27 27 27 27 27 27 27 27 28 18 17 17 17 17 17 17 17 17 17 17 17 17 18 5 4 4 4 4 4 4 4 4 4 4 4 4 4 4 4 4 4 4 4 4 5 33 33 33 33 33 33 0 0 33 15 15 37 37 37 0 0 0 0 0 0 0 0 0 0 0 0 0 0 0 0 37 37 0 
0 0 0 0 0 0 0 0 37 0 27 27 0 0 27 0 0 0 0 0 0 0 0 0 0 0 0 0 0 0 0 0 0 0 0 0 0 0 0 0 0 37 37 0 0 0 0 0 0 0 0 0 0 0 0 0 0 0 0 0 0 0 0 0 0 0 0 0 0 0 0 0 0 0 0 28 27 27 27 27 27 27 27 27 27 27 27 27 27 27 28 18 17 17 17 17 17 17 17 17 17 17 17 17 18 5 4 4 4 4 4 4 4 4 4 4 4 4 4 4 4 4 4 4 4 5 0 0 0 0 0 0 0 0 0 0 0 0 0 0 37 37 37 0 0 0 0 0 0 0 0 0 0 0 0 0 0 0 37 0 
0 0 0 0 0 0 0 37 37 0 0 0 0 0 0 0 0 0 0 0 0 0 0 0 0 0 0 0 0 0 0 0 0 0 0 0 0 0 0 0 0 0 37 37 0 0 0 0 0 0 0 0 0 0 0 0 0 0 0 0 0 0 0 0 0 0 0 0 0 0 0 0 0 0 0 28 27 27 27 27 27 27 27 27 27 27 27 27 27 27 28 18 17 17 17 17 17 17 17 17 17 17 17 17 18 5 4 4 4 4 4 4 4 4 4 4 4 4 4 4 4 4 4 4 5 0 0 0 0 0 0 0 0 0 0 0 0 0 0 0 0 0 37 37 0 0 0 0 0 0 0 0 0 0 0 0 0 0 37 37 
0 0 0 0 0 0 37 37 0 0 0 0 0 0 0 0 0 0 0 0 0 0 0 0 0 0 0 0 0 0 0 0 0 0 0 0 0 0 0 0 0 0 0 37 0 0 0 0 0 0 0 0 0 0 0 0 0 0 0 0 0 0 0 0 0 0 0 0 0 0 0 0 0 0 28 27 27 27 27 27 27 27 27 27 27 27 27 27 27 27 28 18 17 17 17 17 17 17 17 17 17 17 17 17 18 5 4 4 4 4 4 4 4 4 4 4 4 4 4 4 4 4 4 5 0 0 0 0 0 0 0 0 0 0 0 0 0 0 0 0 0 0 0 37 37 37 0 0 0 0 0 0 0 0 0 0 0 0 0 37 
37 0 0 0 0 0 37 0 0 0 0 0 0 0 0 0 0 0 0 0 0 0 0 0 0 0 0 0 0 0 0 0 0 0 0 0 0 0 0 0 0 0 0 37 37 0 0 0 0 0 0 0 0 0 0 0 0 0 0 0 0 0 0 0 0 0 0 0 0 0 0 0 0 0 28 27 27 27 27 27 27 27 27 27 27 27 27 27 27 27 28 18 17 17 17 17 17 17 17 17 17 17 17 17 18 5 4 4 4 4 4 4 4 4 4 4 4 4 4 4 4 4 5 0 0 0 0 0 0 0 0 0 0 0 0 0 0 0 0 0 0 0 0 0 0 37 37 37 0 0 0 0 0 0 0 0 0 0 0 37 
37 0 0 0 0 37 37 0 0 0 0 0 0 0 0 0 0 0 0 0 0 0 0 0 0 0 0 0 0 0 0 0 0 0 0 0 0 0 0 0 0 0 0 0 37 37 0 0 0 0 0 0 0 0 0 0 0 0 0 0 0 0 0 0 0 0 0 0 0 0 0 0 0 0 0 28 27 27 27 27 27 27 27 27 27 27 27 27 27 27 28 18 17 17 17 17 17 17 17 17 17 17 17 17 18 5 4 4 4 4 4 4 4 4 4 4 4 4 4 4 4 5 5 0 0 0 0 0 0 0 0 0 0 0 0 0 0 0 0 0 0 0 0 0 0 0 0 37 37 37 0 0 0 0 0 0 0 0 0 0 
37 37 0 0 37 37 0 0 0 0 0 0 0 0 0 0 0 0 0 0 0 0 0 0 0 0 0 0 0 0 0 0 0 0 0 0 0 0 0 0 0 0 0 0 0 37 37 0 0 0 0 0 0 0 0 0 0 0 0 0 0 0 0 0 0 0 0 0 0 0 0 0 0 0 0 28 27 27 27 27 27 27 27 27 27 27 27 27 27 27 28 18 17 17 17 17 17 17 17 17 17 17 17 17 18 5 4 4 4 4 4 4 4 4 4 4 4 4 4 4 5 0 0 0 0 0 0 0 0 0 0 0 0 0 0 0 0 0 0 0 0 0 0 0 0 0 0 0 0 37 37 37 0 0 0 0 0 0 0 0 
0 37 0 0 37 0 0 0 0 0 0 0 0 0 0 0 0 0 0 0 0 0 0 0 0 0 0 0 0 0 0 0 0 0 0 0 0 0 0 0 0 0 0 0 0 0 37 37 0 0 0 0 0 0 0 0 0 0 0 0 0 0 0 0 0 0 0 0 0 0 0 0 0 0 0 28 27 27 27 27 27 27 27 27 27 27 27 27 27 27 28 18 17 17 17 17 17 17 17 17 17 17 17 17 18 5 4 4 4 4 4 4 4 4 4 4 4 4 4 5 0 0 0 0 0 0 0 0 0 0 0 0 0 0 0 0 0 0 0 0 0 0 0 0 0 0 0 0 0 0 0 37 37 37 0 0 0 0 0 0 
0 37 37 37 37 0 0 0 0 0 0 0 0 0 0 0 0 0 0 0 0 0 0 0 0 0 0 0 0 0 0 0 0 0 0 0 0 0 0 0 0 0 0 0 0 0 0 37 37 0 0 0 0 0 0 0 0 0 0 0 0 0 0 0 0 0 0 0 0 0 0 0 0 0 0 0 28 27 27 27 27 27 27 27 27 27 27 27 27 27 28 18 17 17 17 17 17 17 17 17 17 17 17 17 18 5 4 4 4 4 4 4 4 4 4 4 4 4 4 5 0 0 0 0 0 0 0 0 0 0 0 0 0 0 0 0 0 0 0 0 0 0 0 0 0 0 0 0 0 0 0 0 0 37 37 37 0 0 0 0 
0 0 37 37 0 0 0 0 0 0 0 0 0 0 0 0 0 0 0 0 0 0 0 0 0 0 0 0 0 0 0 0 0 0 0 0 0 0 0 0 0 0 0 0 0 0 0 0 37 0 0 0 0 0 0 0 0 0 0 0 0 0 0 0 0 0 0 0 0 0 0 0 0 37 37 37 37 28 27 27 27 27 27 27 27 27 27 27 27 27 28 18 17 17 17 17 17 17 17 17 17 17 17 17 18 5 4 4 4 4 4 4 4 4 5 5 5 5 5 0 0 0 0 0 0 0 0 0 0 0 0 0 0 0 0 0 0 0 0 0 0 0 0 0 0 0 0 0 0 0 0 0 0 0 0 37 37 37 0 0 
0 0 37 37 0 0 0 0 0 0 0 0 0 0 0 0 0 0 0 0 0 0 0 0 0 0 0 0 0 0 0 0 0 0 0 0 0 0 0 0 0 0 0 0 0 0 0 0 37 37 0 0 0 0 0 0 0 0 0 0 0 0 0 0 0 0 37 37 37 37 37 37 37 37 0 0 0 0 28 27 27 27 27 27 27 27 27 27 27 27 28 18 17 17 17 17 17 17 17 17 17 17 17 17 18 5 4 4 4 4 5 5 4 5 0 0 0 0 0 0 0 0 0 0 0 0 0 0 0 0 0 0 0 0 0 0 0 0 0 0 0 0 0 0 0 0 0 0 0 0 0 0 0 0 0 0 0 37 37 0 
37 37 37 37 0 0 0 0 0 0 0 0 0 0 0 0 0 0 0 0 0 0 0 0 0 0 0 0 0 0 0 0 0 0 0 0 0 0 0 0 0 0 0 0 0 0 0 0 0 37 37 0 0 0 0 0 0 0 37 37 37 37 37 37 37 37 37 0 0 0 0 0 0 0 0 0 0 0 0 28 27 27 27 27 27 27 27 27 27 27 28 18 17 17 17 17 17 17 17 17 17 17 17 17 18 5 5 5 5 5 0 0 5 0 0 0 0 0 0 0 0 0 0 0 0 0 0 0 0 0 0 0 0 0 0 0 0 0 0 0 0 0 0 0 0 0 0 0 0 0 0 0 0 0 0 0 0 0 37 37 
37 37 37 37 0 0 0 0 0 0 0 0 0 0 0 0 0 0 0 0 0 0 0 0 0 0 0 0 0 0 0 0 0 0 0 0 0 0 0 0 0 0 0 0 0 0 0 0 0 0 37 37 37 37 37 37 37 37 37 0 0 0 0 0 0 0 0 0 0 0 0 0 0 0 0 0 0 0 0 28 28 27 27 27 27 27 27 27 27 27 28 18 17 17 17 17 17 17 17 17 17 17 17 18 0 0 0 0 0 0 0 0 0 0 0 0 0 0 0 0 0 0 0 0 0 0 0 0 0 0 0 0 0 0 0 0 0 0 0 0 0 0 0 0 0 0 0 0 0 0 0 0 0 0 0 0 0 0 0 0 
37 37 37 37 37 0 0 0 0 0 0 0 0 0 0 0 0 0 0 0 0 0 0 0 0 0 0 0 0 0 0 0 0 0 0 0 0 0 0 0 0 0 0 0 37 37 37 37 37 37 37 37 37 0 0 0 0 0 0 0 0 0 0 0 0 0 0 0 0 0 0 0 0 0 0 0 0 0 0 0 0 28 28 27 27 27 27 27 27 27 28 18 17 17 17 17 17 17 17 17 17 17 18 0 0 0 0 0 0 0 0 0 0 0 0 0 0 0 0 0 0 0 0 0 0 0 0 0 0 0 0 0 0 0 0 0 0 0 0 0 0 0 0 0 0 0 0 0 0 0 0 0 0 0 0 0 0 0 0 0 
37 0 0 0 37 37 37 0 0 0 0 0 0 0 0 0 0 0 0 0 0 0 0 0 0 0 0 0 0 0 0 0 0 0 0 0 0 37 37 37 37 37 37 37 37 0 0 0 0 0 0 0 37 0 0 0 0 0 0 0 0 0 0 0 0 0 0 0 0 0 0 0 0 0 0 0 0 0 0 0 0 0 0 28 27 27 27 27 27 27 28 18 17 17 17 17 17 17 17 17 17 18 0 0 0 0 0 0 0 0 0 0 0 0 0 0 0 0 0 0 0 0 0 0 0 0 0 0 0 0 0 0 0 0 0 0 0 0 0 0 0 0 0 0 0 0 0 0 0 0 0 0 0 0 0 0 0 0 0 37 
0 0 0 0 37 37 37 37 37 0 0 0 0 0 0 0 0 0 0 0 0 0 0 0 0 0 0 0 0 0 37 37 37 37 37 37 37 37 0 0 0 0 0 0 0 0 0 0 0 0 0 0 37 37 0 0 0 0 0 0 0 0 0 0 0 0 0 0 0 0 0 0 0 0 0 0 0 0 0 0 0 0 0 0 28 27 27 27 27 27 28 18 17 17 17 17 17 17 17 17 18 0 0 0 0 0 0 0 0 0 0 0 0 0 0 0 0 0 0 0 0 0 0 0 0 0 0 0 0 0 0 0 0 0 0 0 0 0 0 0 0 0 0 0 0 0 0 0 0 0 0 0 0 0 0 0 0 0 0 37 
0 0 0 0 0 37 0 0 37 37 37 0 0 0 0 0 0 0 0 0 0 0 0 37 37 37 37 37 37 37 37 0 0 0 0 0 0 0 0 0 0 0 0 0 0 0 0 0 0 0 0 0 0 37 37 0 0 0 0 0 0 0 0 0 0 0 0 0 0 0 0 0 0 0 0 0 0 0 0 0 0 0 0 0 0 28 28 28 27 27 28 18 17 17 17 17 17 17 17 18 0 0 0 0 0 0 0 0 0 0 0 0 0 0 0 0 0 0 0 0 0 0 0 0 0 0 0 0 0 0 0 0 0 0 0 0 0 0 0 0 0 0 0 0 0 0 0 0 0 0 0 0 0 0 0 0 0 0 37 37 
0 0 0 0 0 37 37 0 0 0 37 37 0 0 0 0 37 37 37 37 37 37 37 37 0 0 0 0 0 0 0 0 0 0 0 0 0 0 0 0 0 0 0 0 0 0 0 0 0 0 0 0 0 0 37 37 0 0 0 0 0 0 0 0 0 0 0 0 0 0 0 0 0 0 0 0 0 0 0 0 0 0 0 0 0 0 0 37 28 28 28 18 17 18 18 18 17 17 18 0 0 0 0 0 0 0 0 0 0 0 0 0 0 0 0 0 0 0 0 0 0 0 0 0 0 0 0 0 0 0 0 0 0 0 0 0 0 0 0 0 0 0 0 0 0 0 0 0 0 0 0 0 0 0 0 0 0 0 37 0 
0 0 0 0 0 0 37 0 0 37 37 37 37 37 37 37 37 0 0 0 0 0 0 0 0 0 0 0 0 0 0 0 0 0 0 0 0 0 0 0 0 0 0 0 0 0 0 0 0 0 0 0 0 0 0 37 37 0 0 0 0 0 0 0 0 0 0 0 0 0 0 0 0 0 0 0 0 0 0 0 0 0 0 0 0 0 0 37 0 0 0 0 18 0 0 0 18 18 0 0 0 0 0 0 0 0 0 0 0 0 0 0 0 0 0 0 0 0 0 0 0 0 0 0 0 0 0 0 0 0 0 0 0 0 0 0 0 0 0 0 0 0 0 0 0 0 0 0 0 0 0 0 0 0 0 0 0 37 37 0 
0 0 37 37 37 37 37 37 37 37 0 0 0 37 37 37 0 0 0 0 0 0 0 0 0 0 0 0 0 0 0 0 0 0 0 0 0 0 0 0 0 0 0 0 0 0 0 0 0 0 0 0 0 0 0 0 37 37 0 0 0 0 0 0 0 0 0 0 0 0 0 0 0 0 0 0 0 0 0 0 0 0 0 0 0 0 0 37 37 0 0 0 0 0 0 0 0 0 0 0 0 0 0 0 0 0 0 0 0 0 0 0 0 0 0 0 0 0 0 0 0 0 0 0 0 0 0 0 0 0 0 0 0 0 0 0 0 0 0 0 0 0 0 0 0 0 0 0 0 0 0 0 0 0 0 0 37 37 0 0 
37 37 37 0 0 0 0 37 0 0 0 0 0 0 0 37 37 37 0 0 0 0 0 0 0 0 0 0 0 0 0 0 0 0 0 0 0 0 0 0 0 0 0 0 0 0 0 0 0 0 0 0 0 0 0 0 0 37 0 0 0 0 0 0 0 0 0 0 0 0 0 0 0 0 0 0 0 0 0 0 0 0 0 0 0 0 0 0 37 0 0 0 0 0 0 0 0 0 0 0 0 0 0 0 0 0 0 0 0 0 0 0 0 0 0 0 0 0 0 0 0 0 0 0 0 0 0 0 0 0 0 0 0 0 0 0 0 0 0 0 0 0 0 0 0 0 0 0 0 0 0 0 0 0 0 37 37 37 37 37 
0 0 0 0 0 0 0 37 37 0 0 0 0 0 0 0 0 37 37 37 0 0 0 0 0 0 0 0 0 0 0 0 0 0 0 0 0 0 0 0 0 0 0 0 0 0 0 0 0 0 0 0 0 0 0 0 0 37 37 0 0 0 0 0 0 0 0 0 0 0 0 0 0 0 0 0 0 0 0 0 0 0 0 0 0 0 0 0 37 0 0 0 0 0 0 0 0 0 0 0 0 0 0 0 0 0 0 0 0 0 0 0 0 0 0 0 0 0 0 0 0 0 0 0 0 0 0 0 0 0 0 0 0 0 0 0 0 0 0 0 0 0 0 0 0 0 0 37 37 37 37 37 37 37 37 37 37 0 0 0 
0 0 0 0 0 0 0 0 37 0 0 0 0 0 0 0 0 0 0 37 37 37 0 0 0 0 0 0 0 0 0 0 0 0 0 0 0 0 0 0 0 0 0 0 0 0 0 0 0 0 0 0 0 0 11 11 0 0 11 11 11 11 0 0 0 0 0 0 0 0 0 0 0 0 0 0 0 0 0 0 0 0 0 0 0 0 0 0 37 0 0 0 0 0 0 0 0 0 0 0 0 0 0 0 0 0 0 0 0 0 0 0 0 0 0 0 0 0 0 0 0 0 0 0 0 0 0 0 0 0 0 0 0 0 0 0 0 0 0 0 37 37 37 37 37 37 37 37 0 0 0 0 0 0 0 37 0 0 0 0 
0 0 0 0 0 0 0 0 37 37 0 0 0 0 0 0 0 0 0 0 0 37 37 37 0 0 0 0 0 0 0 0 0 0 0 0 0 0 0 0 0 0 0 0 0 0 0 0 0 0 0 0 0 11 10 10 11 11 10 10 10 11 0 0 0 0 0 0 0 0 0 0 0 0 0 0 0 0 0 0 0 0 0 0 0 0 0 0 37 0 0 0 0 0 0 0 0 0 0 0 0 0 0 0 0 0 0 0 0 0 0 0 0 0 0 0 0 0 0 0 0 0 0 0 0 0 0 0 0 0 0 0 0 37 37 37 37 37 37 37 37 0 0 0 0 0 0 0 0 0 0 0 0 0 37 37 0 0 0 0 
0 0 0 0 0 0 0 0 0 37 0 0 0 0 0 0 0 0 0 0 0 0 0 37 37 0 0 0 0 0 0 0 0 0 0 0 0 0 0 0 0 0 0 0 0 0 0 0 0 0 0 0 11 10 10 10 10 10 10 10 10 10 11 11 11 0 0 0 0 0 0 0 0 0 0 0 0 0 0 0 0 0 0 0 0 0 0 0 37 37 0 0 0 0 0 0 0 0 0 0 0 0 0 0 0 0 0 0 0 0 0 0 0 0 0 0 0 0 0 0 0 0 0 0 0 0 37 37 37 37 37 37 37 37 0 0 0 0 0 0 0 0 0 0 0 0 0 0 0 0 0 0 0 37 37 0 0 0 0 0 
0 0 0 0 0 0 0 0 0 37 37 0 0 0 0 0 0 0 0 0 0 0 0 0 37 37 37 0 0 0 0 0 0 0 0 0 0 0 0 0 0 0 0 0 0 0 0 0 0 11 11 11 10 10 10 10 10 10 10 10 10 10 10 10 10 11 0 0 0 0 0 0 0 0 0 0 0 0 0 0 0 0 0 0 0 0 0 0 0 37 0 0 0 0 0 0 0 0 0 0 0 0 0 0 0 0 0 0 0 0 0 0 0 0 0 0 0 0 0 37 37 37 37 37 37 37 37 0 0 0 0 0 0 0 0 0 0 0 0 0 0 0 0 0 0 0 0 0 0 0 0 0 0 37 0 0 0 0 0 0 
0 0 0 0 0 0 0 0 0 0 37 0 0 0 0 0 0 0 0 0 0 0 0 0 0 0 37 37 37 0 0 0 0 0 0 0 0 0 0 0 0 0 0 0 0 0 0 8 11 10 10 10 10 10 10 10 10 10 10 10 10 10 10 10 10 10 11 0 0 0 0 0 0 0 0 0 0 0 0 26 26 0 0 0 0 0 0 0 0 37 0 0 0 0 0 0 0 0 0 0 0 0 0 0 0 0 0 0 0 0 0 0 37 37 37 37 37 37 37 37 0 0 0 0 0 0 0 0 0 0 0 0 0 0 0 0 0 0 0 0 0 0 0 0 0 0 0 0 0 0 0 0 37 37 0 0 0 0 0 0 
0 0 0 0 0 0 0 0 0 0 37 37 0 0 0 0 0 0 0 0 0 0 0 0 0 0 0 0 37 37 37 0 0 0 0 0 0 0 0 0 0 0 0 0 0 0 0 8 11 10 10 10 10 10 10 10 10 10 10 10 10 10 10 10 10 10 10 11 0 0 0 0 0 0 0 0 0 0 26 25 25 26 0 0 0 0 0 0 0 37 0 0 0 0 0 0 0 0 0 0 0 0 0 0 0 37 37 37 20 20 37 37 37 0 0 0 0 0 0 0 0 0 0 0 0 0 0 0 0 0 0 0 0 0 0 0 0 0 0 0 0 0 0 0 0 0 0 0 0 0 0 37 37 0 0 0 0 0 0 0 
0 0 0 0 0 0 0 0 0 0 0 37 0 0 0 0 0 0 0 0 0 0 0 0 0 0 0 0 0 0 37 37 37 0 0 0 0 0 0 0 0 0 0 0 0 0 0 8 11 10 10 10 10 10 10 10 10 10 10 10 10 10 10 10 10 10 10 11 0 0 0 0 0 0 26 26 0 26 25 25 25 25 26 26 0 0 0 0 0 37 37 0 0 0 0 0 0 0 37 37 37 37 37 37 37 37 0 20 19 19 20 20 20 0 0 0 0 0 0 0 0 0 0 0 0 0 0 0 0 0 0 0 0 0 0 0 0 0 0 0 0 0 0 0 0 0 0 0 0 0 0 37 0 0 0 0 0 0 0 0 
0 0 0 0 0 0 0 0 0 0 0 37 0 0 0 0 0 0 0 0 0 0 0 0 0 0 0 0 0 0 0 0 37 37 37 0 0 0 0 0 0 0 0 0 0 0 8 7 8 11 10 10 10 10 10 10 10 10 10 10 10 10 10 10 10 10 10 10 11 0 0 0 0 26 25 25 26 25 25 25 25 25 25 25 26 26 0 0 0 0 37 37 37 37 37 37 37 37 37 0 0 0 0 0 0 0 20 19 19 19 19 19 19 20 20 20 20 0 0 0 0 0 0 0 0 0 0 0 0 0 0 0 0 0 0 0 0 0 0 0 0 0 0 0 0 0 0 0 0 0 37 37 0 0 0 0 0 0 0 0 
0 0 0 0 0 0 0 0 0 0 0 37 37 0 0 0 0 0 0 0 0 0 0 0 0 0 0 0 0 0 0 0 0 0 37 37 37 0 0 0 0 0 0 0 0 8 7 7 8 11 10 10 10 10 10 10 10 10 10 10 10 10 10 10 10 10 10 10 10 11 0 0 0 26 25 25 25 25 25 25 25 25 25 25 25 25 26 0 0 0 37 0 0 0 0 0 0 0 0 0 0 0 0 0 0 20 19 19 19 19 19 19 19 19 19 19 19 20 0 0 0 0 0 0 0 0 0 0 0 0 0 0 0 0 0 0 0 0 0 0 0 0 0 0 0 0 0 0 0 0 37 0 0 0 0 0 0 0 0 0 
0 0 0 0 0 0 0 0 0 0 0 0 37 0 0 0 0 0 0 0 0 0 0 0 0 0 0 0 0 0 0 0 0 0 0 0 37 37 37 0 0 0 0 8 8 7 7 7 7 8 11 10 10 10 10 10 10 10 10 10 10 10 10 10 10 10 10 10 10 11 0 0 0 26 25 25 25 25 25 25 25 25 25 25 25 25 25 26 0 0 37 0 0 0 0 0 0 0 0 0 0 0 0 0 20 19 19 19 19 19 19 19 19 19 19 19 19 19 20 0 0 0 0 0 0 0 0 0 0 0 0 0 0 0 0 0 0 0 0 0 0 0 0 0 0 0 0 0 0 37 37 0 0 0 0 0 0 0 0 0 
0 0 0 0 0 0 0 0 0 0 0 0 37 37 0 0 0 0 0 0 0 0 0 0 0 0 0 0 0 0 0 0 0 0 0 0 0 0 37 37 0 0 8 7 7 7 7 7 7 7 8 11 10 10 10 10 10 10 10 10 10 10 10 10 10 10 10 10 10 11 0 0 0 26 25 25 25 25 25 25 25 25 25 25 25 25 25 26 0 0 37 37 0 0 0 0 0 0 0 0 0 0 0 0 20 19 19 19 19 19 19 19 19 19 19 19 19 19 19 20 0 0 0 0 0 0 0 0 0 0 0 0 0 0 0 0 0 0 0 0 0 0 0 0 0 0 0 0 37 37 0 0 0 0 0 0 0 0 0 0 
0 0 0 0 0 0 0 0 0 0 0 0 0 37 0 0 0 0 0 0 0 0 0 0 0 0 0 0 0 0 0 0 0 0 0 0 0 0 0 37 37 8 7 7 7 7 7 7 7 7 7 8 11 10 10 10 10 10 10 10 10 10 10 10 10 10 10 10 10 11 0 0 0 26 25 25 25 25 25 25 25 25 25 25 25 25 26 0 0 0 0 37 0 0 0 0 0 0 0 0 0 0 0 20 19 19 19 19 19 19 19 19 19 19 19 19 19 19 19 20 0 0 0 0 0 0 0 0 0 0 0 0 0 0 0 0 0 0 0 0 0 0 0 0 0 0 0 0 37 0 0 0 0 0 0 0 0 0 0 0 
0 0 0 0 0 0 0 0 0 0 0 0 0 37 37 0 0 0 0 0 0 0 0 0 0 0 0 0 0 0 0 0 0 0 0 0 0 0 0 8 8 7 7 7 7 7 7 7 7 7 7 8 11 10 10 10 10 10 10 10 10 10 10 10 10 10 10 10 10 11 0 0 26 25 25 25 25 25 25 25 25 25 25 25 25 25 25 26 0 0 0 37 0 0 0 0 0 0 0 0 0 0 0 20 19 19 19 19 19 19 19 19 19 19 19 19 19 19 19 19 20 0 0 0 0 0 0 0 0 0 0 0 0 0 0 0 0 0 0 0 0 0 0 0 0 0 0 37 37 0 0 0 0 0 0 0 0 0 0 0 
0 0 0 0 0 0 0 0 0 0 0 0 0 0 37 0 0 0 0 0 0 0 0 0 0 0 0 0 0 0 0 0 0 0 0 0 0 0 0 8 7 7 7 7 7 7 7 7 7 7 7 8 11 10 10 10 10 10 10 10 10 10 10 10 10 10 10 10 11 37 37 0 26 25 25 25 25 25 25 25 25 25 25 25 25 25 25 26 0 0 0 37 0 0 0 0 0 0 0 0 0 0 20 19 19 19 19 19 19 19 19 19 19 19 19 19 19 19 19 19 19 20 0 0 0 0 0 0 0 0 0 0 0 0 0 0 0 0 0 0 0 0 0 0 0 0 37 37 0 0 0 0 0 0 0 0 0 0 0 0 
0 0 0 0 0 0 0 0 0 0 0 0 0 0 37 37 0 0 0 0 0 0 0 0 0 0 0 0 0 0 0 0 0 0 0 0 0 0 0 8 7 7 7 7 7 7 7 7 7 7 7 8 11 10 10 10 10 10 10 10 10 10 10 10 10 10 10 10 11 0 37 37 26 25 25 25 25 25 25 25 25 25 25 25 25 25 25 26 0 0 0 37 37 0 0 0 0 0 0 0 0 0 20 19 19 19 19 19 19 19 19 19 19 19 19 19 19 19 19 19 19 20 0 0 0 0 0 0 0 0 0 0 0 0 0 0 0 0 0 0 0 0 0 0 0 0 37 0 0 0 0 0 0 0 0 0 0 0 0 0 
0 0 0 0 0 0 0 0 0 0 0 0 0 0 0 37 0 0 0 0 0 0 0 0 0 0 0 0 0 0 0 0 0 0 0 0 0 0 8 7 7 7 7 7 7 7 7 7 7 7 7 8 11 10 10 10 10 10 10 10 10 10 10 10 10 10 10 10 11 0 0 37 26 25 25 25 25 25 25 25 25 25 25 25 25 25 25 26 0 0 0 0 37 0 0 0 0 0 0 0 0 20 19 19 19 19 19 19 19 19 19 19 19 19 19 19 19 19 19 19 19 20 0 0 0 0 0 0 0 0 0 0 0 0 0 0 0 0 0 0 0 0 0 0 0 37 37 0 0 0 0 0 0 0 0 0 0 0 0 0 
0 0 0 0 0 0 0 0 0 0 0 0 0 0 0 37 37 0 0 0 0 0 0 0 0 0 0 0 0 0 0 0 0 0 0 0 0 8 7 7 7 7 7 7 7 7 7 7 7 7 7 8 11 10 10 10 10 10 10 10 10 10 10 10 10 10 10 10 11 0 0 37 26 25 25 25 25 25 25 25 25 25 25 25 25 25 25 25 26 0 0 0 37 0 0 0 0 0 0 0 0 20 19 19 19 19 19 19 19 19 19 19 19 19 19 19 19 19 19 19 20 0 0 0 0 0 0 0 0 0 0 0 0 0 0 0 0 0 0 0 0 0 0 0 0 37 0 0 0 0 0 0 0 0 0 0 0 0 0 0 
0 0 0 0 0 0 0 0 0 0 0 0 0 0 0 0 37 0 0 0 0 0 0 0 0 0 0 0 0 0 0 0 0 0 0 0 8 7 7 7 7 7 7 7 7 7 7 7 7 7 7 8 11 10 10 10 10 10 10 10 10 10 11 11 11 11 11 11 0 0 0 0 26 25 25 25 25 25 25 25 25 25 25 25 25 25 25 25 26 0 0 0 37 0 0 0 0 0 0 0 0 20 19 19 19 19 19 19 19 19 19 19 19 19 19 19 19 19 19 20 0 0 0 0 0 0 0 0 0 0 0 0 0 0 0 0 0 0 0 0 0 0 0 0 37 37 0 0 0 0 0 0 0 0 0 0 0 0 0 0 
0 0 0 0 0 0 0 0 0 0 0 0 0 0 0 0 37 37 0 0 0 0 0 0 0 0 0 0 0 0 0 0 0 0 0 0 0 8 7 7 7 7 7 7 7 7 7 7 7 7 7 8 11 10 10 10 11 11 11 11 11 11 10 10 10 10 10 10 0 0 0 0 26 25 25 25 25 25 25 25 25 25 25 25 25 25 25 25 26 0 0 0 37 0 0 0 0 0 0 0 0 20 19 19 19 19 19 19 19 19 19 19 19 19 19 19 19 19 19 19 20 0 0 0 0 0 0 0 0 0 0 0 0 0 0 0 0 0 0 0 0 0 0 37 37 0 0 0 0 0 0 0 0 0 0 0 0 0 0 0 
0 0 0 0 0 0 0 0 0 0 0 0 0 0 0 0 0 37 0 0 0 0 0 0 0 0 0 0 0 0 0 0 0 0 0 0 0 8 7 7 7 7 7 7 7 7 7 7 7 7 7 8 10 11 11 11 10 10 10 10 10 10 9 9 9 9 9 10 0 0 0 26 25 25 25 25 25 25 25 25 25 25 25 25 25 25 25 25 26 0 0 0 37 37 0 0 0 0 0 0 0 20 19 19 19 19 19 19 19 19 19 19 19 19 19 19 19 19 19 19 20 0 0 0 0 0 0 0 0 0 0 0 0 0 0 0 0 0 0 0 0 0 0 37 0 0 0 0 0 0 0 0 0 0 0 0 0 0 0 0 
0 0 0 0 0 0 0 0 0 0 0 0 0 0 0 0 0 37 37 0 0 0 0 0 0 0 0 0 0 0 0 0 0 0 0 0 8 7 7 7 7 7 7 7 7 7 7 7 7 7 7 8 10 10 10 10 9 9 9 9 9 9 9 9 9 9 9 9 10 0 0 26 25 25 25 25 25 25 25 25 25 25 25 25 25 25 25 26 0 0 0 0 0 37 0 0 0 0 0 0 0 0 20 19 19 19 19 19 19 19 19 19 19 19 19 19 19 19 19 20 0 0 0 0 0 0 0 0 0 0 0 0 0 0 0 0 0 0 0 0 0 0 37 37 0 0 0 0 0 0 0 0 0 0 0 0 0 0 0 0 
0 0 0 0 0 0 0 0 0 0 0 0 0 0 0 0 0 0 37 0 0 0 0 0 0 0 0 0 0 0 0 0 0 0 0 0 8 7 7 7 7 7 7 7 7 7 7 7 7 7 7 8 10 9 9 9 9 9 9 9 9 9 9 9 9 9 9 9 10 0 0 0 26 25 25 25 25 25 25 25 25 25 25 25 25 25 25 26 0 0 0 0 0 37 0 0 0 0 0 0 0 0 20 19 19 19 19 19 19 19 19 19 19 19 19 19 19 19 20 20 0 0 0 0 0 0 0 0 0 0 0 0 0 0 0 0 0 0 0 0 0 37 37 0 0 0 0 0 0 0 0 0 0 0 0 0 0 0 0 0 
0 0 0 0 0 0 0 0 0 0 0 0 0 0 0 0 0 0 37 37 0 0 0 0 0 0 0 0 0 0 0 0 0 0 0 0 0 8 7 7 7 7 7 7 7 7 7 7 7 7 7 8 10 9 9 9 9 9 9 9 9 9 9 9 9 9 9 9 10 0 0 0 26 25 25 25 25 25 25 25 25 25 25 25 25 25 26 0 0 0 0 0 0 37 0 0 0 0 0 0 0 0 0 20 19 19 19 19 19 19 19 19 19 19 19 19 19 20 0 20 0 0 0 0 0 0 0 0 0 0 0 0 0 0 0 0 0 0 0 0 0 37 0 0 0 0 0 0 0 0 0 0 0 0 0 0 0 0 0 0 
0 0 0 0 0 0 0 0 0 0 0 0 0 0 0 0 0 0 0 37 0 0 0 0 0 0 0 0 0 0 0 0 0 0 0 0 0 0 8 7 7 7 7 7 7 7 7 7 7 7 7 8 10 9 9 9 9 9 9 9 9 9 9 9 9 9 9 9 9 10 0 0 0 26 25 25 25 25 25 25 25 25 25 25 25 25 26 0 0 0 0 0 0 37 37 0 0 0 0 0 0 0 0 0 20 19 20 20 19 19 19 19 19 19 19 19 20 20 0 0 0 0 0 0 0 0 0 0 0 0 0 0 0 0 0 0 0 0 0 0 37 37 0 0 0 0 0 0 0 0 0 0 0 0 0 0 0 0 0 0 
0 0 0 0 0 0 0 0 0 0 0 0 0 0 0 0 0 0 0 37 37 0 0 0 0 0 0 0 37 37 37 37 37 37 37 37 37 37 8 7 7 7 7 7 7 7 7 7 7 7 7 8 10 9 9 9 9 9 9 9 9 9 9 9 9 9 9 9 9 10 0 0 0 0 26 25 25 25 25 25 25 25 25 25 25 25 26 0 0 0 0 0 0 0 37 0 0 0 0 0 0 0 0 0 0 20 0 0 20 19 19 20 20 19 19 20 0 0 0 0 0 0 0 0 0 0 0 0 0 0 0 0 0 0 0 0 0 0 0 0 37 0 0 0 0 0 0 0 0 0 0 0 0 0 0 0 0 0 0 0 
0 0 0 0 0 0 0 0 0 0 0 0 0 0 0 0 0 0 0 37 37 37 37 37 37 37 37 37 37 0 0 0 0 0 0 0 0 0 0 8 7 7 7 7 7 7 7 7 7 7 7 8 10 9 9 9 9 9 9 9 9 9 9 9 9 9 9 9 9 9 10 0 0 0 0 26 25 25 25 25 25 25 25 26 25 26 0 0 0 0 0 0 0 0 37 0 0 0 0 0 0 0 0 0 0 0 0 0 0 20 20 0 0 20 20 0 0 0 0 0 0 0 0 0 0 0 0 0 0 0 0 0 0 0 0 0 0 0 0 37 37 0 0 0 0 0 0 0 0 0 0 0 0 0 0 0 0 0 0 0 
0 0 0 0 0 0 0 0 0 0 37 37 37 37 37 37 37 37 37 37 37 0 0 0 0 0 0 0 0 0 0 0 0 0 0 0 0 0 0 8 7 7 7 7 7 7 7 7 7 7 7 8 10 9 9 9 9 9 9 9 9 9 9 9 9 9 9 9 9 9 10 0 0 0 0 0 26 25 25 25 25 25 26 0 26 0 0 0 0 0 0 0 0 0 37 0 0 0 0 0 0 0 0 0 0 0 0 0 0 0 0 0 0 20 0 0 0 0 0 0 0 0 0 0 0 0 0 0 0 0 0 0 0 0 0 0 0 0 37 37 0 0 0 0 0 0 0 0 0 0 0 0 0 0 0 0 0 0 0 0 
0 37 37 37 37 37 37 37 37 37 37 0 0 0 0 0 0 0 0 0 37 37 0 0 0 0 0 0 0 0 0 0 0 0 0 0 0 0 0 0 8 7 7 7 7 7 7 7 7 7 7 8 10 9 9 9 9 9 9 9 9 9 9 9 9 9 9 9 9 9 10 37 0 0 0 0 0 26 25 25 25 26 0 0 0 0 0 0 0 0 0 0 0 0 37 37 0 0 0 0 0 0 0 0 0 0 0 0 0 0 0 0 0 0 0 0 0 0 0 0 0 0 0 0 0 0 0 0 0 0 0 0 0 0 0 0 0 0 37 0 0 0 0 0 0 0 0 0 0 0 0 0 0 0 0 0 0 0 0 0 
37 37 0 0 0 0 0 0 0 0 0 0 0 0 0 0 0 0 0 0 0 37 0 0 0 0 0 0 0 0 0 0 0 0 0 0 0 0 0 0 8 7 7 7 7 7 7 7 7 7 7 8 10 9 9 9 9 9 9 9 9 9 9 9 9 9 9 9 9 10 0 37 37 37 0 0 0 0 26 26 26 37 37 0 0 0 0 0 0 0 0 0 0 0 0 37 0 0 0 0 0 0 0 0 0 0 0 0 0 0 0 0 0 0 0 0 0 0 0 0 0 0 0 0 0 0 0 0 0 0 0 0 0 0 0 0 0 37 37 0 0 0 0 0 0 0 0 0 0 0 0 0 37 37 37 37 37 37 37 37 
0 0 0 0 0 0 0 0 0 0 0 0 0 0 0 0 0 0 0 0 0 37 37 0 0 0 0 0 0 0 0 0 0 0 0 0 0 0 0 0 0 8 8 8 7 7 7 7 7 7 7 8 10 9 9 9 9 9 9 9 9 9 9 9 9 9 9 9 9 10 0 0 0 37 37 37 0 0 0 0 0 0 37 37 0 0 0 0 0 0 0 0 0 0 0 37 0 0 0 0 0 0 0 0 0 19 0 0 0 0 0 0 0 0 0 0 0 0 0 0 0 0 0 0 0 0 0 0 0 0 0 0 0 0 0 0 37 37 0 0 0 0 0 37 37 37 37 37 37 37 37 37 37 0 0 0 0 0 0 0 
0 0 0 0 0 0 0 0 0 0 0 0 0 0 0 0 0 0 0 0 0 0 37 0 0 0 0 0 0 0 0 0 0 0 0 0 0 0 0 0 0 0 0 0 8 7 7 7 7 7 7 8 10 9 9 9 9 9 9 9 9 9 9 9 9 9 9 9 9 10 0 0 0 0 0 37 37 37 0 0 0 0 0 37 37 0 0 0 0 0 0 0 0 0 0 37 0 0 0 0 0 19 0 0 19 18 19 0 0 0 0 0 0 0 0 0 0 0 0 0 0 0 0 0 0 0 0 0 0 0 0 0 0 37 37 37 37 37 37 37 37 37 37 37 0 0 0 0 0 0 0 0 0 0 0 0 0 0 0 0 
0 0 0 0 0 0 0 0 0 0 0 0 0 0 0 0 0 0 0 0 0 0 37 37 0 0 0 0 0 0 0 0 0 0 0 0 0 0 0 0 0 0 0 0 0 8 8 7 7 7 7 8 10 9 9 9 9 9 9 9 9 9 9 9 9 9 9 9 10 0 0 0 0 0 0 0 0 37 37 37 0 0 0 0 37 37 0 0 0 0 0 0 0 0 0 37 37 0 0 0 0 19 19 19 18 18 18 19 19 0 0 0 0 0 0 0 0 0 0 0 0 0 0 0 37 37 37 37 37 37 37 37 37 37 0 37 37 0 0 0 0 0 0 0 0 0 0 0 0 0 0 0 0 0 0 0 0 0 25 25 
25 0 0 0 0 0 0 0 0 0 0 0 0 0 0 0 0 0 0 0 0 0 0 37 0 0 0 0 0 0 0 0 0 0 0 0 0 0 0 0 0 0 0 0 0 0 0 8 7 7 7 8 10 9 9 9 9 9 9 9 9 9 9 9 9 9 9 9 10 0 0 0 0 0 0 0 0 0 0 37 37 0 0 0 0 37 37 0 0 0 0 0 0 0 0 0 37 0 0 0 0 19 18 18 18 18 18 18 18 19 19 19 19 0 0 37 37 37 37 37 37 37 37 37 37 0 0 0 0 0 0 0 0 0 0 37 0 0 0 0 0 0 0 0 0 0 0 0 0 0 0 0 0 16 0 25 25 25 24 24 
24 25 25 25 25 25 0 0 0 0 0 0 0 0 0 0 0 0 0 0 0 0 0 37 37 0 0 0 0 0 0 0 0 0 0 0 0 0 0 0 0 0 0 0 0 0 0 0 8 7 7 8 10 9 9 9 9 9 9 9 9 9 9 9 9 9 9 10 0 0 0 0 0 0 0 0 0 0 0 0 37 37 37 0 0 0 37 0 0 0 0 0 0 0 0 0 0 0 0 0 19 18 18 18 18 18 18 18 18 18 18 18 18 19 37 37 0 0 0 0 0 0 0 0 0 0 0 0 0 0 0 0 0 0 37 37 0 0 0 0 0 0 0 0 0 0 0 0 0 0 0 0 16 15 16 25 24 24 24 24 
24 24 24 24 24 25 0 0 0 0 0 0 0 0 0 0 0 0 0 0 0 0 0 0 37 0 0 0 0 0 0 0 0 0 0 0 0 0 0 0 0 0 0 0 0 0 0 0 0 8 8 8 10 9 9 9 9 9 9 9 9 9 9 9 9 9 10 0 0 0 0 0 0 0 0 0 0 0 0 0 0 0 37 37 37 0 37 37 0 0 0 0 0 0 0 0 0 37 37 19 18 18 18 18 18 18 18 18 18 18 18 18 18 18 19 0 0 0 0 0 0 0 0 0 0 0 0 0 0 0 0 0 0 37 37 0 0 0 0 0 0 0 0 0 0 0 0 0 0 16 16 16 15 15 16 25 24 24 24 24 
24 24 24 24 24 24 25 0 0 0 0 0 0 0 0 0 0 0 0 0 0 0 0 0 37 37 0 0 0 0 0 0 0 0 0 0 0 0 0 0 0 0 0 0 0 0 0 0 0 0 0 0 0 10 9 9 9 9 9 9 9 9 9 9 9 9 10 0 0 0 0 0 0 0 0 0 0 0 0 0 0 0 0 0 37 37 37 37 37 37 37 37 37 37 37 37 37 37 0 19 18 18 18 18 18 18 18 18 18 18 18 18 18 18 18 19 0 0 0 0 0 0 0 0 0 0 0 0 0 0 0 0 0 37 0 0 0 0 0 0 0 0 0 0 0 0 0 16 16 15 15 15 15 15 16 25 24 24 24 24 
24 24 24 24 24 24 24 25 0 0 0 0 0 0 0 0 0 0 0 0 0 0 0 0 0 37 0 0 0 0 0 0 0 0 0 0 0 0 0 0 0 0 0 0 0 0 0 0 0 0 0 0 0 0 10 9 9 9 9 9 9 9 9 9 10 10 0 0 0 0 0 0 0 0 0 0 0 0 37 37 37 37 37 37 37 37 37 37 37 0 0 0 0 0 0 0 0 0 19 18 18 18 18 18 18 18 18 18 18 18 18 18 18 18 18 19 37 37 0 0 0 0 0 0 0 0 0 0 0 0 0 0 37 37 0 0 0 0 0 0 0 0 0 0 0 0 16 15 15 15 15 15 15 15 16 25 24 24 24 24 
24 24 24 24 24 24 24 24 25 0 0 0 0 0 0 0 0 0 0 0 0 0 0 0 0 37 37 0 0 0 0 0 0 0 0 0 0 0 0 0 0 0 0 0 0 0 0 0 0 0 0 0 0 0 0 10 9 9 9 10 10 10 10 10 0 0 0 0 0 37 37 37 37 37 37 37 37 37 37 0 0 0 0 0 0 0 0 0 37 37 37 0 0 0 0 0 0 19 18 18 18 18 18 18 18 18 18 18 18 18 18 18 18 18 18 18 19 37 0 0 0 0 0 0 0 0 0 0 0 0 0 0 37 0 0 0 0 0 0 0 0 0 0 0 0 16 15 15 15 15 15 15 15 15 16 25 24 24 24 24 
24 24 24 24 24 24 24 24 25 0 0 0 0 0 0 0 0 0 0 0 0 0 0 0 0 0 37 0 0 0 0 0 0 0 0 0 0 0 0 0 0 0 0 0 0 0 0 0 0 0 0 0 0 0 0 0 10 9 10 37 37 37 37 37 37 37 37 37 37 37 0 0 0 0 0 0 0 0 0 0 0 0 0 0 0 0 0 0 0 0 37 37 37 0 0 0 0 19 18 18 18 18 18 18 18 18 18 18 18 18 18 18 18 18 18 18 18 19 37 0 0 0 0 0 0 0 0 0 0 0 0 37 37 0 0 0 0 0 0 0 0 0 0 0 16 15 15 15 15 15 15 15 15 15 16 25 24 24 24 24 
24 24 24 24 24 24 24 24 25 0 0 0 0 0 0 0 0 0 0 0 0 0 0 0 0 0 37 37 0 0 0 0 0 0 0 0 0 0 0 0 0 0 0 0 0 0 0 0 0 0 0 0 0 0 0 0 0 10 0 37 37 0 0 0 0 0 0 0 0 0 0 0 0 0 0 0 0 0 0 0 0 0 0 0 0 0 0 0 0 0 0 0 37 37 0 0 19 18 18 18 18 18 18 18 18 18 18 18 18 18 18 18 18 18 18 18 18 18 19 37 0 0 0 0 0 0 0 0 0 0 37 37 0 0 0 0 0 0 0 0 0 0 0 16 15 15 15 15 15 15 15 15 15 15 16 25 24 24 24 24 
24 24 24 24 24 24 24 24 25 0 0 0 0 0 0 0 0 0 0 0 0 0 0 0 0 0 0 37 0 0 0 0 0 0 0 0 0 0 0 0 0 0 0 0 0 0 0 0 0 0 0 0 0 0 0 0 0 0 0 0 37 0 0 0 0 0 0 22 0 0 0 0 0 0 0 0 0 0 0 0 0 0 0 0 0 0 0 0 0 0 0 0 0 37 37 19 18 18 18 18 18 18 18 18 18 18 18 18 18 18 18 18 18 18 18 18 18 18 19 37 37 0 0 0 0 0 0 0 0 0 37 0 0 0 0 0 0 0 0 0 0 0 0 16 15 15 15 15 15 15 15 15 15 15 16 25 24 24 24 24 
24 24 24 24 24 24 24 24 25 0 0 0 0 0 0 0 0 0 0 0 0 0 0 0 0 0 0 37 37 0 0 0 0 0 0 0 0 0 0 0 0 0 0 0 0 0 0 0 0 0 0 0 0 0 0 0 0 0 0 0 37 0 22 22 0 0 22 21 22 22 0 0 0 0 0 0 0 0 0 0 0 0 0 0 0 0 0 0 0 0 0 0 0 0 0 19 18 18 18 18 18 18 18 18 18 18 18 18 18 18 18 18 18 18 18 18 18 18 18 19 37 37 0 0 0 0 0 0 0 37 37 0 0 0 0 0 0 0 0 0 0 0 16 15 15 15 15 15 15 15 15 15 15 15 16 25 24 24 24 24 
24 24 24 24 24 24 24 24 25 0 0 0 0 0 0 0 0 0 0 0 0 0 0 14 0 0 0 0 37 0 0 0 0 0 0 0 0 0 0 0 0 0 0 0 0 0 0 0 0 0 0 0 0 0 0 0 0 0 0 0 37 22 21 21 22 22 21 21 21 21 22 22 0 0 0 0 0 0 0 0 0 0 0 0 0 0 0 0 0 0 0 0 0 0 19 18 18 18 18 18 18 18 18 18 18 18 18 18 18 18 18 18 18 18 18 18 18 18 18 18 19 7 37 7 0 0 0 0 37 37 0 0 0 0 0 0 0 0 0 0 0 0 16 15 15 15 15 15 15 15 15 15 15 15 16 25 24 24 24 24 
24 24 24 24 24 24 24 24 24 25 0 0 0 0 0 0 0 14 14 14 14 14 14 13 14 14 0 14 37 0 0 0 0 0 0 0 0 0 0 0 0 0 0 0 0 0 0 0 0 0 0 0 0 0 0 0 0 0 0 0 22 21 21 21 21 21 21 21 21 21 21 21 22 0 0 0 0 0 0 0 0 0 0 0 0 0 0 0 0 0 0 0 0 0 19 18 18 18 18 18 18 18 18 18 18 18 18 18 18 18 18 18 18 18 18 18 18 18 18 18 19 7 7 6 7 0 0 0 37 0 0 0 0 0 0 0 0 0 0 0 0 0 16 15 15 15 15 15 15 15 15 15 15 15 16 25 24 24 24 24 
24 24 24 24 24 24 24 24 24 25 0 0 0 0 0 0 14 13 13 13 13 13 13 13 13 13 14 13 14 36 0 0 0 0 0 0 0 0 0 0 0 0 0 0 0 0 0 0 0 0 0 0 0 0 0 0 0 0 0 0 22 21 21 21 21 21 21 21 21 21 21 21 21 22 0 0 0 0 0 0 0 0 0 0 0 0 0 0 0 0 0 0 0 0 19 18 18 18 18 18 18 18 18 18 18 18 18 18 18 18 18 18 18 18 18 18 18 18 18 19 7 6 6 6 6 7 0 37 37 0 0 0 0 0 0 0 0 0 0 0 0 0 16 15 15 15 15 15 15 15 15 15 15 15 16 25 24 24 24 24 
24 24 24 24 24 24 24 24 24 25 0 0 0 0 0 14 13 13 13 13 13 13 13 13 13 13 13 13 14 36 36 36 36 0 0 0 0 0 0 0 0 0 0 0 0 0 0 0 0 0 0 0 0 0 0 0 0 0 0 0 22 21 21 21 21 21 21 21 21 21 21 21 21 21 22 0 0 0 0 0 0 0 0 0 0 0 0 0 0 0 0 0 0 0 0 19 18 18 19 19 19 19 19 19 19 18 18 18 18 18 18 18 19 19 19 19 19 18 19 19 7 6 6 6 6 6 7 37 0 0 0 0 0 0 0 0 0 0 0 0 0 0 16 15 15 15 15 15 15 15 15 15 15 15 16 25 24 24 24 24 
24 24 24 24 24 24 24 24 24 25 0 0 0 0 14 13 13 13 13 13 13 13 13 13 13 13 13 13 14 36 35 35 35 36 0 0 0 0 0 0 0 0 0 0 0 0 0 0 0 0 0 0 0 0 0 0 0 0 0 22 21 21 21 21 21 21 21 21 21 21 21 21 21 21 21 22 0 0 0 0 0 0 0 0 0 0 0 0 0 0 0 0 0 0 0 0 19 19 4 4 4 4 4 4 4 19 19 19 19 19 19 19 4 4 4 4 4 19 4 7 6 6 6 6 6 6 6 7 0 0 0 0 0 0 0 0 0 0 0 0 0 16 15 15 15 15 15 15 15 15 15 15 15 15 16 25 24 24 24 24 
24 24 24 24 24 24 24 24 25 0 0 0 0 14 13 13 13 13 13 13 13 13 13 13 13 13 13 13 14 36 35 35 35 35 36 36 36 36 0 0 0 0 0 0 0 0 0 0 0 0 0 0 0 0 0 0 0 0 22 21 21 21 21 21 21 21 21 21 21 21 21 21 21 21 21 21 22 0 0 0 0 0 0 0 0 0 0 0 0 0 0 0 0 0 0 0 19 4 3 3 3 3 3 3 3 4 4 4 4 4 4 4 3 3 3 3 3 4 4 7 6 6 6 6 6 6 6 6 7 0 0 0 0 0 0 0 0 0 0 0 0 0 16 15 15 15 15 15 15 15 15 15 15 15 16 25 24 24 24 24 
24 24 24 24 24 24 24 24 25 0 0 0 14 13 13 13 13 13 13 13 13 13 13 13 13 13 13 13 14 36 35 35 35 35 35 35 35 36 0 0 0 0 0 0 0 0 0 0 0 0 0 0 0 0 0 0 0 0 22 21 21 21 21 21 21 21 21 21 21 21 21 21 21 21 21 21 22 0 0 0 0 0 0 0 0 0 0 0 0 0 0 0 0 0 0 0 4 3 3 3 3 3 3 3 3 3 3 3 3 3 3 3 3 3 3 3 3 4 7 6 6 6 6 6 6 6 6 6 6 7 0 0 0 0 0 0 0 0 0 0 0 0 16 15 15 15 15 15 15 15 15 15 15 15 16 25 24 24 24 24 
24 24 24 24 24 24 24 24 25 0 0 14 13 13 13 13 13 13 13 13 13 13 13 13 13 13 13 13 14 36 35 35 35 35 35 35 35 35 36 0 0 0 0 0 0 0 0 0 0 0 0 0 0 0 0 0 0 0 22 21 21 21 21 21 21 21 21 21 21 21 21 21 21 21 21 21 21 22 0 0 0 0 0 0 0 0 0 0 0 0 0 0 0 0 0 4 3 3 3 3 3 3 3 3 3 3 3 3 3 3 3 3 3 3 3 3 3 4 7 6 6 6 6 6 6 6 6 6 6 6 7 0 0 0 0 0 0 0 0 0 0 0 16 15 15 15 15 15 15 15 15 15 15 15 16 25 24 24 24 24 
24 24 24 24 24 24 24 25 0 0 14 13 13 13 13 13 13 13 13 13 13 13 13 13 13 13 13 13 14 36 35 35 35 35 35 35 35 35 35 36 0 0 0 0 0 0 0 0 0 0 0 0 0 0 0 0 0 22 21 21 21 21 21 21 21 21 21 21 21 21 21 21 21 21 21 21 21 22 0 0 0 0 0 0 0 0 0 0 0 0 0 0 0 0 0 4 3 3 3 3 3 3 3 3 3 3 3 3 3 3 3 3 3 3 3 3 3 4 7 6 6 6 6 6 6 6 6 6 6 6 6 7 7 3 0 0 0 0 0 0 0 16 15 15 15 15 15 15 15 15 15 15 15 15 16 25 24 24 24 24 
24 24 24 24 24 25 25 0 0 14 13 13 13 13 13 13 13 13 13 13 13 13 13 13 13 13 13 13 14 36 35 35 35 35 35 35 35 35 35 36 0 0 0 0 0 0 0 0 0 0 0 0 0 0 0 0 0 0 22 21 21 21 21 21 21 21 21 21 21 21 21 21 21 21 21 21 21 22 0 0 0 0 0 0 0 0 0 0 0 0 0 0 0 0 0 4 3 3 3 3 3 3 3 3 3 3 3 3 3 3 3 3 3 3 3 3 3 4 7 6 6 6 6 6 6 6 6 6 6 6 6 6 7 3 0 0 0 0 0 0 0 16 15 15 15 15 15 15 15 15 15 15 15 15 16 25 24 24 24 24 
24 24 24 24 25 0 0 0 14 14 13 13 13 13 13 13 13 13 13 13 13 13 13 13 13 13 13 13 14 36 35 35 35 35 35 35 35 35 35 35 36 0 0 0 0 0 0 0 0 0 0 0 0 0 0 0 0 0 22 21 21 21 21 21 21 21 21 21 21 21 21 21 21 21 21 21 22 0 0 0 0 0 0 0 0 0 0 0 0 0 0 0 0 0 0 4 3 3 3 3 3 3 3 3 3 3 3 3 3 3 3 3 3 3 3 3 3 4 7 6 6 6 6 6 6 6 6 6 6 6 6 6 7 3 3 0 3 0 0 0 0 0 16 15 15 15 15 15 15 15 15 15 15 15 16 25 24 24 24 24 
24 24 24 25 0 0 0 0 13 13 14 13 13 13 13 13 13 13 13 13 13 13 13 13 13 13 13 13 14 36 35 35 35 35 35 35 35 35 35 35 35 36 0 0 0 0 0 0 0 0 0 0 0 0 0 0 0 0 22 21 21 21 21 21 21 21 21 21 21 21 21 21 21 21 21 21 22 0 0 0 0 0 0 0 0 0 0 0 0 0 0 0 0 0 0 4 3 3 3 3 3 3 3 3 3 3 3 3 3 3 3 3 3 3 3 3 3 4 7 6 6 6 6 6 6 6 6 6 6 6 6 6 7 3 2 3 2 3 0 0 0 0 16 15 15 15 15 15 15 15 15 15 15 15 16 25 24 24 24 24 
24 24 25 0 0 13 0 13 12 12 13 14 13 13 13 13 13 13 13 13 13 13 13 13 13 13 13 13 14 36 35 35 35 35 35 35 35 35 35 35 35 36 0 0 0 0 0 0 0 0 0 0 0 0 0 0 0 0 0 22 21 21 21 21 21 21 21 21 21 21 21 21 21 21 21 21 22 0 0 0 0 0 0 0 0 0 0 0 0 0 0 0 0 0 0 4 3 3 3 3 3 3 3 3 3 3 3 3 3 3 3 3 3 3 3 3 3 4 7 6 6 6 6 6 6 6 6 6 6 6 6 6 7 3 2 2 2 2 3 0 0 0 0 16 15 15 15 15 15 15 15 15 15 15 16 25 24 24 24 24 
24 25 0 0 13 12 13 12 12 12 13 14 13 13 13 13 13 13 13 13 13 13 13 13 13 13 13 13 14 36 35 35 35 35 35 35 35 35 35 35 35 35 36 0 0 0 0 0 0 0 0 0 0 0 0 0 0 0 0 22 21 21 21 21 21 21 21 21 21 21 21 21 21 21 21 22 22 0 0 0 0 0 0 0 0 0 0 0 0 0 0 0 0 0 0 0 4 3 3 3 3 3 3 3 3 3 3 3 3 3 3 3 3 3 3 3 3 4 7 6 6 6 6 6 6 6 6 6 6 6 6 6 7 3 2 2 2 2 2 3 3 0 0 16 15 15 15 15 15 15 15 15 15 15 16 25 24 24 24 24 
25 0 0 13 12 12 12 12 12 12 13 14 13 13 13 13 13 13 13 13 13 13 13 13 13 13 13 13 14 36 35 35 35 35 35 35 35 35 35 35 35 35 36 0 0 0 0 0 0 0 0 0 0 0 0 0 0 0 0 0 22 21 21 21 21 21 21 21 21 21 21 21 21 21 22 0 0 0 0 0 0 0 0 0 0 0 0 0 0 0 0 0 0 0 0 0 4 3 3 3 3 3 3 3 3 3 3 3 3 3 3 3 3 3 3 3 3 4 7 6 6 6 6 6 6 6 6 6 6 6 6 6 7 3 2 2 2 2 2 2 2 3 0 0 16 15 15 15 15 15 15 15 15 15 16 25 24 24 24 24 
0 0 13 12 12 12 12 12 12 12 12 13 14 13 13 13 13 13 13 13 13 13 13 13 13 13 13 13 14 36 35 35 35 35 35 35 35 35 35 35 35 35 36 0 0 0 0 0 0 0 0 0 0 0 0 0 0 0 0 0 22 21 21 21 21 21 21 21 21 21 21 21 21 21 22 0 0 0 0 0 0 0 0 0 0 0 0 0 0 0 0 0 0 0 0 0 23 4 3 3 3 3 3 3 3 3 3 3 3 3 3 3 3 3 3 3 4 29 7 6 6 6 6 6 6 6 6 6 6 6 6 6 7 3 2 2 2 2 2 2 2 2 3 0 16 16 15 15 15 15 15 15 15 15 16 25 24 24 24 25 
0 13 12 12 12 12 12 12 12 12 12 13 14 13 13 13 13 13 13 13 13 13 13 13 13 13 13 13 14 36 35 35 35 35 35 35 35 35 35 35 35 35 36 0 0 0 0 0 0 0 0 0 0 0 0 0 0 0 0 0 0 22 22 21 21 21 21 21 21 21 21 21 21 21 22 0 0 0 0 0 0 0 0 0 0 0 0 0 0 0 0 0 0 0 0 23 22 23 4 4 3 4 3 3 3 3 3 3 3 3 3 3 3 3 3 4 4 29 7 6 6 6 6 6 6 6 6 6 6 6 6 6 7 3 2 2 2 2 2 2 2 3 0 0 0 0 16 15 15 15 15 15 15 15 16 25 24 25 25 0 
0 13 12 12 12 12 12 12 12 12 12 13 14 14 14 13 14 13 13 13 13 13 13 13 13 13 13 13 14 36 35 35 35 35 35 35 35 35 35 35 35 36 0 0 0 0 0 0 0 0 0 0 0 0 0 0 0 0 0 0 0 0 0 22 21 21 21 21 21 21 21 21 21 22 0 0 0 0 0 0 0 0 0 0 0 0 0 0 0 0 0 0 0 0 23 22 22 22 23 23 4 23 4 3 3 3 3 3 3 3 3 3 3 4 4 29 29 29 7 6 6 6 6 6 6 6 6 6 6 6 6 6 7 3 2 2 2 2 2 2 2 2 3 0 0 0 0 16 15 15 15 15 15 15 16 25 25 0 0 0 
13 12 12 12 12 12 12 12 12 12 12 13 34 34 34 14 34 14 14 13 13 13 13 13 13 13 13 13 14 36 35 35 35 35 35 35 35 35 35 35 36 0 0 0 0 0 0 0 0 0 0 0 0 0 0 0 0 0 0 0 0 0 0 0 22 21 21 21 21 21 22 21 22 0 0 0 0 0 0 0 0 0 0 0 0 0 0 0 0 0 0 0 0 23 22 22 22 22 22 22 23 22 23 4 3 3 3 3 3 3 3 4 4 29 29 28 28 29 7 6 6 6 6 6 6 6 6 6 6 6 6 6 7 3 2 2 2 2 2 2 2 2 2 3 0 0 0 0 16 15 15 15 16 15 16 25 0 0 0 0 
12 12 12 12 12 12 12 12 12 12 12 13 34 33 33 34 33 34 34 14 14 14 14 14 14 13 13 13 14 36 35 35 35 35 35 35 35 35 35 35 36 0 0 0 0 0 0 0 0 0 0 0 0 0 0 0 0 0 0 0 0 0 0 0 0 22 22 22 21 22 0 22 0 0 0 0 0 0 0 0 0 0 0 0 0 0 0 0 0 0 0 0 0 23 22 22 22 22 22 22 22 22 23 4 3 3 3 3 3 4 4 29 29 28 28 28 28 29 7 6 6 6 6 6 6 6 6 6 6 6 6 6 7 3 2 2 2 2 2 2 2 2 2 3 0 0 0 0 0 16 16 16 0 16 16 25 0 0 0 13 
12 12 12 12 12 12 12 12 12 12 12 13 34 33 33 33 33 33 33 34 34 34 34 34 34 14 14 14 14 36 35 35 35 35 35 35 35 35 35 35 36 0 0 0 0 0 0 0 0 0 0 0 0 0 0 0 0 0 0 0 0 0 0 0 0 37 0 0 22 0 0 0 0 0 0 0 0 0 0 0 0 0 0 0 0 0 0 0 0 0 0 0 0 23 22 22 22 22 22 22 22 22 22 23 4 4 4 4 4 29 29 28 28 28 28 28 28 29 7 6 6 6 6 6 6 6 6 6 6 6 6 6 7 3 2 2 2 2 2 2 2 2 2 2 3 0 0 0 0 0 0 0 0 0 0 0 0 13 13 12 
12 12 12 12 12 12 12 12 12 12 12 13 34 33 33 33 33 33 33 33 33 33 33 33 33 34 34 34 34 36 35 35 35 35 35 35 35 35 35 35 36 0 0 0 0 0 0 0 0 0 0 0 0 0 0 0 0 0 0 0 0 0 0 0 0 37 0 0 0 0 0 0 0 0 0 0 0 0 0 0 0 0 0 0 0 0 0 0 0 0 0 0 0 23 22 22 22 22 22 22 22 22 22 23 29 29 29 29 29 28 28 28 28 28 28 28 28 29 7 6 6 6 6 6 6 6 6 6 6 6 6 6 7 3 2 2 2 2 2 2 2 2 2 2 2 3 0 0 0 0 0 0 0 0 0 0 0 13 12 12 
12 12 12 12 12 12 12 12 12 12 12 13 34 33 33 33 33 33 33 33 33 33 33 33 33 33 33 33 34 36 35 35 35 35 35 35 35 35 35 35 35 36 0 0 0 0 0 0 0 0 0 0 0 0 0 0 0 0 0 0 0 0 0 0 0 37 37 0 0 0 0 0 0 0 0 0 0 0 0 0 0 0 0 0 0 0 0 0 0 0 0 0 23 22 22 22 22 22 22 22 22 22 22 23 29 28 28 28 28 28 28 28 28 28 28 28 28 29 7 6 6 6 6 6 6 6 6 6 6 6 6 6 7 3 2 2 2 2 2 2 2 2 2 2 2 2 3 0 0 0 0 0 0 0 0 0 0 13 12 12 
12 12 12 12 12 12 12 12 12 12 12 13 34 33 33 33 33 33 33 33 33 33 33 33 33 33 33 33 34 36 35 35 35 35 35 35 35 35 35 35 36 0 0 0 0 0 0 0 0 0 0 0 0 0 0 0 0 0 0 0 0 0 0 0 0 0 37 0 0 0 0 0 0 0 0 0 0 0 0 0 0 0 0 0 0 0 0 0 0 0 0 0 23 22 22 22 22 22 22 22 22 22 22 23 29 28 28 28 28 28 28 28 28 28 28 28 28 29 7 6 6 6 6 6 6 6 6 6 6 6 7 7 7 3 2 2 2 2 2 2 2 2 2 2 2 2 3 0 0 0 0 0 0 0 0 0 13 12 12 12 
12 12 12 12 12 12 12 12 12 12 12 13 34 33 33 33 33 33 33 33 33 33 33 33 33 33 33 33 34 36 35 35 35 35 35 35 35 35 35 36 0 0 0 0 0 0 0 0 0 0 0 0 0 0 0 0 0 0 0 0 0 0 0 0 0 0 37 0 0 0 0 0 0 0 0 0 0 0 0 0 0 0 0 0 0 0 0 0 0 0 0 0 23 22 22 22 22 22 22 22 22 22 22 23 29 28 28 28 28 28 28 28 28 28 28 28 28 29 7 6 6 6 6 6 6 7 7 7 7 7 21 21 7 3 2 2 2 2 2 2 2 2 2 2 2 2 2 3 0 0 0 0 0 0 0 0 13 12 12 12 
12 12 12 12 12 12 12 12 12 12 12 13 34 33 33 33 33 33 33 33 33 33 33 33 33 33 33 33 34 36 35 35 35 35 35 35 35 35 35 36 0 0 0 0 0 0 0 0 0 0 0 0 0 0 0 0 0 0 0 0 0 0 0 0 0 0 37 0 0 0 0 0 0 0 0 0 0 0 0 0 0 0 0 0 0 0 0 0 0 0 0 0 23 22 22 22 22 22 22 22 22 22 22 23 29 28 28 28 28 28 28 28 28 28 28 28 28 29 7 7 7 7 6 7 7 21 21 21 21 21 20 20 21 3 2 2 2 2 2 2 2 2 2 2 2 2 2 2 3 0 0 0 0 0 0 0 13 12 12 12 
12 12 12 12 12 12 12 12 12 12 12 13 34 33 33 33 33 33 33 33 33 33 33 33 33 33 33 33 34 36 35 35 35 35 35 35 35 35 36 0 0 0 0 0 0 0 0 0 0 0 0 0 0 0 0 0 0 0 0 0 0 0 0 0 0 0 37 37 0 0 0 0 0 0 0 0 0 0 0 0 0 0 0 0 0 0 0 0 0 0 0 23 22 22 22 22 22 22 22 22 22 22 22 23 29 28 28 28 28 28 28 28 28 28 28 28 28 29 21 21 21 21 7 21 21 20 20 20 20 20 20 20 21 3 2 2 2 2 2 2 2 2 2 2 2 2 2 2 3 0 0 0 0 0 0 13 12 12 12 12 
12 12 12 12 12 12 12 12 12 12 12 13 34 33 33 33 33 33 33 33 33 33 33 33 33 33 33 33 34 36 35 35 35 35 35 35 35 36 0 0 0 0 0 0 0 0 0 0 0 0 0 0 0 0 0 0 0 0 0 0 0 0 0 0 0 0 0 37 0 0 0 0 0 0 0 0 0 0 0 0 0 0 0 0 0 0 0 0 0 0 0 23 22 22 22 22 22 22 22 22 22 22 22 23 29 28 28 28 28 28 28 28 28 28 28 28 28 28 29 21 20 20 21 20 20 20 20 20 20 20 20 20 21 3 2 2 2 2 2 2 2 2 2 2 2 2 2 2 3 0 0 0 0 0 0 0 13 12 12 12 
12 12 12 12 12 12 12 12 12 12 12 13 34 33 33 33 33 33 33 33 33 33 33 33 33 33 33 33 34 36 35 35 35 35 35 35 36 0 0 0 0 0 0 0 0 0 0 0 0 0 0 0 0 0 0 0 0 0 0 0 0 0 32 0 0 0 0 37 0 0 0 0 0 0 0 0 0 0 0 0 0 0 0 0 0 0 0 0 0 0 0 0 23 22 22 22 22 22 22 22 22 22 22 23 29 28 28 28 28 28 28 28 28 28 28 28 28 29 21 20 20 20 20 20 20 20 20 20 20 20 20 20 21 3 2 2 2 2 2 2 2 2 2 2 2 2 2 2 3 0 0 0 0 0 0 0 0 13 12 12 
12 12 12 12 12 12 12 12 12 12 12 13 34 33 33 33 33 33 33 33 33 33 33 33 33 33 33 33 34 36 35 35 35 35 35 36 0 0 0 0 0 0 0 0 0 0 0 0 0 0 0 0 0 0 0 0 0 0 0 0 0 32 32 0 0 0 0 37 0 0 0 0 0 0 0 0 0 0 0 0 0 0 0 0 0 0 0 0 0 0 0 23 22 22 22 22 22 22 22 22 22 22 22 23 29 28 28 28 28 28 28 28 28 28 28 28 28 29 21 20 20 20 20 20 20 20 20 20 20 20 20 20 21 3 2 2 2 2 2 2 2 2 2 2 2 2 2 2 3 0 0 0 0 0 0 0 0 13 12 12 
12 12 12 12 12 12 12 12 12 12 12 13 34 33 33 33 33 33 33 33 33 33 33 33 33 33 33 33 34 36 35 35 35 35 36 0 0 0 0 0 0 0 0 0 0 0 0 0 0 0 0 0 0 0 0 0 0 0 0 0 32 31 31 32 0 0 0 37 0 0 0 0 0 0 0 0 0 0 0 0 0 0 0 0 0 0 0 0 0 0 0 0 23 22 22 22 22 22 22 22 22 22 22 23 29 28 28 28 28 28 28 28 28 28 28 28 28 29 21 20 20 20 20 20 20 20 20 20 20 20 20 20 20 21 3 2 2 2 2 2 2 2 2 2 2 2 2 2 3 0 0 0 0 0 0 0 0 0 13 12 
12 12 12 12 12 12 12 12 12 12 12 13 34 33 33 33 33 33 33 33 33 33 33 33 33 33 33 33 34 36 35 35 35 36 0 0 0 0 0 0 0 0 0 0 0 0 0 0 0 0 0 0 0 0 0 0 0 0 32 32 31 31 31 31 32 32 0 37 37 0 0 0 0 0 0 0 0 0 0 0 0 0 0 0 0 0 0 0 0 0 0 0 23 22 22 22 22 22 22 22 22 22 22 23 29 28 28 28 28 28 28 28 28 28 28 28 28 29 21 20 20 20 20 20 20 20 20 20 20 20 20 20 20 21 3 2 2 2 2 2 2 2 2 2 2 2 2 2 2 3 0 0 0 0 0 0 0 13 12 12 
12 12 12 12 12 12 12 12 12 12 12 13 34 33 33 33 33 33 33 33 33 33 33 33 33 33 33 33 34 36 35 35 36 0 0 0 0 0 0 0 0 0 0 0 0 0 0 0 0 0 0 0 0 0 0 0 32 32 31 31 31 31 31 31 31 31 32 0 37 0 0 0 0 0 0 0 0 0 0 0 0 0 0 0 0 0 0 0 0 0 0 0 23 22 22 22 22 22 22 22 22 22 22 23 29 28 28 28 28 28 28 28 28 28 28 28 28 29 21 20 20 20 20 20 20 20 20 20 20 20 20 20 20 20 21 3 2 2 2 2 2 2 2 2 2 2 2 2 2 3 0 0 0 0 0 0 0 0 13 12 
12 12 12 12 12 12 12 12 12 12 12 13 34 33 33 33 33 33 33 33 33 33 33 33 33 33 33 33 34 36 35 36 0 0 0 0 0 0 0 0 0 0 0 0 0 0 0 0 0 0 0 0 0 0 0 32 31 31 31 31 31 31 31 31 31 31 31 32 37 0 0 0 0 0 0 0 0 0 0 0 0 0 0 0 0 0 0 0 0 0 0 0 23 22 22 22 22 22 22 22 22 22 22 23 29 28 28 28 28 28 28 28 28 28 28 28 28 29 21 20 20 20 20 20 20 20 20 20 20 20 20 20 20 20 21 3 2 2 2 2 2 2 2 2 2 2 2 2 2 3 0 0 0 0 0 0 0 0 0 13 
12 12 12 12 12 12 12 12 12 12 13 13 34 33 33 33 33 33 33 33 33 33 33 33 33 33 33 33 34 36 36 0 0 0 0 0 0 0 0 0 0 0 0 0 0 0 0 0 0 0 0 0 0 32 32 31 31 31 31 31 31 31 31 31 31 31 31 31 32 0 0 0 0 0 0 0 0 0 0 0 0 0 0 0 0 0 0 0 0 0 0 0 23 22 22 22 22 22 22 22 22 22 22 23 29 28 28 28 28 28 28 28 28 28 28 28 28 29 21 20 20 20 20 20 20 20 20 20 20 20 20 20 20 20 20 21 3 2 2 3 3 3 3 2 2 2 2 2 3 37 37 0 0 0 0 0 0 0 0 13 
13 13 13 13 13 13 13 13 13 13 17 17 34 34 34 33 33 33 33 33 33 33 33 33 33 33 33 33 34 36 36 0 0 0 0 0 0 0 0 0 0 0 0 0 0 0 0 0 0 0 0 0 32 31 31 31 31 31 31 31 31 31 31 31 31 31 31 31 31 32 0 0 0 0 0 0 0 0 0 0 0 0 0 0 0 0 0 0 0 0 0 0 23 22 22 22 22 22 22 22 22 22 22 23 29 28 28 28 28 28 28 28 28 28 28 28 28 29 21 20 20 20 20 20 20 20 20 20 20 20 20 20 20 20 20 21 3 2 3 30 30 30 30 3 3 3 3 3 30 0 37 37 0 0 0 0 0 0 0 13 
17 17 17 17 17 17 17 17 17 17 16 16 17 17 17 34 34 34 33 33 33 33 33 33 33 33 33 33 34 36 0 0 0 0 0 0 0 0 0 0 0 0 0 0 0 0 0 0 0 0 0 0 32 31 31 31 31 31 31 31 31 31 31 31 31 31 31 31 31 31 32 0 0 0 0 0 0 0 0 0 0 0 0 0 0 0 0 0 0 0 0 0 23 22 22 22 22 22 22 22 22 22 22 23 29 28 28 28 28 28 28 28 28 28 28 28 28 29 21 20 20 20 20 20 20 20 20 20 20 20 20 20 20 20 20 20 21 3 3 30 29 29 29 30 30 30 30 3 30 30 0 37 0 0 0 0 0 0 0 17 
16 16 16 16 16 16 16 16 16 16 16 16 16 16 16 17 17 17 34 34 33 33 33 33 33 33 33 33 34 0 0 0 0 0 0 0 0 0 0 0 0 0 0 0 0 0 0 0 0 0 0 0 0 32 31 31 31 31 31 31 31 31 31 31 31 31 31 31 31 31 32 0 0 0 0 0 0 0 0 0 0 0 0 0 0 0 0 0 0 0 0 0 23 22 22 22 22 22 22 22 22 22 22 23 29 28 28 28 28 28 28 28 28 28 28 28 28 29 21 20 20 20 20 20 20 20 20 20 20 20 20 20 20 20 20 20 21 3 30 29 29 29 29 29 29 29 29 30 29 30 0 37 37 0 0 0 0 0 17 16 
16 16 16 16 16 16 16 16 16 16 16 16 16 16 16 16 16 16 17 24 34 34 34 34 33 33 33 33 34 0 0 0 0 0 0 0 0 0 0 0 0 0 0 0 0 0 0 0 0 0 0 0 0 32 31 31 31 31 31 31 31 31 31 31 31 31 31 31 31 31 31 32 0 0 0 0 0 0 0 0 0 0 0 0 0 0 0 0 0 0 0 0 0 23 23 22 22 22 22 22 22 22 22 23 29 28 28 28 28 28 28 28 28 28 28 28 28 29 21 20 20 20 20 20 20 20 20 20 20 20 20 20 20 20 20 20 21 30 29 29 29 29 29 29 29 29 29 29 29 29 30 0 37 37 0 0 0 17 16 16 
16 16 16 16 16 16 16 16 16 16 16 16 16 16 16 16 16 16 17 24 24 24 24 24 34 34 34 34 24 0 0 0 0 0 0 0 0 0 0 0 0 0 0 0 0 0 0 0 0 0 0 0 0 32 31 31 31 31 31 31 31 31 31 31 31 31 31 31 31 31 31 31 32 0 0 0 0 0 0 0 0 0 0 0 0 0 0 0 0 0 0 0 0 0 0 23 22 22 22 22 22 22 22 23 29 28 28 28 28 28 28 28 28 28 28 28 28 29 21 20 20 20 20 20 20 20 20 20 20 20 20 20 20 20 20 20 21 30 29 29 29 29 29 29 29 29 29 29 29 29 29 30 0 37 37 0 17 16 16 16 
16 16 16 16 16 16 16 16 16 16 16 16 16 16 16 16 16 16 17 24 23 23 23 23 24 24 24 34 24 0 0 0 0 0 0 0 0 0 0 0 0 0 0 0 0 0 0 0 0 0 0 0 0 0 32 31 31 31 31 31 31 31 31 31 31 31 31 31 31 31 31 31 32 0 0 0 0 0 0 0 0 0 0 0 0 0 0 0 0 0 0 0 0 0 0 23 22 22 22 22 22 22 22 23 29 29 28 28 28 28 28 28 28 28 28 29 29 29 35 21 20 20 20 20 20 20 20 20 20 20 20 20 20 20 20 20 21 30 29 29 29 29 29 29 29 29 29 29 29 29 29 30 0 0 37 17 16 16 16 16 
16 16 16 16 16 16 16 16 16 16 16 16 16 16 16 16 16 16 17 24 23 23 23 23 23 23 23 24 23 24 24 0 0 0 0 0 0 0 0 0 0 0 37 37 0 0 0 0 0 0 0 0 0 0 32 31 31 31 31 31 31 31 31 31 31 31 31 31 31 31 31 31 31 32 0 0 0 0 0 0 0 0 0 0 0 0 0 0 0 0 0 0 0 0 37 37 23 22 22 22 22 22 22 23 35 35 29 28 29 29 29 29 29 29 29 35 35 35 34 35 21 20 20 20 20 20 20 20 20 20 20 20 20 20 20 20 21 30 29 29 29 29 29 29 29 29 29 29 29 29 29 29 30 0 0 17 16 16 16 16 
16 16 16 16 16 16 16 16 16 16 16 16 16 16 16 16 16 16 17 24 23 23 23 23 23 23 23 23 23 23 24 0 0 0 0 0 0 0 0 0 0 0 37 0 0 0 0 0 0 0 0 0 0 0 0 32 31 31 31 31 31 31 31 31 31 31 31 31 31 31 31 31 31 32 0 0 0 0 0 0 0 0 0 0 0 0 0 0 0 0 0 37 37 37 37 0 0 23 22 22 22 22 22 23 35 34 35 29 35 35 35 35 35 35 35 34 34 34 34 35 21 21 20 20 20 20 20 20 20 20 20 20 21 21 21 21 21 30 29 29 29 29 29 29 29 29 29 29 29 29 29 29 30 0 0 17 16 16 16 16 
16 16 16 16 16 16 16 16 16 16 16 16 16 16 16 16 16 16 17 24 23 23 23 23 23 23 23 23 23 23 23 24 0 0 0 0 0 0 0 0 0 37 37 0 0 0 0 0 0 0 0 0 0 0 32 31 31 31 31 31 31 31 31 31 31 31 31 31 31 31 31 31 32 0 0 0 0 0 0 0 0 0 0 0 0 0 0 37 37 37 37 37 0 0 0 0 0 0 23 22 22 22 22 23 35 34 34 35 34 34 34 34 34 34 34 34 34 34 34 34 35 35 21 20 20 20 20 20 20 20 20 21 37 37 37 37 37 30 29 29 29 29 29 29 29 29 29 29 29 29 29 29 30 0 0 17 16 16 16 16 
16 16 16 16 16 16 16 16 16 16 16 16 16 16 16 16 16 16 17 24 23 23 23 23 23 23 23 23 23 23 23 23 24 0 0 0 0 0 0 0 0 37 0 0 0 0 0 0 0 0 0 0 0 0 0 32 31 31 31 31 31 31 31 31 31 31 31 31 31 31 31 31 32 0 0 0 0 0 0 0 0 0 0 37 37 37 37 37 0 0 0 0 0 0 0 0 0 0 0 23 22 22 22 23 35 34 34 34 34 34 34 34 34 34 34 34 34 34 34 34 34 35 21 20 20 20 21 21 21 21 21 37 36 36 36 36 37 30 29 29 29 29 29 29 29 29 29 29 29 29 29 29 30 0 0 0 17 16 16 16 
16 16 16 16 16 16 16 16 16 16 16 16 16 16 16 16 16 16 17 24 23 23 23 23 23 23 23 23 23 23 23 23 23 24 0 0 0 0 0 0 37 37 0 0 0 0 0 0 0 0 0 0 0 0 0 0 32 31 31 31 31 31 31 31 31 31 31 31 31 31 31 31 32 0 0 0 0 0 0 0 37 37 37 37 0 0 0 0 0 0 0 0 0 0 0 0 0 0 0 0 23 23 22 23 35 34 34 34 34 34 34 34 34 34 34 34 34 34 34 34 34 35 21 21 21 21 37 37 37 37 37 36 36 36 36 36 37 30 29 29 29 29 29 29 29 29 29 29 29 29 29 30 0 0 0 0 17 16 16 16 
16 16 16 16 16 16 16 16 16 16 16 16 16 16 16 16 16 16 17 24 23 23 23 23 23 23 23 23 23 23 23 23 23 24 0 0 0 0 0 37 37 0 0 0 0 0 0 0 0 0 0 0 0 0 0 0 32 31 31 31 31 31 31 31 31 31 31 31 31 31 32 32 0 0 0 0 37 37 37 37 37 0 0 0 0 0 0 0 0 0 0 0 0 0 0 0 0 0 0 0 0 0 23 23 35 34 34 34 34 34 34 34 34 34 34 34 34 34 34 34 34 35 37 37 37 37 36 36 36 36 36 36 36 36 36 36 37 30 29 29 29 29 29 29 29 29 29 29 29 29 29 30 0 0 0 0 17 16 16 16 
16 16 16 16 16 16 16 16 16 16 16 16 16 16 16 16 16 17 24 23 23 23 23 23 23 23 23 23 23 23 23 23 23 24 0 0 0 0 0 37 0 0 0 0 0 0 0 0 0 0 0 0 0 0 0 0 0 32 31 31 31 31 31 31 31 31 31 31 31 32 0 37 0 37 37 37 37 0 0 0 0 0 0 0 0 0 0 0 0 0 0 0 0 0 0 0 0 0 0 0 0 0 0 23 35 34 34 34 34 34 34 34 34 34 34 34 34 34 34 34 34 35 37 36 36 36 36 36 36 36 36 36 36 36 36 36 37 30 29 29 29 29 29 29 29 29 29 29 29 29 29 30 0 0 0 0 17 16 16 16 
16 16 16 16 16 16 16 16 16 16 16 16 16 16 16 17 17 6 24 23 23 23 23 23 23 23 23 23 23 23 23 23 23 24 0 0 0 0 37 37 0 0 0 0 0 0 0 0 0 0 0 0 0 0 0 0 0 0 32 31 31 31 31 31 31 31 31 31 32 37 37 37 37 37 0 0 0 0 0 0 0 0 0 0 0 0 0 0 0 0 0 0 0 0 0 0 0 0 0 0 0 0 0 23 35 34 34 34 34 34 34 34 34 34 34 34 34 34 34 34 34 35 37 36 36 36 36 36 36 36 36 36 36 36 36 36 37 30 29 29 29 29 29 29 29 29 29 29 29 29 30 0 0 0 0 0 0 17 16 16 
16 16 16 16 16 16 16 16 17 17 17 17 17 17 17 6 6 6 24 23 23 23 23 23 23 23 23 23 23 23 23 23 23 24 0 0 0 37 37 0 0 0 0 0 0 0 0 0 0 0 0 0 0 0 0 0 0 0 0 32 31 32 32 31 31 31 31 32 37 37 0 0 37 0 0 0 0 0 0 0 0 0 0 0 0 0 0 0 0 0 0 0 0 0 0 0 0 0 0 0 0 0 0 23 35 34 34 34 34 34 34 34 34 34 34 34 34 34 34 34 34 35 37 36 36 36 36 36 36 36 36 36 36 36 36 36 37 30 29 29 29 29 29 29 29 29 29 29 29 29 30 0 0 0 0 0 0 17 16 16 
17 17 17 17 17 17 17 17 6 6 6 6 6 6 6 5 5 6 24 23 23 23 23 23 23 23 23 23 23 23 23 23 23 24 0 0 0 37 0 0 0 0 0 0 0 0 0 0 0 0 0 0 0 0 0 0 0 0 0 0 32 0 37 32 32 32 31 32 0 0 0 0 37 0 0 0 0 0 0 0 0 0 0 0 0 0 0 0 0 0 0 0 0 0 0 0 0 0 0 0 0 0 0 23 35 34 34 34 34 34 34 34 34 34 34 34 34 34 34 34 34 35 37 36 36 36 36 36 36 36 36 36 36 36 36 36 37 30 29 29 29 29 29 29 29 29 29 29 29 30 0 0 0 0 0 0 0 0 17 17 
6 6 6 6 6 6 6 6 5 5 5 5 5 5 5 5 5 6 24 23 23 23 23 23 23 23 23 23 23 23 23 23 23 24 0 0 37 37 0 0 0 0 0 0 0 0 0 0 0 0 0 0 0 0 0 0 0 0 37 37 37 37 37 0 0 0 32 0 0 0 0 0 37 0 0 0 0 0 0 0 0 0 0 0 0 0 0 0 0 0 0 0 0 0 0 0 0 0 0 0 0 0 0 0 0 35 34 34 34 34 34 34 34 34 34 34 34 34 34 34 34 35 37 36 36 36 36 36 36 36 36 36 36 36 36 36 37 30 29 29 29 29 29 29 29 29 29 29 29 30 0 0 0 0 0 0 0 0 6 6 
5 5 5 5 5 5 5 5 5 5 5 5 5 5 5 5 5 6 24 23 23 23 23 23 23 23 23 23 23 23 23 23 24 0 0 0 37 0 0 0 0 0 0 0 0 0 0 0 0 0 0 0 0 0 37 37 37 37 37 0 0 0 0 0 0 0 0 0 0 0 0 0 37 37 0 0 0 0 0 0 0 0 0 0 0 0 0 0 0 0 0 0 0 0 0 0 0 0 0 0 0 0 0 0 0 0 35 34 34 34 34 34 34 34 34 34 34 34 34 34 34 35 37 36 36 36 36 36 36 36 36 36 36 36 36 36 37 30 29 29 29 29 29 29 29 29 29 29 30 0 0 0 0 0 0 0 0 0 6 5 
5 5 5 5 5 5 5 5 5 5 5 5 5 5 5 5 5 6 24 23 23 23 23 23 23 23 23 23 23 23 23 23 24 0 0 37 37 0 0 0 0 0 0 0 0 0 0 0 0 0 0 37 37 37 37 0 0 0 0 0 0 0 0 0 0 0 0 0 0 0 0 0 0 37 0 0 0 0 0 0 0 0 0 0 0 0 0 0 0 0 0 0 0 0 0 0 0 0 0 0 0 0 0 0 0 0 35 34 34 34 34 34 34 34 34 34 34 34 34 34 34 35 37 36 36 36 36 36 36 36 36 36 36 36 36 36 37 30 29 29 29 29 29 29 29 29 29 29 30 0 0 0 0 0 0 0 0 0 6 5 
5 5 5 5 5 5 5 5 5 5 5 5 5 5 5 5 5 6 24 23 23 23 23 23 23 23 23 23 23 23 23 24 0 0 37 37 0 0 0 0 0 0 0 0 0 0 0 37 37 37 37 37 0 0 0 0 0 0 0 0 0 0 0 0 0 0 0 0 0 0 0 0 0 37 0 0 0 0 0 0 0 0 0 0 0 0 0 0 0 0 0 0 0 0 0 0 0 0 0 0 0 0 0 0 0 0 35 34 34 34 34 34 34 34 34 34 34 34 34 34 34 35 37 36 36 36 36 36 36 36 36 36 36 36 36 36 37 30 29 29 29 29 29 29 29 29 29 29 30 0 0 0 0 0 0 0 0 0 6 5 
5 5 5 5 5 5 5 5 5 5 5 5 5 5 5 5 5 6 24 23 23 23 23 23 23 23 23 23 23 23 23 24 0 0 37 0 0 0 0 0 0 0 0 37 37 37 37 37 0 0 0 0 0 0 0 0 0 0 0 0 0 0 0 0 0 0 0 0 0 0 0 0 0 37 0 0 0 0 0 0 0 0 0 0 0 0 0 0 0 0 0 0 0 0 0 0 0 0 0 0 0 0 0 0 0 0 0 35 34 34 34 34 34 34 34 34 34 34 34 34 34 35 37 36 36 36 36 36 36 36 36 36 36 36 36 36 37 30 29 29 29 29 29 29 29 29 30 30 0 0 0 0 0 0 0 0 0 0 6 5 
5 5 5 5 5 5 5 5 5 5 5 5 5 5 5 5 5 6 24 23 23 23 23 23 23 23 23 23 23 23 23 24 0 37 37 0 0 0 0 0 37 37 37 37 0 0 0 0 0 0 0 0 0 0 0 0 0 0 0 0 0 0 0 0 0 0 0 0 0 0 0 0 0 37 37 0 0 0 0 0 0 0 0 0 0 0 0 0 0 0 0 0 0 0 0 0 0 0 0 0 0 0 0 0 0 0 0 0 35 34 34 34 34 34 34 34 34 34 34 34 34 35 37 36 36 36 36 36 36 36 36 36 36 36 36 36 37 30 29 29 29 29 29 29 29 30 0 0 0 0 0 0 0 0 0 0 0 0 6 5 
5 5 5 5 5 5 5 5 5 5 5 5 5 5 5 5 5 6 24 23 23 23 23 23 23 23 23 23 23 23 24 0 37 37 0 0 37 37 37 37 37 0 0 0 0 0 0 0 0 0 0 0 0 0 0 0 0 0 0 0 0 0 0 0 0 0 0 0 0 0 0 0 0 0 37 0 0 0 0 0 0 0 0 0 0 0 0 0 0 0 0 0 0 0 0 0 0 0 0 0 0 0 0 0 0 0 0 0 0 35 35 34 34 34 34 34 34 34 34 34 34 35 37 36 36 36 36 36 36 36 36 36 36 36 36 36 37 30 29 29 29 29 29 29 30 0 0 0 0 0 0 0 0 0 0 0 0 0 6 5 
5 5 5 5 5 5 5 5 5 5 5 5 5 5 5 5 5 6 24 23 23 23 23 23 23 23 23 23 23 24 24 0 37 37 37 37 37 0 0 0 0 0 0 0 0 0 0 0 0 0 0 0 0 0 0 0 0 0 0 0 0 0 0 0 0 0 0 0 0 0 0 0 0 0 37 0 0 0 0 0 0 0 0 0 0 0 0 0 0 0 0 0 0 0 0 0 0 0 0 0 0 0 0 0 0 0 0 0 0 0 0 35 35 34 34 34 34 34 34 34 34 35 37 36 36 36 36 36 36 36 36 36 36 36 36 36 37 30 29 29 29 30 29 30 0 0 0 0 0 0 0 0 0 0 0 0 0 0 6 5 
5 5 5 5 5 5 5 5 5 5 5 5 5 5 5 5 5 6 24 23 23 23 23 23 23 23 24 23 24 37 37 37 37 37 0 0 0 0 0 0 0 0 0 0 0 0 0 0 0 0 0 0 0 0 0 0 0 0 0 0 0 0 0 0 0 0 0 0 0 0 0 0 0 0 37 0 0 0 0 0 0 0 0 0 0 0 0 0 0 0 0 0 0 0 0 0 0 0 0 0 0 0 0 0 0 0 0 0 0 0 0 0 0 35 34 34 34 34 34 34 34 35 37 36 36 36 36 36 36 36 36 36 36 36 36 36 37 30 29 29 30 0 30 0 0 0 0 0 0 0 0 0 0 0 0 0 0 0 6 5 
5 5 5 5 5 5 5 5 5 5 5 5 5 5 5 5 5 6 24 23 23 23 23 23 23 24 37 24 37 37 0 37 0 0 0 0 0 0 0 0 0 0 0 0 0 0 0 0 0 0 0 0 0 0 0 0 0 0 0 0 0 0 0 0 0 0 0 0 0 0 0 0 0 0 37 37 0 0 0 0 0 0 0 0 0 0 0 0 0 0 0 0 0 0 0 0 0 0 0 0 0 0 0 0 0 0 0 0 0 0 0 0 0 0 35 35 34 34 34 34 34 35 37 36 36 36 36 36 36 36 36 36 36 36 36 36 37 30 29 30 37 37 0 0 0 0 0 0 0 0 0 0 0 0 0 0 0 0 0 6 
6 5 5 5 5 5 5 5 5 5 5 5 5 5 5 5 5 6 24 23 23 23 23 23 24 37 0 0 0 0 37 37 0 0 0 0 0 0 0 0 0 0 0 0 0 0 0 0 0 0 0 0 0 0 0 0 0 0 0 0 0 0 0 0 0 0 0 0 0 0 0 0 0 0 0 37 0 0 0 0 0 0 0 0 0 0 0 0 0 0 0 0 0 0 0 0 0 0 0 0 0 0 0 0 0 0 0 0 0 0 0 0 0 0 0 0 35 34 34 34 34 35 37 36 36 36 36 36 36 36 36 36 36 36 36 36 37 30 30 0 0 37 0 0 0 0 0 0 0 0 0 0 0 0 0 0 0 0 0 0 
0 6 5 5 5 5 5 5 5 5 5 5 5 5 5 5 5 6 24 23 23 23 23 24 0 0 0 0 0 37 37 0 0 0 0 0 0 0 0 0 0 0 0 0 0 0 0 0 0 0 0 0 0 0 0 0 0 0 0 0 0 0 0 0 0 0 0 0 0 0 0 0 0 0 0 37 0 0 0 0 0 0 0 0 0 0 0 0 0 0 0 0 0 0 0 0 0 0 0 0 0 0 0 0 0 0 0 0 0 0 0 0 0 0 0 0 0 35 34 34 34 35 37 36 36 36 36 36 36 36 36 36 36 36 36 36 37 30 0 0 0 37 37 0 0 0 0 0 0 0 0 0 0 0 0 0 0 0 0 0 
0 0 6 5 5 5 5 5 5 5 5 5 5 5 5 5 5 6 24 23 23 23 24 0 0 0 0 0 0 37 0 0 0 0 0 0 0 0 0 0 0 0 0 0 0 0 0 0 0 0 0 0 0 0 0 0 0 0 0 0 0 0 0 0 0 0 0 0 0 0 0 0 0 0 0 37 0 0 0 0 0 0 0 0 0 0 0 0 0 0 0 0 0 0 0 0 0 0 0 0 0 0 0 0 0 0 0 0 0 0 0 0 0 0 0 0 0 0 35 35 34 35 37 36 36 36 36 36 36 36 36 36 36 36 36 36 37 30 0 0 0 0 37 0 0 0 0 0 0 0 0 0 0 0 0 0 0 0 0 0 
0 0 0 6 5 5 5 5 5 5 5 5 5 5 5 5 5 6 24 23 23 24 0 0 0 0 0 0 37 37 0 0 0 0 0 0 0 0 0 0 0 0 0 0 0 0 0 0 0 0 0 0 0 0 0 0 0 0 0 0 0 0 0 0 0 0 0 0 0 0 0 0 0 0 0 37 0 0 0 0 0 0 0 0 0 0 0 0 0 0 0 0 0 0 0 0 0 0 0 0 0 0 0 0 0 0 0 0 0 0 0 0 0 0 0 0 0 0 0 0 35 35 37 36 36 36 37 37 37 36 36 36 36 36 37 37 0 0 0 0 0 0 37 37 0 0 0 0 0 0 0 0 0 0 0 0 0 0 0 0 
0 0 0 0 6 5 5 5 5 5 5 5 5 5 5 5 5 6 24 24 24 0 0 0 0 0 0 37 37 0 0 0 0 0 0 0 0 0 0 0 0 0 0 0 0 0 0 0 0 0 0 0 0 0 0 0 0 0 0 0 0 0 0 0 0 0 0 0 0 0 0 0 0 0 0 37 37 0 0 0 0 0 0 0 0 0 0 0 0 0 0 0 0 0 0 0 0 0 0 0 0 0 0 0 2 0 0 0 0 0 0 0 0 0 0 0 0 0 0 0 0 0 0 37 37 37 0 0 0 37 37 36 36 37 0 0 0 0 0 0 0 0 0 37 0 0 0 0 0 0 0 0 0 0 0 0 0 0 0 0 
0 0 0 37 37 6 5 5 6 5 6 6 5 6 5 5 6 0 0 0 0 0 0 0 0 0 0 37 0 0 0 0 0 0 0 0 0 0 0 0 0 0 0 0 0 0 0 0 0 0 0 0 0 0 0 0 0 0 0 0 0 0 0 0 0 0 0 0 0 0 0 0 0 0 0 0 37 0 0 0 0 0 0 0 0 0 0 0 0 0 0 0 0 0 0 0 0 0 0 0 0 0 0 2 1 2 0 0 0 0 0 0 0 0 0 0 0 0 0 0 0 0 0 0 0 0 0 0 0 0 0 37 37 0 0 0 0 0 0 0 0 0 0 37 37 0 0 0 0 0 0 0 0 0 0 0 0 0 0 0 
37 37 37 37 0 0 6 6 0 6 0 0 6 0 6 6 37 37 0 0 0 0 0 0 0 0 37 37 0 0 0 0 0 0 0 0 0 0 0 0 0 0 0 0 0 0 0 0 0 0 0 0 0 0 0 0 0 0 0 0 0 0 0 0 0 0 0 0 0 0 0 0 0 0 0 0 37 0 0 0 0 0 0 0 0 0 0 0 0 0 0 0 0 0 0 0 0 0 0 2 2 2 2 1 1 1 2 2 0 0 0 31 31 0 0 0 0 0 0 0 0 0 0 0 0 0 33 0 0 0 0 0 0 0 0 0 0 0 0 15 15 15 0 0 37 0 0 0 0 0 0 0 0 0 0 0 0 0 0 0 
37 0 0 0 0 0 0 0 0 0 0 0 0 0 0 0 0 37 37 0 0 0 0 0 0 0 37 0 0 0 0 0 0 0 0 0 0 0 0 0 0 0 0 0 0 0 0 0 0 0 0 0 0 0 0 0 0 0 0 0 0 0 0 0 0 0 0 0 0 0 0 0 0 0 0 0 37 0 0 0 0 0 0 0 0 0 0 0 0 0 12 12 0 0 0 0 0 2 2 1 1 1 1 1 1 1 1 1 2 31 31 30 30 31 31 0 0 0 31 31 0 0 0 0 0 33 32 33 0 0 0 0 0 0 0 33 15 15 15 14 14 14 15 0 37 37 0 0 0 0 0 0 0 0 0 0 37 37 37 37 
0 0 0 9 9 0 0 9 9 9 27 27 27 27 27 0 0 0 37 37 0 0 0 0 0 37 37 0 0 0 0 0 0 0 0 0 0 0 0 0 0 0 0 0 0 0 0 0 0 0 0 0 0 0 0 0 0 0 0 0 0 0 0 0 0 0 0 0 0 0 0 0 0 0 0 0 37 37 0 0 0 0 0 0 0 0 0 0 0 12 11 11 12 0 12 0 2 1 1 1 1 1 1 1 1 1 1 1 2 31 30 30 30 30 30 31 31 31 30 30 31 31 31 31 33 32 32 32 33 0 0 0 0 33 33 33 15 14 14 14 14 14 14 15 15 37 0 0 0 0 0 0 0 37 37 37 37 0 0 0 
0 9 9 8 8 9 9 8 8 9 27 26 26 26 26 27 0 0 0 37 0 0 0 0 37 37 0 0 0 0 0 0 0 0 0 0 0 0 0 0 0 0 0 0 0 0 0 0 0 0 0 0 0 0 0 0 0 0 0 0 0 0 0 0 0 0 0 0 0 0 0 0 0 0 0 0 0 37 0 0 0 0 0 0 0 0 0 0 12 11 11 11 11 12 12 2 1 1 1 1 1 1 1 1 1 1 1 1 2 31 30 30 30 30 30 30 30 30 30 30 30 30 30 31 33 32 32 32 32 33 33 33 33 32 32 33 15 14 14 14 14 14 14 14 14 15 0 0 0 37 37 37 37 37 0 0 0 0 0 0 
0 0 9 8 8 8 8 8 8 9 27 26 26 26 26 26 27 27 0 37 37 0 0 0 37 0 0 0 0 0 0 0 0 0 0 0 0 0 0 0 0 0 0 0 0 0 0 0 0 0 0 0 0 0 0 0 0 0 0 0 0 0 0 0 0 0 0 0 0 0 0 0 0 0 0 0 0 37 0 0 0 0 0 0 0 0 12 12 11 11 11 11 11 11 12 2 1 1 1 1 1 1 1 1 1 1 1 1 2 31 30 30 30 30 30 30 30 30 30 30 30 30 30 31 33 32 32 32 32 32 32 32 32 32 32 33 15 14 14 14 14 14 14 14 14 15 37 37 37 37 0 0 0 0 0 0 0 0 0 0 
9 9 8 8 8 8 8 8 8 9 27 26 26 26 26 26 26 26 27 0 37 37 0 37 37 0 0 0 0 0 0 0 0 0 0 0 0 0 0 0 0 0 0 0 0 0 0 0 0 0 0 0 0 0 0 0 0 0 0 0 0 0 0 0 0 0 0 0 0 0 0 0 0 0 0 0 0 37 0 0 0 0 0 0 0 12 11 11 11 11 11 11 11 11 12 2 1 1 1 1 1 1 1 1 1 1 1 1 2 31 30 30 30 30 30 30 30 30 30 30 30 30 30 31 33 32 32 32 32 32 32 32 32 32 32 33 15 14 14 14 14 14 14 14 14 15 37 0 0 0 0 0 0 0 0 0 0 0 0 0 
8 8 8 8 8 8 8 8 8 9 27 26 26 26 26 26 26 26 26 27 0 37 37 37 0 0 0 0 0 0 0 0 0 0 0 0 0 0 0 0 0 0 0 0 0 0 0 0 0 0 0 0 0 0 0 0 0 0 0 0 0 0 0 0 0 0 0 0 0 0 0 0 0 0 0 0 0 37 37 0 0 0 0 0 12 11 11 11 11 11 11 11 11 11 12 2 1 1 1 1 1 1 1 1 1 1 1 1 2 31 30 30 30 30 30 30 30 30 30 30 30 30 30 31 33 32 32 32 32 32 32 32 32 32 32 33 15 14 14 14 14 14 14 14 14 14 15 37 0 0 0 0 0 0 0 0 0 0 0 9 
8 8 8 8 8 8 8 8 8 9 27 26 26 26 26 26 26 26 26 26 27 0 37 37 0 0 0 0 0 0 0 0 0 0 0 0 0 0 0 0 0 0 0 0 0 0 0 0 0 0 0 0 0 0 0 0 0 0 0 0 0 0 0 0 0 0 0 0 0 0 0 0 0 0 0 0 0 0 37 0 0 0 0 12 11 11 11 11 11 11 11 11 11 11 12 2 1 1 1 1 1 1 1 1 1 1 1 1 2 31 30 30 30 30 30 30 30 30 30 30 30 30 30 31 33 32 32 32 32 32 32 32 32 32 32 33 15 14 14 14 14 14 14 14 14 14 14 15 0 0 0 0 0 0 0 0 0 0 9 8 
8 8 8 8 8 8 8 8 8 9 27 26 26 26 26 26 26 26 26 26 26 27 37 37 37 0 0 0 0 0 0 0 0 0 0 0 0 0 0 0 0 0 0 0 0 0 0 0 0 0 0 0 0 0 0 0 0 0 0 0 0 0 0 0 0 0 0 0 0 0 0 0 0 0 0 0 0 0 37 0 0 0 12 11 11 11 11 11 11 11 11 11 11 11 12 2 1 1 1 1 1 1 1 1 1 1 1 1 2 31 30 30 30 30 30 30 30 30 30 30 30 30 30 31 33 32 32 32 32 32 32 32 32 32 32 33 15 14 14 14 14 14 14 14 14 14 14 14 15 0 0 0 0 0 0 0 0 0 9 8 
8 8 8 8 8 8 8 8 8 9 27 26 26 26 26 26 26 26 26 26 26 26 27 0 37 0 0 0 0 0 0 0 0 0 0 0 0 0 0 0 0 0 0 0 0 0 0 0 0 0 0 0 0 0 0 0 0 0 0 0 0 0 0 0 0 0 0 0 0 0 0 0 0 0 0 0 0 0 37 0 0 12 11 11 11 11 11 11 11 11 11 11 11 11 12 2 1 1 1 1 1 1 1 1 1 1 1 1 2 31 30 30 30 30 30 30 30 30 30 30 30 30 30 31 33 32 32 32 32 32 32 32 32 32 32 33 15 14 14 14 14 14 14 14 14 14 14 14 14 15 0 0 0 0 0 0 0 9 8 8 
