    0 -1437.360    0.000  317.000    0.000   56.000    0.000    1.000    0.000 
    1 -1533.850    0.316  358.000    0.000   61.000    0.000    1.097    0.000 
    2 -1540.711    0.324  365.000    0.000   61.000    0.000    1.174    0.000 
    3 -1539.263    0.293  362.000    0.000   61.000    0.000    1.183    0.000 
    4 -1531.879    0.340  363.000    0.000   61.000    0.000    1.085    0.000 
    5 -1543.748    0.215  366.000    0.000   59.000    0.000    1.159    0.000 
    6 -1543.056    0.230  361.000    0.000   59.000    0.000    1.159    0.000 
    7 -1541.071    0.262  364.000    0.000   59.000    0.000    1.161    0.000 
    8 -1535.388    0.332  365.000    0.000   60.000    0.000    1.120    0.000 
    9 -1546.126    0.312  363.000    0.000   59.000    0.000    1.222    0.000 
   10 -1544.458    0.270  366.000    0.000   60.000    0.000    1.268    0.000 
   11 -1548.677    0.254  363.000    0.000   58.000    0.000    1.224    0.000 
   12 -1546.583    0.227  361.000    0.000   57.000    0.000    1.214    0.000 
   13 -1536.261    0.160  364.000    0.000   59.000    0.000    1.154    0.000 
   14 -1541.436    0.273  370.000    0.000   59.000    0.000    1.154    0.000 
   15 -1536.405    0.262  365.000    0.000   60.000    0.000    1.201    0.000 
   16 -1539.835    0.336  363.000    0.000   58.000    0.000    1.204    0.000 
   17 -1538.171    0.340  362.000    0.000   57.000    0.000    1.212    0.000 
   18 -1542.901    0.250  368.000    0.000   58.000    0.000    1.325    0.000 
   19 -1539.919    0.262  367.000    0.000   58.000    0.000    1.266    0.000 
   20 -1545.887    0.250  363.000    0.000   58.000    0.000    1.317    0.000 
   21 -1540.864    0.301  364.000    0.000   59.000    0.000    1.274    0.000 
   22 -1526.901    0.297  366.000    0.000   63.000    0.000    1.154    0.000 
   23 -1535.578    0.422  366.000    0.000   62.000    0.000    1.111    0.000 
   24 -1535.075    0.355  369.000    0.000   61.000    0.000    1.120    0.000 
   25 -1537.393    0.305  367.000    0.000   61.000    0.000    1.224    0.000 
   26 -1539.611    0.293  368.000    0.000   59.000    0.000    1.212    0.000 
   27 -1532.809    0.227  368.000    0.000   61.000    0.000    1.213    0.000 
   28 -1540.414    0.293  369.000    0.000   58.000    0.000    1.146    0.000 
   29 -1545.166    0.242  363.000    0.000   56.000    0.000    1.144    0.000 
   30 -1540.833    0.258  365.000    0.000   57.000    0.000    1.147    0.000 
   31 -1540.785    0.293  366.000    0.000   58.000    0.000    1.096    0.000 
   32 -1544.814    0.309  367.000    0.000   58.000    0.000    1.209    0.000 
   33 -1532.856    0.332  368.000    0.000   60.000    0.000    1.160    0.000 
   34 -1522.777    0.305  366.000    0.000   61.000    0.000    1.224    0.000 
   35 -1532.415    0.316  359.000    0.000   60.000    0.000    1.216    0.000 
   36 -1534.884    0.344  361.000    0.000   59.000    0.000    1.148    0.000 
   37 -1539.628    0.285  360.000    0.000   57.000    0.000    1.164    0.000 
   38 -1530.940    0.379  363.000    0.000   58.000    0.000    1.101    0.000 
   39 -1528.615    0.328  371.000    0.000   58.000    0.000    1.202    0.000 
   40 -1537.669    0.293  362.000    0.000   58.000    0.000    1.161    0.000 
   41 -1528.940    0.305  368.000    0.000   60.000    0.000    1.159    0.000 
   42 -1537.418    0.324  369.000    0.000   59.000    0.000    1.161    0.000 
   43 -1529.329    0.336  363.000    0.000   61.000    0.000    1.214    0.000 
   44 -1530.609    0.352  365.000    0.000   60.000    0.000    1.206    0.000 
   45 -1537.491    0.336  371.000    0.000   59.000    0.000    1.128    0.000 
   46 -1532.393    0.352  367.000    0.000   61.000    0.000    1.236    0.000 
   47 -1541.554    0.336  365.000    0.000   59.000    0.000    1.067    0.000 
   48 -1534.941    0.320  357.000    0.000   59.000    0.000    1.085    0.000 
   49 -1533.629    0.367  363.000    0.000   61.000    0.000    1.093    0.000 
   50 -1535.597    0.340  362.000    0.000   60.000    0.000    1.060    0.000 
   51 -1540.414    0.371  369.000    0.000   58.000    0.000    1.055    0.000 
   52 -1540.736    0.355  362.000    0.000   59.000    0.000    1.060    0.000 
   53 -1528.589    0.270  373.000    0.000   61.000    0.000    1.153    0.000 
   54 -1534.093    0.328  367.000    0.000   61.000    0.000    1.106    0.000 
   55 -1530.413    0.340  362.000    0.000   61.000    0.000    1.127    0.000 
   56 -1529.157    0.336  368.000    0.000   62.000    0.000    1.152    0.000 
   57 -1536.170    0.309  363.000    0.000   60.000    0.000    1.110    0.000 
   58 -1536.667    0.316  370.000    0.000   60.000    0.000    1.110    0.000 
   59 -1531.107    0.355  371.000    0.000   61.000    0.000    1.151    0.000 
   60 -1538.677    0.324  364.000    0.000   60.000    0.000    1.110    0.000 
   61 -1532.451    0.320  372.000    0.000   60.000    0.000    1.128    0.000 
   62 -1543.617    0.301  367.000    0.000   59.000    0.000    1.222    0.000 
   63 -1537.074    0.277  370.000    0.000   60.000    0.000    1.266    0.000 
   64 -1542.945    0.309  367.000    0.000   59.000    0.000    1.343    0.000 
   65 -1544.110    0.230  366.000    0.000   59.000    0.000    1.266    0.000 
   66 -1537.965    0.281  364.000    0.000   60.000    0.000    1.274    0.000 
   67 -1542.157    0.281  362.000    0.000   60.000    0.000    1.290    0.000 
   68 -1536.424    0.312  366.000    0.000   60.000    0.000    1.274    0.000 
   69 -1537.003    0.246  365.000    0.000   59.000    0.000    1.343    0.000 
   70 -1539.795    0.262  364.000    0.000   60.000    0.000    1.164    0.000 
   71 -1527.911    0.316  365.000    0.000   61.000    0.000    1.268    0.000 
   72 -1540.467    0.336  361.000    0.000   60.000    0.000    1.110    0.000 
   73 -1533.094    0.277  372.000    0.000   63.000    0.000    1.073    0.000 
   74 -1535.693    0.355  367.000    0.000   61.000    0.000    1.080    0.000 
   75 -1538.443    0.336  367.000    0.000   61.000    0.000    1.106    0.000 
   76 -1540.794    0.293  354.000    0.000   58.000    0.000    1.111    0.000 
   77 -1541.066    0.281  364.000    0.000   60.000    0.000    1.124    0.000 
   78 -1535.417    0.293  365.000    0.000   62.000    0.000    1.157    0.000 
   79 -1531.003    0.242  373.000    0.000   62.000    0.000    1.082    0.000 
   80 -1532.511    0.312  365.000    0.000   61.000    0.000    1.134    0.000 
   81 -1519.463    0.340  362.000    0.000   61.000    0.000    1.256    0.000 
   82 -1531.275    0.359  362.000    0.000   60.000    0.000    1.272    0.000 
   83 -1526.139    0.340  363.000    0.000   62.000    0.000    1.178    0.000 
   84 -1535.814    0.324  366.000    0.000   60.000    0.000    1.265    0.000 
   85 -1533.377    0.289  366.000    0.000   61.000    0.000    1.212    0.000 
   86 -1529.697    0.355  361.000    0.000   61.000    0.000    1.108    0.000 
   87 -1524.082    0.320  367.000    0.000   62.000    0.000    1.000    0.000 
   88 -1521.387    0.316  368.000    0.000   62.000    0.000    1.080    0.000 
   89 -1523.965    0.316  371.000    0.000   62.000    0.000    1.108    0.000 
   90 -1523.608    0.367  369.000    0.000   62.000    0.000    1.131    0.000 
   91 -1518.758    0.355  366.000    0.000   62.000    0.000    1.203    0.000 
   92 -1533.146    0.332  371.000    0.000   59.000    0.000    1.351    0.000 
   93 -1526.893    0.305  367.000    0.000   61.000    0.000    1.283    0.000 
   94 -1536.204    0.305  369.000    0.000   58.000    0.000    1.207    0.000 
   95 -1524.667    0.363  370.000    0.000   60.000    0.000    1.261    0.000 
   96 -1520.495    0.305  364.000    0.000   61.000    0.000    1.263    0.000 
   97 -1532.795    0.367  364.000    0.000   59.000    0.000    1.265    0.000 
   98 -1536.698    0.316  367.000    0.000   60.000    0.000    1.340    0.000 
   99 -1533.325    0.312  369.000    0.000   61.000    0.000    1.057    0.000 
  100 -1532.091    0.293  370.000    0.000   61.000    0.000    1.103    0.000 
  101 -1536.008    0.305  368.000    0.000   60.000    0.000    1.147    0.000 
  102 -1529.652    0.273  368.000    0.000   60.000    0.000    1.213    0.000 
  103 -1538.398    0.305  368.000    0.000   60.000    0.000    1.165    0.000 
  104 -1534.727    0.266  366.000    0.000   61.000    0.000    1.166    0.000 
  105 -1539.901    0.270  369.000    0.000   59.000    0.000    1.161    0.000 
  106 -1538.814    0.219  365.000    0.000   58.000    0.000    1.201    0.000 
  107 -1541.887    0.258  363.000    0.000   58.000    0.000    1.161    0.000 
  108 -1534.697    0.254  368.000    0.000   59.000    0.000    1.200    0.000 
  109 -1540.530    0.262  361.000    0.000   57.000    0.000    1.266    0.000 
  110 -1532.503    0.266  365.000    0.000   59.000    0.000    1.164    0.000 
  111 -1540.996    0.270  366.000    0.000   58.000    0.000    1.154    0.000 
  112 -1532.368    0.328  366.000    0.000   59.000    0.000    1.051    0.000 
  113 -1532.160    0.348  363.000    0.000   59.000    0.000    1.112    0.000 
  114 -1528.048    0.352  367.000    0.000   59.000    0.000    1.147    0.000 
  115 -1531.851    0.301  366.000    0.000   59.000    0.000    1.095    0.000 
  116 -1533.656    0.363  367.000    0.000   58.000    0.000    1.098    0.000 
  117 -1534.573    0.328  361.000    0.000   59.000    0.000    1.101    0.000 
  118 -1534.405    0.340  360.000    0.000   58.000    0.000    1.095    0.000 
  119 -1531.334    0.336  366.000    0.000   59.000    0.000    1.144    0.000 
  120 -1543.019    0.309  359.000    0.000   57.000    0.000    1.214    0.000 
  121 -1531.497    0.285  374.000    0.000   60.000    0.000    1.201    0.000 
  122 -1541.414    0.340  369.000    0.000   58.000    0.000    1.236    0.000 
  123 -1535.572    0.305  369.000    0.000   58.000    0.000    1.092    0.000 
  124 -1536.041    0.332  366.000    0.000   59.000    0.000    1.161    0.000 
  125 -1531.884    0.402  369.000    0.000   59.000    0.000    1.050    0.000 
  126 -1534.283    0.332  368.000    0.000   59.000    0.000    1.101    0.000 
  127 -1538.353    0.320  360.000    0.000   58.000    0.000    1.054    0.000 
  128 -1533.117    0.324  367.000    0.000   59.000    0.000    1.105    0.000 
  129 -1532.901    0.309  368.000    0.000   58.000    0.000    1.206    0.000 
  130 -1535.509    0.324  371.000    0.000   58.000    0.000    1.154    0.000 
  131 -1538.427    0.285  368.000    0.000   58.000    0.000    1.098    0.000 
  132 -1538.369    0.242  368.000    0.000   59.000    0.000    1.054    0.000 
  133 -1536.428    0.363  367.000    0.000   59.000    0.000    1.154    0.000 
  134 -1533.110    0.285  368.000    0.000   60.000    0.000    1.147    0.000 
  135 -1528.303    0.309  369.000    0.000   60.000    0.000    1.101    0.000 
  136 -1530.698    0.336  367.000    0.000   60.000    0.000    1.048    0.000 
  137 -1534.987    0.312  369.000    0.000   59.000    0.000    1.183    0.000 
  138 -1537.551    0.344  365.000    0.000   58.000    0.000    1.162    0.000 
  139 -1540.551    0.305  365.000    0.000   58.000    0.000    1.003    0.000 
  140 -1537.308    0.375  367.000    0.000   60.000    0.000    1.093    0.000 
  141 -1531.286    0.391  365.000    0.000   62.000    0.000    1.137    0.000 
  142 -1530.875    0.375  369.000    0.000   61.000    0.000    1.152    0.000 
  143 -1536.287    0.355  360.000    0.000   60.000    0.000    1.193    0.000 
  144 -1537.390    0.305  366.000    0.000   60.000    0.000    1.290    0.000 
