    0 0.000000 -55.275845 0.000000 0.000000 0.000000 0.000000 0.000000
    1 1.093216 -47.452103 1.124805 0.653035 0.000000 3.052515 0.545898
    2 1.376042 -41.157905 1.360937 0.647002 0.000000 3.442762 0.531250
    3 1.639672 -42.654607 1.383789 0.746657 0.000000 3.170176 0.573242
    4 1.562889 -63.582140 1.266992 0.704236 0.000000 3.859184 0.485352
    5 1.900000 -74.246425 1.223828 0.591644 0.000000 4.593535 0.433594
    6 1.564609 -63.717591 1.203516 0.876130 0.000000 3.853799 0.490234
    7 1.562889 -53.171007 1.203516 0.833206 0.000000 3.605526 0.520508
    8 1.641950 -57.329206 1.221289 0.856624 0.000000 3.646157 0.508789
    9 2.170608 -66.882428 1.142578 0.949998 0.000000 4.173748 0.439453
   10 3.171943 -78.221760 0.982617 0.980401 0.000000 5.401451 0.353516
   11 1.913992 -66.377024 1.104492 0.737978 0.000000 5.470295 0.389648
   12 2.884441 -56.820941 1.041016 0.766178 0.000000 4.770107 0.427734
   13 2.529822 -78.687549 1.000391 0.825736 0.000000 4.906762 0.401367
   14 2.627975 -95.908119 0.807422 0.937912 0.000000 5.552198 0.346680
   15 1.783044 -99.558172 0.936914 0.707897 0.000000 5.016981 0.377930
   16 2.264820 -82.162073 0.919141 0.966744 0.000000 5.480493 0.320312
   17 2.121320 -77.694839 1.010547 0.698793 0.000000 4.269865 0.419922
   18 3.455253 -81.068469 1.244141 0.719819 0.000000 4.728755 0.439453
   19 3.335034 -106.170143 0.906445 0.881549 0.000000 6.137499 0.336914
   20 3.597051 -112.867364 0.741406 0.822390 0.000000 7.709130 0.263672
   21 3.127499 -84.655147 0.749023 1.147967 0.000000 7.607751 0.280273
   22 2.500000 -71.640230 0.975000 0.731704 0.000000 6.050570 0.368164
   23 3.313547 -108.125285 0.733789 1.077995 0.000000 6.252915 0.319336
   24 3.162278 -104.929981 0.769336 0.759834 0.000000 7.014281 0.278320
   25 3.155817 -92.362699 0.484961 0.932190 0.000000 7.834423 0.242188
   26 3.582839 -83.611619 0.784570 1.007585 0.000000 6.593336 0.315430
   27 3.574285 -103.837673 0.954688 0.688206 0.000000 6.760864 0.323242
   28 4.362084 -125.163253 0.698242 0.790430 0.000000 7.390111 0.290039
   29 3.440456 -111.301023 0.657617 0.506158 0.000000 8.389683 0.253906
   30 4.307090 -92.391951 0.728711 0.918670 0.000000 8.105858 0.238281
   31 4.678556 -125.618627 0.601758 1.116642 0.000000 7.968827 0.233398
   32 4.503085 -117.632682 0.576367 0.891157 0.000000 8.131117 0.246094
   33 4.362084 -94.693814 0.609375 0.706125 0.000000 8.317240 0.234375
   34 4.010191 -114.004721 0.667773 1.022471 0.000000 7.740342 0.256836
   35 4.693376 -116.729117 0.749023 0.954711 0.000000 8.301138 0.249023
   36 4.003471 -107.683454 0.642383 0.893053 0.000000 7.588084 0.267578
   37 4.010191 -112.132950 0.761719 0.693813 0.000000 6.789873 0.301758
   38 4.527693 -101.020345 0.665234 0.601709 0.000000 7.238172 0.286133
   39 4.549115 -118.791264 0.510352 1.043889 0.000000 8.606369 0.220703
   40 4.693376 -116.566555 0.672852 0.674357 0.000000 8.071864 0.250977
   41 4.693376 -96.730707 0.662695 1.273746 0.000000 8.370621 0.228516
   42 4.678556 -128.759767 0.586523 0.840372 0.000000 7.823506 0.242188
   43 4.693376 -105.985356 0.665234 1.021496 0.000000 8.603807 0.234375
   44 4.512329 -105.333113 0.647461 0.884528 0.000000 8.444521 0.222656
   45 4.196559 -97.756657 0.771875 0.611772 0.000000 7.992947 0.271484
   46 3.440456 -90.894324 0.713477 0.755048 0.000000 7.854264 0.287109
   47 4.179979 -104.649813 0.627148 0.643755 0.000000 9.155062 0.246094
   48 4.512329 -109.632682 0.642383 0.800699 0.000000 8.059728 0.268555
   49 3.725259 -112.971973 0.726172 0.921225 0.000000 7.644079 0.265625
   50 4.336537 -113.121490 0.683008 0.614767 0.000000 8.293605 0.225586
   51 3.597051 -116.758351 0.865820 1.125024 0.000000 7.338265 0.262695
   52 3.582839 -112.007905 0.688086 0.968274 0.000000 7.105455 0.287109
   53 3.738929 -104.342473 0.766797 1.147927 0.000000 6.259385 0.293945
   54 3.335034 -98.764151 0.743945 0.791803 0.000000 6.366706 0.305664
   55 3.288818 -83.742451 1.086719 0.606021 0.000000 5.603001 0.380859
   56 3.224903 -111.748636 0.683008 0.846707 0.000000 6.480512 0.286133
   57 3.428571 -106.206301 0.568750 0.969080 0.000000 7.998563 0.209961
   58 3.171943 -109.309371 0.746484 0.979054 0.000000 6.841733 0.255859
   59 3.171943 -101.157673 0.726172 1.024477 0.000000 7.166077 0.287109
   60 3.162278 -102.483930 0.685547 0.765073 0.000000 7.207330 0.266602
   61 3.313547 -65.420304 1.000391 0.691058 0.000000 5.107203 0.389648
   62 2.382534 -69.957511 0.954688 0.835652 0.000000 5.642078 0.334961
   63 2.532146 -90.037673 0.916602 1.131196 0.000000 5.550911 0.348633
   64 2.512469 -72.313025 0.944531 0.968364 0.000000 5.494113 0.372070
   65 2.388122 -81.905004 1.081641 0.646128 0.000000 5.189380 0.395508
   66 1.817348 -73.040178 1.020703 0.660923 0.000000 4.613544 0.401367
   67 2.251331 -62.302612 1.317773 0.736162 0.000000 3.663337 0.547852
   68 1.646434 -13.174839 1.157813 0.857323 0.000000 3.859237 0.479492
   69 1.475127 -53.901082 1.307617 0.852825 0.000000 3.620897 0.546875
   70 1.923538 -53.694839 1.132422 0.920485 0.000000 3.975062 0.451172
   71 1.913992 -31.085623 1.119727 0.892650 0.000000 3.975950 0.467773
   72 1.564609 -42.641417 1.485352 0.678895 0.000000 3.505965 0.550781
   73 2.185242 -43.432415 1.505664 0.792147 0.000000 3.370383 0.551758
   74 3.162278 -41.566283 1.292383 0.682247 0.000000 3.204415 0.585938
   75 1.926655 -37.494775 1.391406 0.601037 0.000000 3.380002 0.559570
   76 2.299494 -36.067303 1.228906 0.784991 0.000000 3.038207 0.537109
   77 2.473388 -16.657768 1.363477 0.894771 0.000000 3.197114 0.582031
   78 2.329556 -40.637673 1.223828 0.675420 0.000000 3.121652 0.556641
   79 2.264820 -26.503065 1.437109 0.651507 0.000000 3.245234 0.573242
   80 2.227667 -38.807228 1.462500 0.904279 0.000000 3.201799 0.584961
   81 1.960959 -30.799616 1.107031 0.617346 0.000000 3.174333 0.518555
   82 1.696278 -49.983841 1.383789 0.617104 0.000000 3.233929 0.544922
   83 1.866691 -35.039778 1.287305 0.703304 0.000000 3.234519 0.542969
   84 1.554151 -45.708604 1.495508 0.748579 0.000000 3.482528 0.555664
   85 1.776130 -37.559745 1.330469 0.675385 0.000000 3.550226 0.563477
   86 1.849870 -69.505617 1.310156 0.731557 0.000000 3.631664 0.541016
   87 1.711724 -58.885891 1.305078 0.800817 0.000000 3.762767 0.500000
   88 1.257916 -73.767453 1.145117 0.567761 0.000000 3.906670 0.472656
   89 1.704457 -61.976349 1.079102 0.948650 0.000000 3.939693 0.476562
   90 1.259163 -40.645770 1.348242 1.014774 0.000000 3.409682 0.552734
   91 1.265784 -27.315322 1.360937 0.723731 0.000000 3.486333 0.533203
   92 1.170783 -36.733970 1.305078 0.707190 0.000000 3.075660 0.569336
   93 1.369932 -51.359004 1.432031 0.685562 0.000000 3.479194 0.521484
   94 1.210515 -39.279131 1.343164 0.971048 0.000000 3.365200 0.543945
   95 1.808101 -31.667709 1.317773 0.837354 0.000000 2.996750 0.564453
   96 1.328281 -47.514269 1.421875 0.868303 0.000000 3.212464 0.559570
   97 1.223641 -52.346802 1.218750 1.140526 0.000000 3.691014 0.486328
   98 1.329772 -45.953462 1.256836 0.654635 0.000000 3.324665 0.518555
   99 1.432164 -54.894743 1.066406 0.819645 0.000000 3.621678 0.490234
  100 1.276484 -46.087228 1.216211 0.792073 0.000000 3.548408 0.528320
  101 1.697885 -45.737817 1.396484 0.789164 0.000000 3.316477 0.541992
  102 1.714986 -44.000864 1.274609 0.872332 0.000000 3.389933 0.535156
  103 1.717701 -18.079120 1.383789 0.754160 0.000000 3.403924 0.562500
  104 1.498717 -63.391506 1.345703 0.834409 0.000000 3.536144 0.527344
  105 1.717701 -71.478532 1.274609 0.704015 0.000000 3.779563 0.522461
  106 1.457458 -47.735973 1.282227 0.817361 0.000000 3.486027 0.517578
  107 1.188432 -39.591773 1.200977 0.661736 0.000000 3.403552 0.495117
  108 1.438858 -60.330395 1.355859 0.626700 0.000000 3.333785 0.560547
  109 1.751010 -46.302914 1.274609 0.703048 0.000000 3.380521 0.545898
  110 1.834758 -69.297916 1.122266 0.696328 0.000000 4.511992 0.440430
  111 2.659611 -57.168142 1.079102 1.071062 0.000000 4.281105 0.427734
  112 2.305443 -77.759004 1.239062 0.916129 0.000000 4.604703 0.461914
  113 2.500000 -47.400636 1.122266 1.217289 0.000000 3.886585 0.453125
  114 2.557042 -55.824394 1.063867 1.005636 0.000000 4.496114 0.434570
  115 2.357023 -79.582127 1.124805 0.987679 0.000000 4.840880 0.399414
  116 2.121320 -64.069738 1.134961 0.908572 0.000000 4.688657 0.399414
  117 3.361547 -77.929117 0.995313 0.848440 0.000000 5.541044 0.381836
  118 2.651560 -95.817592 0.898828 0.762783 0.000000 6.436096 0.336914
  119 2.775450 -83.304340 0.822656 1.097545 0.000000 5.756772 0.329102
  120 1.932013 -52.087228 0.967383 0.908977 0.000000 4.706189 0.375000
  121 1.335935 -52.441468 1.376172 0.827523 0.000000 3.665998 0.523438
  122 1.370567 -45.799795 1.091797 1.355691 0.000000 3.592601 0.483398
  123 1.409329 -64.507239 1.434570 0.678947 0.000000 3.374709 0.567383
  124 1.636991 -39.990303 1.358398 0.881692 0.000000 3.147015 0.559570
  125 1.367578 -36.688832 1.129883 1.072868 0.000000 3.294009 0.495117
  126 1.562050 -41.399616 1.167969 1.059542 0.000000 3.163832 0.520508
  127 1.468051 -52.399616 1.333008 0.572552 0.000000 3.220284 0.585938
  128 1.638887 -46.193624 1.302539 0.614245 0.000000 3.362084 0.546875
  129 1.549722 -72.756147 1.477734 0.997770 0.000000 3.812591 0.517578
  130 1.811077 -46.400651 1.132422 0.887570 0.000000 3.872532 0.481445
  131 2.236068 -48.339751 1.221289 0.652623 0.000000 4.404393 0.469727
  132 2.173067 -71.207492 1.170508 1.307027 0.000000 4.890393 0.398438
  133 2.454525 -67.369171 1.094336 0.851470 0.000000 4.518736 0.423828
  134 2.233339 -52.151488 0.992773 0.761789 0.000000 4.674301 0.410156
  135 2.131004 -77.958573 1.109570 0.800362 0.000000 4.557905 0.439453
  136 2.500000 -84.350062 0.903906 0.880741 0.000000 5.104410 0.378906
  137 2.860712 -78.142788 1.091797 0.831868 0.000000 5.186314 0.382812
  138 2.491449 -89.374839 0.914063 0.807140 0.000000 4.865816 0.390625
  139 2.247083 -88.630158 0.898828 0.978430 0.000000 5.495452 0.373047
  140 2.899353 -49.040966 0.987695 0.800509 0.000000 4.706498 0.405273
  141 3.023243 -82.044269 1.013086 0.839444 0.000000 4.678973 0.400391
  142 3.717032 -79.794506 0.853125 1.228629 0.000000 6.726066 0.295898
  143 3.725259 -103.566245 0.784570 0.843098 0.000000 6.098707 0.323242
  144 3.440456 -91.049657 0.761719 0.935052 0.000000 7.167522 0.285156
  145 4.336537 -107.033586 0.728711 0.875250 0.000000 7.285700 0.292969
  146 4.503085 -106.520078 0.754102 0.805969 0.000000 8.413786 0.216797
  147 4.503085 -117.774947 0.548438 1.020988 0.000000 8.527883 0.214844
  148 3.890873 -112.883930 0.776953 0.782017 0.000000 7.419231 0.274414
  149 3.725259 -99.130247 0.794727 0.730485 0.000000 7.359778 0.268555
  150 3.582839 -102.506895 0.721094 1.142228 0.000000 7.484461 0.263672
  151 4.196559 -115.670739 0.815039 0.563779 0.000000 7.592297 0.290039
  152 3.582839 -101.977705 0.698242 0.788013 0.000000 8.051333 0.241211
  153 3.717032 -96.128582 0.804883 0.711340 0.000000 7.309038 0.300781
  154 3.194383 -86.858677 0.733789 1.001111 0.000000 6.483728 0.302734
  155 2.446968 -71.184232 0.975000 0.503581 0.000000 5.322036 0.375977
  156 2.343891 -77.265124 1.035938 0.717028 0.000000 4.578103 0.434570
  157 2.549510 -77.391951 0.982617 0.746760 0.000000 4.953276 0.411133
  158 2.491449 -82.313025 0.875977 0.869923 0.000000 5.533538 0.339844
  159 2.593915 -95.279131 0.878516 0.621485 0.000000 6.044804 0.337891
  160 2.760560 -83.463470 0.812500 0.921809 0.000000 5.756155 0.347656
  161 2.369903 -53.165285 1.033398 1.065426 0.000000 4.479727 0.417969
  162 2.795085 -91.434273 0.853125 1.276964 0.000000 5.143014 0.348633
  163 3.155817 -95.125285 0.886133 0.695805 0.000000 5.431312 0.352539
  164 3.362458 -95.288837 0.896289 0.597136 0.000000 5.861341 0.373047
  165 3.298113 -92.374839 0.886133 0.808747 0.000000 6.339106 0.322266
  166 3.298113 -101.302612 0.723633 0.911277 0.000000 7.246219 0.288086
  167 3.475864 -98.210937 0.837891 1.003299 0.000000 6.023584 0.303711
  168 2.454525 -74.272761 0.992773 1.016037 0.000000 5.334668 0.336914
  169 4.003471 -46.729117 1.084180 0.807966 0.000000 5.079175 0.406250
  170 3.000000 -78.358747 1.226367 0.910543 0.000000 4.524734 0.449219
  171 2.899353 -66.172896 0.947070 1.015723 0.000000 5.173134 0.365234
  172 2.343891 -72.948903 0.949609 1.031344 0.000000 5.389240 0.357422
  173 2.446968 -75.659050 1.046094 0.758318 0.000000 4.417786 0.431641
  174 3.431546 -57.812127 1.015625 0.837544 0.000000 5.165675 0.405273
  175 1.533930 -62.489974 1.132422 0.942524 0.000000 5.170314 0.405273
  176 2.096242 -62.131551 1.206055 0.887798 0.000000 4.628407 0.408203
  177 2.134375 -75.386509 1.112109 0.828959 0.000000 4.213564 0.456055
  178 2.335977 -59.611876 1.063867 0.829873 0.000000 4.350172 0.445312
  179 2.209072 -52.672005 1.030859 0.716817 0.000000 4.469270 0.446289
  180 2.446968 -67.816194 1.233984 0.746783 0.000000 4.101331 0.448242
  181 2.677542 -56.622076 1.071484 0.950679 0.000000 4.516286 0.408203
  182 2.021519 -49.842473 1.074023 0.892583 0.000000 4.777469 0.396484
  183 2.503123 -81.597032 1.000391 0.674339 0.000000 4.838228 0.411133
  184 2.322938 -59.396041 1.165430 0.895777 0.000000 4.346124 0.443359
  185 3.134984 -81.561648 1.025781 0.912472 0.000000 5.247344 0.405273
  186 2.121320 -65.430062 0.941992 1.058688 0.000000 4.747729 0.390625
  187 2.022375 -64.842370 1.129883 0.824659 0.000000 4.136328 0.433594
  188 2.036257 -73.734635 1.145117 0.507416 0.000000 4.455576 0.411133
  189 1.556113 -62.065005 1.038477 0.930287 0.000000 4.597141 0.423828
  190 1.726746 -55.487228 1.254297 0.855351 0.000000 3.690769 0.511719
  191 2.127147 -50.129877 1.274609 0.602587 0.000000 4.105641 0.453125
  192 2.368916 -63.197511 1.091797 0.762703 0.000000 4.268561 0.429688
  193 1.562889 -40.622289 1.239062 0.795748 0.000000 3.914361 0.494141
  194 1.672772 -56.735920 1.300000 0.633123 0.000000 3.707114 0.519531
  195 1.649242 -68.629117 1.114648 0.754545 0.000000 4.152640 0.464844
  196 1.955385 -45.478137 1.122266 0.711003 0.000000 4.064104 0.464844
  197 1.860521 -45.750062 1.269531 0.802924 0.000000 3.254480 0.565430
  198 2.569619 -74.750062 1.419336 0.685012 0.000000 4.122573 0.503906
  199 2.532146 -64.556746 1.020703 1.178142 0.000000 4.585154 0.401367
  200 2.885849 -76.469046 1.175586 0.710987 0.000000 4.598182 0.441406
  201 2.725155 -75.185150 1.142578 0.740218 0.000000 5.312802 0.405273
  202 3.313547 -80.835776 0.924219 0.929170 0.000000 6.372920 0.333984
  203 3.000000 -67.668142 0.812500 0.979125 0.000000 7.517143 0.277344
  204 2.532146 -104.523100 0.685547 0.970725 0.000000 6.408315 0.307617
  205 2.651650 -78.356292 0.789648 0.874804 0.000000 5.855472 0.328125
  206 2.828427 -60.119593 0.924219 0.892690 0.000000 5.804754 0.335938
  207 2.889107 -73.532896 0.949609 1.022502 0.000000 4.956522 0.357422
  208 3.440456 -96.588119 0.936914 0.911787 0.000000 5.702709 0.351562
  209 3.502186 -101.700508 0.809961 0.621524 0.000000 6.124084 0.315430
  210 3.361547 -105.903462 0.736328 0.801043 0.000000 6.070112 0.309570
  211 3.502186 -98.216218 0.695703 0.893212 0.000000 7.186472 0.284180
  212 3.298113 -115.974839 0.726172 0.561131 0.000000 6.373355 0.328125
  213 3.672846 -97.628188 0.563672 0.924391 0.000000 8.227645 0.240234
  214 4.326918 -112.290016 0.624609 1.206628 0.000000 7.807319 0.232422
  215 4.179979 -91.993229 0.675391 0.993568 0.000000 7.239661 0.284180
  216 4.031129 -94.538679 0.799805 0.504602 0.000000 7.450726 0.301758
  217 3.431546 -95.876533 0.609375 0.822590 0.000000 8.098935 0.254883
  218 4.362084 -117.897210 0.644922 0.668541 0.000000 8.064204 0.263672
  219 4.576510 -130.550062 0.525586 1.322350 0.000000 8.788788 0.208008
  220 4.336537 -122.079563 0.644922 1.118815 0.000000 8.616363 0.219727
  221 3.259601 -57.064547 0.769336 0.823999 0.000000 7.416043 0.291016
  222 2.651650 -73.503842 0.903906 0.634511 0.000000 5.112927 0.376953
  223 2.276604 -87.008796 0.875977 0.983221 0.000000 5.095706 0.390625
  224 1.932013 -73.900508 0.901367 0.819214 0.000000 5.531216 0.344727
  225 2.446968 -54.923388 1.076563 1.056809 0.000000 4.293544 0.448242
  226 2.341442 -69.305277 1.185742 0.653244 0.000000 4.123758 0.481445
  227 2.433105 -40.616729 1.150195 0.774068 0.000000 4.551115 0.449219
  228 2.002498 -42.525285 1.317773 0.684380 0.000000 3.912400 0.496094
  229 1.435552 -45.127840 1.363477 0.746691 0.000000 3.594013 0.505859
  230 1.395102 -56.907636 1.454883 0.713910 0.000000 3.538002 0.557617
  231 1.432164 -41.659050 1.190820 0.703183 0.000000 3.674795 0.490234
  232 1.636734 -61.379117 1.467578 0.841656 0.000000 2.927767 0.597656
  233 1.447719 -53.243095 1.213672 0.803681 0.000000 3.235387 0.522461
  234 1.941649 -52.712451 1.279687 0.667033 0.000000 3.298628 0.532227
  235 1.476891 -50.262451 1.122266 0.722227 0.000000 3.736189 0.486328
  236 1.369932 -52.212451 1.360937 0.765894 0.000000 3.304089 0.531250
  237 1.295319 -54.799329 1.432031 0.660510 0.000000 3.291811 0.565430
  238 1.641950 -36.408975 1.343164 0.943922 0.000000 3.341819 0.549805
  239 1.478583 -29.369877 1.462500 0.779267 0.000000 3.297201 0.603516
  240 1.937926 -71.745807 1.178125 0.929206 0.000000 3.964485 0.465820
  241 2.651560 -83.085285 1.056250 0.936065 0.000000 4.992035 0.419922
  242 3.335034 -79.369987 0.898828 0.580876 0.000000 5.615501 0.345703
  243 4.055175 -88.498870 0.764258 0.649465 0.000000 6.141650 0.337891
  244 3.030458 -102.544394 0.738867 0.636832 0.000000 6.589882 0.310547
  245 2.233306 -73.158428 0.865820 0.641745 0.000000 6.076788 0.352539
  246 1.808101 -72.545784 0.967383 0.775316 0.000000 4.997013 0.376953
  247 1.536902 -68.891506 1.084180 0.756542 0.000000 4.078203 0.461914
  248 1.309001 -47.186481 1.223828 0.732361 0.000000 3.737832 0.502930
  249 1.749286 -34.649260 1.297461 0.758241 0.000000 3.191365 0.544922
  250 1.469225 -55.182595 1.409180 0.741281 0.000000 3.447386 0.510742
  251 2.000000 -49.574839 1.239062 0.888694 0.000000 3.346756 0.515625
  252 1.276484 -54.748312 1.383789 0.747146 0.000000 3.284528 0.541992
  253 1.515438 -53.703894 1.251758 0.491586 0.000000 3.328057 0.546875
  254 1.267105 -38.376449 1.261914 0.843741 0.000000 3.330187 0.550781
  255 1.295408 -59.150062 1.320312 0.740968 0.000000 3.157236 0.553711
  256 1.432164 -49.703253 1.429492 0.666805 0.000000 3.428787 0.541016
  257 1.638887 -47.852896 1.335547 0.899125 0.000000 3.246913 0.526367
  258 1.545867 -32.950062 1.261914 0.690156 0.000000 3.111530 0.551758
  259 1.475127 -45.770343 1.386328 0.687821 0.000000 3.131239 0.573242
  260 1.910938 -36.066224 1.515820 0.657945 0.000000 3.208948 0.597656
  261 1.605609 -51.769588 1.393945 0.937209 0.000000 3.340107 0.525391
  262 1.459845 -53.619491 1.322852 0.710595 0.000000 3.199021 0.542969
  263 1.726746 -55.662451 1.404102 0.748480 0.000000 3.129440 0.585938
  264 1.626129 -31.347107 1.348242 0.939164 0.000000 3.430648 0.552734
  265 1.697885 -35.378137 1.249219 0.789969 0.000000 3.251878 0.542969
  266 2.236068 -33.024483 1.424414 0.798617 0.000000 3.265172 0.578125
  267 1.407029 -41.968860 1.416797 0.701745 0.000000 3.074272 0.576172
  268 1.790963 -56.247228 1.465039 0.817837 0.000000 3.324492 0.570312
  269 1.325236 -51.308618 1.195898 0.794501 0.000000 3.260878 0.516602
  270 1.325427 -47.188119 1.322852 0.740325 0.000000 3.204577 0.571289
  271 1.286876 -60.674883 1.348242 0.706860 0.000000 3.119323 0.580078
  272 1.515684 -32.760265 1.206055 0.870369 0.000000 3.313729 0.531250
  273 1.355669 -48.662738 1.416797 0.639904 0.000000 3.502328 0.509766
  274 1.376042 -51.107309 1.244141 0.592315 0.000000 3.458566 0.534180
  275 1.556113 -35.067147 1.452344 0.786092 0.000000 3.218705 0.556641
  276 1.820453 -66.948119 1.292383 0.662085 0.000000 3.893615 0.504883
  277 1.902630 -75.898002 1.005469 0.952378 0.000000 4.657616 0.419922
  278 2.100000 -48.851959 1.046094 0.969636 0.000000 4.375608 0.414062
  279 1.646434 -44.635730 1.241602 1.066008 0.000000 4.055058 0.485352
  280 2.270585 -35.887993 1.320312 0.853814 0.000000 3.955397 0.460938
  281 2.400980 -41.890525 1.492969 0.665130 0.000000 3.560391 0.562500
  282 2.368778 -53.390460 1.249219 0.913732 0.000000 4.014782 0.493164
  283 3.171943 -72.294635 1.038477 0.645874 0.000000 5.394484 0.404297
  284 2.918154 -77.610305 0.858203 0.695022 0.000000 5.591140 0.339844
  285 3.010399 -69.059547 1.053711 0.833605 0.000000 5.703177 0.367188
  286 2.895620 -80.130395 0.741406 1.034442 0.000000 6.662911 0.290039
  287 2.828427 -73.651130 1.000391 0.826482 0.000000 5.583907 0.370117
  288 2.593915 -64.858710 1.002930 0.684841 0.000000 4.875254 0.401367
  289 2.224998 -69.891506 0.985156 0.818730 0.000000 4.812404 0.416016
  290 2.057983 -77.339427 0.982617 0.682086 0.000000 5.457490 0.368164
  291 2.599249 -64.297656 0.832813 0.718985 0.000000 5.045930 0.397461
  292 3.361547 -79.740169 0.987695 0.916143 0.000000 5.335696 0.368164
  293 2.124193 -68.196570 0.924219 0.968127 0.000000 4.988661 0.408203
  294 1.669397 -57.126580 1.134961 0.862031 0.000000 3.814175 0.480469
  295 1.706984 -83.916019 1.107031 0.585797 0.000000 4.142789 0.426758
  296 1.369932 -37.031443 1.307617 0.782020 0.000000 4.062803 0.503906
  297 1.278985 -45.255766 1.449805 0.840782 0.000000 3.304777 0.556641
  298 1.513926 -46.365285 1.366016 0.762515 0.000000 3.104031 0.554688
  299 2.354595 -40.125783 1.333008 0.815384 0.000000 3.135779 0.568359
  300 1.325427 -47.274408 1.254297 0.686900 0.000000 3.197242 0.536133
  301 1.387392 -41.559547 1.345703 0.865744 0.000000 3.361714 0.519531
  302 1.827250 -19.057650 1.371094 1.059986 0.000000 3.707889 0.499023
  303 2.357023 -48.732692 1.188281 0.902718 0.000000 4.198659 0.453125
  304 2.775450 -53.230085 1.134961 0.603010 0.000000 4.123457 0.463867
  305 3.013575 -95.831078 0.952148 1.219188 0.000000 5.335288 0.376953
  306 2.765332 -77.885285 0.802344 0.916585 0.000000 5.617917 0.333008
  307 3.264966 -46.469148 0.774414 0.594871 0.000000 5.491616 0.364258
  308 3.475864 -113.762202 0.756641 0.792292 0.000000 6.500318 0.318359
  309 3.961621 -100.759955 0.708398 0.780278 0.000000 7.074903 0.291016
  310 3.171943 -96.186604 0.761719 0.552160 0.000000 7.099140 0.290039
  311 3.000000 -86.417696 1.030859 0.585657 0.000000 5.917857 0.369141
  312 3.428571 -103.389367 0.850586 0.925903 0.000000 6.425921 0.331055
  313 2.828427 -91.395676 0.708398 1.011853 0.000000 6.785219 0.291992
  314 4.055175 -100.833879 0.764258 1.028783 0.000000 7.044220 0.278320
  315 4.384315 -117.673085 0.677930 0.579142 0.000000 7.407243 0.256836
  316 4.412734 -125.628188 0.688086 0.840106 0.000000 7.978026 0.248047
  317 3.431546 -104.184801 0.553516 0.621221 0.000000 8.569373 0.244141
  318 3.616854 -97.448847 0.599219 0.498779 0.000000 8.072186 0.258789
  319 4.196559 -109.405234 0.632227 0.623599 0.000000 7.915473 0.258789
  320 4.512329 -122.503786 0.563672 0.798332 0.000000 9.290651 0.207031
  321 4.169999 -99.621490 0.683008 0.546790 0.000000 8.958635 0.251953
  322 4.576510 -117.734225 0.650000 0.935415 0.000000 7.794862 0.272461
  323 4.714045 -116.433841 0.596680 1.136607 0.000000 8.508939 0.221680
  324 4.512329 -103.816729 0.604297 1.497935 0.000000 8.934928 0.208984
  325 5.024938 -137.625173 0.637305 0.790059 0.000000 9.968592 0.237305
  326 5.632051 -131.672620 0.545898 1.249334 0.000000 11.422601 0.191406
  327 5.854912 -141.325285 0.533203 0.942985 0.000000 11.669839 0.165039
  328 6.029925 -131.054204 0.391016 0.982191 0.000000 11.397491 0.154297
  329 4.678556 -95.087228 0.627148 0.839319 0.000000 7.885084 0.266602
  330 4.527693 -130.316688 0.802344 0.842365 0.000000 8.177289 0.259766
  331 4.669642 -120.291567 0.670313 0.922804 0.000000 8.133637 0.244141
  332 4.844814 -116.397282 0.533203 0.831265 0.000000 8.634555 0.225586
  333 3.738929 -104.605555 0.703320 1.047790 0.000000 7.018823 0.259766
  334 4.179979 -97.842473 0.759180 1.091051 0.000000 6.785478 0.265625
  335 4.000000 -50.452281 0.807422 0.743290 0.000000 6.238963 0.317383
  336 3.313547 -103.257548 0.853125 0.848141 0.000000 6.165961 0.350586
  337 3.440456 -108.027255 0.614453 1.531725 0.000000 7.699678 0.255859
  338 3.335034 -82.506895 0.802344 0.924360 0.000000 7.036781 0.286133
  339 3.597051 -101.630976 0.794727 0.785354 0.000000 7.282482 0.269531
  340 3.616854 -86.131982 0.840430 0.753320 0.000000 6.429113 0.305664
  341 2.761340 -97.735713 0.766797 0.991544 0.000000 7.714624 0.274414
  342 3.313547 -107.908172 0.774414 1.013434 0.000000 6.685345 0.309570
  343 3.431546 -88.347926 0.695703 0.780921 0.000000 7.024821 0.279297
  344 4.740488 -96.013342 0.797266 1.031443 0.000000 6.525156 0.295898
  345 3.725259 -89.566245 0.700781 1.208714 0.000000 7.528104 0.285156
  346 3.650342 -104.511789 0.746484 1.049254 0.000000 7.623301 0.265625
  347 3.890873 -120.664586 0.657617 0.956837 0.000000 8.420858 0.267578
  348 4.196559 -116.097190 0.733789 0.455004 0.000000 8.019335 0.251953
  349 5.000000 -114.038703 0.457031 1.207143 0.000000 9.512070 0.222656
  350 4.844814 -109.106959 0.566211 0.909315 0.000000 9.115087 0.237305
  351 4.503085 -118.561811 0.733789 0.702535 0.000000 9.262599 0.239258
  352 4.336537 -110.966664 0.543359 1.104650 0.000000 9.735682 0.215820
  353 4.346135 -87.209262 0.647461 0.797915 0.000000 7.953485 0.237305
  354 2.561440 -75.247636 0.901367 0.667021 0.000000 6.099408 0.335938
  355 3.134984 -86.079120 0.972461 1.005491 0.000000 5.962999 0.374023
  356 4.002550 -94.984934 0.896289 1.055707 0.000000 7.099863 0.328125
  357 3.717032 -87.054570 0.698242 1.072935 0.000000 8.194889 0.258789
  358 3.859787 -99.459158 0.688086 1.137273 0.000000 7.569474 0.273438
  359 4.179979 -116.129225 0.647461 1.183875 0.000000 8.439202 0.231445
  360 4.055175 -120.852446 0.710938 0.569150 0.000000 7.986256 0.257812
  361 4.384315 -114.216984 0.632227 0.590027 0.000000 6.878821 0.311523
  362 4.678556 -114.512896 0.568750 0.904607 0.000000 8.334169 0.214844
  363 4.866210 -84.556759 0.680469 0.816833 0.000000 7.504197 0.249023
  364 2.773501 -57.651130 0.883594 0.923719 0.000000 5.476290 0.362305
  365 2.264820 -93.399616 0.980078 0.892590 0.000000 5.312012 0.366211
  366 2.357023 -91.353835 0.815039 0.764515 0.000000 6.231323 0.332031
  367 2.446968 -79.917997 0.878516 0.760284 0.000000 6.903632 0.313477
  368 3.298113 -75.353835 0.975000 0.904611 0.000000 5.350480 0.393555
  369 3.171943 -106.739723 0.776953 0.838334 0.000000 6.723241 0.304688
  370 3.194383 -85.500831 0.685547 0.991193 0.000000 7.312634 0.268555
  371 2.918154 -100.070062 0.746484 0.885099 0.000000 6.275880 0.317383
  372 2.094812 -89.225285 0.886133 0.629084 0.000000 5.528630 0.353516
  373 1.886699 -48.192005 1.071484 0.985309 0.000000 4.871528 0.397461
  374 1.760942 -68.359616 1.119727 0.651522 0.000000 4.011265 0.485352
  375 1.717701 -63.566283 1.000391 0.677454 0.000000 4.142750 0.441406
  376 1.605192 -66.702979 1.101953 0.745096 0.000000 4.258950 0.409180
  377 2.127147 -59.829576 1.053711 0.999361 0.000000 4.699387 0.415039
  378 1.586582 -51.858361 1.005469 0.952628 0.000000 5.330213 0.380859
  379 1.312833 -51.545784 1.256836 0.858166 0.000000 4.137469 0.497070
  380 1.769181 -60.979692 1.424414 0.996363 0.000000 3.616946 0.526367
  381 1.562889 -55.030062 1.084180 0.783488 0.000000 4.544337 0.433594
  382 1.646434 -56.712005 1.414258 0.855881 0.000000 4.051732 0.493164
  383 1.435552 -65.989396 1.236523 0.750623 0.000000 3.644200 0.510742
  384 2.090726 -40.767263 1.190820 0.832089 0.000000 4.128314 0.463867
  385 1.564609 -63.284673 1.251758 0.728850 0.000000 3.251959 0.554688
  386 2.063031 -58.975285 1.424414 1.078131 0.000000 3.351355 0.522461
  387 2.251331 -61.265837 0.962305 0.692194 0.000000 4.010921 0.449219
  388 1.920553 -57.241248 1.277148 0.715113 0.000000 3.943719 0.488281
  389 1.913992 -43.274839 1.261914 0.607916 0.000000 4.172921 0.480469
  390 1.218227 -49.819897 1.381250 0.756023 0.000000 3.130762 0.547852
  391 1.390297 -53.563253 1.294922 0.836595 0.000000 3.658444 0.508789
  392 1.347230 -59.949307 1.272070 0.725297 0.000000 3.540305 0.503906
  393 1.400893 -39.199616 1.274609 0.844427 0.000000 3.249212 0.537109
  394 1.737758 -41.240628 1.449805 0.977827 0.000000 3.543675 0.537109
  395 1.463418 -54.414133 1.376172 0.721944 0.000000 3.503985 0.532227
  396 1.278812 -69.556449 1.300000 0.697521 0.000000 3.588525 0.511719
  397 2.134375 -53.414793 1.112109 0.751794 0.000000 3.860408 0.493164
  398 1.638887 -71.043749 1.035938 1.022955 0.000000 4.443697 0.405273
  399 1.907662 -86.074037 1.058789 0.912631 0.000000 4.022455 0.443359
  400 1.137737 -61.823116 1.180664 0.887956 0.000000 3.950583 0.480469
  401 1.333333 -59.454839 1.330469 0.975983 0.000000 3.373704 0.540039
  402 2.527969 -56.644269 1.101953 0.716096 0.000000 4.148663 0.450195
  403 2.222222 -66.400435 0.972461 0.798831 0.000000 4.648916 0.390625
  404 1.863928 -78.332286 0.941992 0.671119 0.000000 4.625737 0.432617
  405 2.252370 -43.961704 1.249219 0.793760 0.000000 4.045157 0.461914
  406 1.435552 -55.814206 1.287305 1.007739 0.000000 3.647940 0.490234
  407 1.808101 -71.593540 1.251758 0.854262 0.000000 3.667631 0.516602
  408 1.687602 -65.565285 1.152734 0.789510 0.000000 4.097473 0.431641
  409 1.475287 -52.572655 1.089258 0.899884 0.000000 3.873502 0.450195
  410 1.209995 -45.759454 1.297461 0.549018 0.000000 3.571005 0.500977
  411 1.355213 -51.674695 1.381250 0.713362 0.000000 3.487482 0.561523
  412 1.515209 -55.442266 1.266992 0.866926 0.000000 3.402364 0.534180
  413 1.426437 -29.073273 1.302539 0.725788 0.000000 3.905866 0.499023
  414 1.376042 -47.223244 1.561523 0.909986 0.000000 3.395752 0.579102
  415 1.509231 -62.569670 1.249219 0.818703 0.000000 3.742427 0.501953
  416 1.554930 -63.550062 1.137500 0.905731 0.000000 3.868870 0.435547
  417 2.416244 -75.112005 1.084180 0.628819 0.000000 4.192779 0.475586
  418 2.828427 -58.582707 1.013086 0.885830 0.000000 5.166426 0.355469
  419 2.512469 -72.391951 0.964844 1.073238 0.000000 5.163568 0.368164
  420 2.532146 -71.580845 0.952148 1.051812 0.000000 5.029895 0.395508
  421 1.554151 -48.468443 1.008008 1.058399 0.000000 4.297417 0.423828
  422 1.515438 -57.703253 1.203516 0.990617 0.000000 3.696856 0.483398
  423 1.646434 -59.224106 1.206055 0.687088 0.000000 4.196368 0.470703
  424 1.834758 -56.048362 1.048633 0.732169 0.000000 3.975358 0.445312
  425 1.636734 -57.346555 1.109570 0.910627 0.000000 3.667583 0.490234
  426 1.401898 -46.912519 1.426953 0.633993 0.000000 3.398234 0.587891
  427 1.475127 -46.578099 1.622461 0.819277 0.000000 3.448232 0.606445
  428 1.675617 -60.654287 1.363477 0.817211 0.000000 3.494458 0.521484
  429 1.636364 -51.370470 1.404102 1.145153 0.000000 3.577932 0.499023
  430 1.747526 -70.437673 1.193359 0.846473 0.000000 3.687591 0.475586
  431 1.932013 -60.542451 1.038477 0.814660 0.000000 4.500108 0.416016
  432 2.557042 -31.395676 1.249219 0.604792 0.000000 4.130423 0.499023
  433 2.252370 -36.068069 1.279687 1.142602 0.000000 3.776746 0.514648
  434 1.727273 -55.566283 1.434570 0.724678 0.000000 3.658315 0.530273
  435 1.458601 -57.545784 1.147656 0.806816 0.000000 3.997383 0.471680
  436 1.711724 -75.277165 1.104492 0.893075 0.000000 3.874073 0.456055
  437 1.817348 -44.263591 1.216211 0.669002 0.000000 3.935117 0.483398
  438 2.100000 -70.093220 1.081641 0.671238 0.000000 4.437183 0.427734
  439 2.009975 -79.776135 1.084180 0.910634 0.000000 4.423457 0.402344
  440 2.651650 -67.908119 1.002930 0.738792 0.000000 4.611228 0.404297
  441 2.051322 -59.072005 0.797266 0.555875 0.000000 5.104199 0.382812
  442 2.761340 -89.295784 0.914063 0.534375 0.000000 5.145218 0.380859
  443 2.882503 -90.486419 0.982617 0.739693 0.000000 5.016961 0.390625
  444 2.357023 -84.669998 0.815039 1.089544 0.000000 5.277374 0.351562
  445 2.187123 -68.610305 0.975000 0.752329 0.000000 4.889229 0.414062
  446 2.636878 -80.787228 0.845508 0.678197 0.000000 5.349446 0.375000
  447 2.651650 -106.093220 0.934375 0.727953 0.000000 5.451115 0.380859
  448 2.761340 -82.652557 0.878516 0.827558 0.000000 5.629321 0.364258
  449 2.557970 -69.377485 1.010547 0.546862 0.000000 6.331299 0.375000
  450 2.460649 -65.329206 1.076563 0.999120 0.000000 4.644807 0.417969
  451 2.047513 -55.919155 1.200977 1.039589 0.000000 3.769774 0.475586
  452 2.446968 -87.641506 1.068945 0.765546 0.000000 4.960469 0.399414
  453 2.114033 -72.279352 0.959766 0.719327 0.000000 4.638994 0.405273
  454 1.480466 -68.827668 1.041016 0.780435 0.000000 4.024220 0.453125
  455 1.932013 -62.300508 1.137500 1.216692 0.000000 3.717217 0.497070
  456 1.937376 -40.043179 1.101953 1.042635 0.000000 4.136005 0.468750
  457 1.526843 -66.740711 1.282227 0.731163 0.000000 3.650484 0.495117
  458 1.907662 -48.620561 1.119727 0.891905 0.000000 3.533471 0.503906
  459 1.205842 -51.037228 1.391406 0.653263 0.000000 3.481457 0.550781
  460 1.595029 -51.066465 1.112109 0.796881 0.000000 3.681708 0.479492
  461 1.278985 -53.878777 1.119727 0.745231 0.000000 3.165433 0.536133
  462 1.789367 -34.683395 1.335547 0.875151 0.000000 3.182103 0.530273
  463 1.775907 -41.003390 1.472656 1.014598 0.000000 2.990692 0.605469
  464 1.854239 -39.121185 1.383789 0.934378 0.000000 3.226285 0.562500
  465 1.329772 -47.557673 1.505664 0.769823 0.000000 3.278382 0.573242
  466 1.668749 -47.220993 1.452344 0.959310 0.000000 3.336360 0.565430
  467 1.597412 -57.840971 1.345703 1.098229 0.000000 4.022951 0.470703
  468 1.808101 -42.975017 1.272070 0.788977 0.000000 3.968947 0.490234
  469 2.446968 -70.163518 1.165430 0.942432 0.000000 4.367768 0.457031
  470 2.109502 -61.407638 1.284766 0.623757 0.000000 4.871213 0.427734
  471 3.155817 -84.870561 1.180664 0.493948 0.000000 4.330757 0.483398
  472 3.714286 -87.121490 0.888672 0.753925 0.000000 5.844841 0.334961
  473 4.503085 -91.163866 0.695703 1.001337 0.000000 7.682836 0.251953
  474 3.023347 -86.500508 0.804883 0.899431 0.000000 6.647254 0.316406
  475 2.875000 -95.615368 0.774414 0.537717 0.000000 5.708924 0.365234
  476 2.444444 -78.064394 0.893750 0.879466 0.000000 5.579128 0.375000
  477 2.557042 -50.382682 1.112109 0.749023 0.000000 4.564973 0.447266
  478 2.144192 -47.351358 1.122266 0.832247 0.000000 4.307618 0.477539
  479 1.736816 -65.837673 1.038477 0.681804 0.000000 4.311004 0.437500
  480 2.144192 -70.275730 0.997852 1.098283 0.000000 3.951287 0.442383
  481 2.202272 -100.237406 0.901367 0.773914 0.000000 5.083326 0.388672
  482 2.202272 -96.686365 0.759180 0.801709 0.000000 5.743049 0.319336
  483 2.383889 -90.351358 0.705859 0.788873 0.000000 6.124267 0.292969
  484 3.190611 -62.846268 0.802344 0.863652 0.000000 5.915071 0.297852
  485 3.288818 -85.709102 1.008008 0.519147 0.000000 4.967194 0.405273
  486 3.171943 -69.686730 0.794727 0.630828 0.000000 6.591187 0.306641
  487 2.252370 -85.478137 0.985156 1.023321 0.000000 5.074202 0.396484
  488 1.727273 -66.196282 1.015625 0.684585 0.000000 4.755318 0.406250
  489 1.920553 -67.236035 1.200977 0.688407 0.000000 4.315049 0.460938
  490 2.027588 -68.119616 1.140039 0.940130 0.000000 3.970036 0.463867
  491 1.693880 -56.980818 1.327930 0.692742 0.000000 4.055794 0.481445
  492 1.220529 -50.812005 1.289844 0.937517 0.000000 3.441163 0.519531
  493 1.136962 -41.399705 1.325391 0.781322 0.000000 3.331075 0.568359
  494 1.798525 -42.919293 1.536133 0.490312 0.000000 3.307215 0.586914
  495 1.545867 -43.170143 1.452344 0.688848 0.000000 3.309302 0.563477
  496 1.886796 -40.895811 1.160352 0.755095 0.000000 3.297828 0.527344
  497 1.351882 -49.084756 1.513281 1.002174 0.000000 3.282595 0.547852
  498 1.866691 -54.869836 1.266992 0.826685 0.000000 3.195334 0.538086
  499 1.473340 -42.919293 1.368555 0.732269 0.000000 3.099218 0.559570
  500 1.636734 -24.880632 1.393945 0.749586 0.000000 3.040655 0.606445
  501 1.382666 -33.106915 1.404102 0.717223 0.000000 3.460370 0.559570
  502 1.854239 -50.685618 1.360937 0.777203 0.000000 3.429156 0.550781
  503 1.500000 -68.124007 1.274609 0.731794 0.000000 3.533404 0.516602
  504 1.811077 -56.420561 1.322852 0.839750 0.000000 3.631766 0.519531
  505 1.644409 -49.990110 1.378711 0.614657 0.000000 3.388686 0.531250
  506 1.253860 -44.417840 1.444727 0.949730 0.000000 3.155683 0.574219
  507 1.578410 -58.061455 1.447266 0.902246 0.000000 3.402018 0.575195
  508 1.737932 -40.611600 1.409180 0.634362 0.000000 3.311627 0.552734
  509 1.475127 -24.974928 1.416797 0.996584 0.000000 3.467071 0.545898
  510 1.381498 -45.518600 1.310156 0.719353 0.000000 3.565547 0.509766
  511 1.674906 -52.641951 1.104492 0.866903 0.000000 3.250482 0.524414
  512 1.148824 -41.630989 1.251758 0.854670 0.000000 3.336011 0.533203
  513 1.470217 -44.722987 1.261914 0.907487 0.000000 3.103004 0.554688
  514 1.783044 -37.280530 1.475195 0.833557 0.000000 3.524414 0.567383
  515 1.368211 -38.784394 1.320312 0.741862 0.000000 3.434649 0.557617
  516 1.508948 -43.844001 1.444727 0.664496 0.000000 3.252953 0.580078
  517 1.265784 -42.304251 1.302539 0.785130 0.000000 3.180100 0.558594
  518 1.520526 -38.141951 1.444727 0.711754 0.000000 3.232601 0.580078
  519 2.627975 -36.062774 1.492969 0.880100 0.000000 3.688826 0.531250
  520 1.432581 -66.630672 1.226367 0.800525 0.000000 3.728460 0.489258
  521 1.711724 -64.287228 1.264453 0.896456 0.000000 3.877265 0.480469
  522 1.562050 -53.101657 1.485352 0.650160 0.000000 3.489212 0.563477
  523 1.459927 -60.350062 1.490430 0.659909 0.000000 3.358524 0.591797
  524 1.913992 -64.222916 1.244141 1.026469 0.000000 3.740768 0.512695
  525 2.000000 -78.768108 1.066406 1.232808 0.000000 4.481401 0.416016
  526 2.503123 -68.259496 0.916602 0.683763 0.000000 4.967070 0.403320
  527 1.736663 -66.120561 1.048633 0.770851 0.000000 4.396255 0.450195
  528 1.498717 -42.309533 1.292383 0.766330 0.000000 3.821495 0.506836
  529 1.570717 -30.913301 1.368555 0.702967 0.000000 3.287139 0.570312
  530 1.138622 -46.162073 1.368555 0.766318 0.000000 3.309848 0.576172
  531 1.287697 -49.411286 1.482812 0.669880 0.000000 3.106438 0.570312
  532 1.250000 -42.507236 1.383789 0.632632 0.000000 3.304751 0.547852
  533 1.856626 -44.018902 1.518359 0.893741 0.000000 3.299510 0.565430
  534 2.015564 -37.764151 1.381250 0.747576 0.000000 3.101822 0.569336
  535 1.414214 -44.545366 1.340625 0.699967 0.000000 3.200489 0.566406
  536 1.596456 -49.540508 1.266992 1.142005 0.000000 3.309713 0.530273
  537 1.481872 -44.608200 1.503125 0.773456 0.000000 3.295186 0.541016
  538 1.697056 -45.582127 1.485352 1.173331 0.000000 3.524539 0.590820
  539 1.744344 -29.610305 1.350781 0.893870 0.000000 3.262200 0.554688
  540 1.729663 -58.058618 1.376172 0.852964 0.000000 3.413051 0.569336
  541 1.954938 -67.596319 1.183203 0.825488 0.000000 4.961316 0.418945
  542 2.636878 -83.877167 0.941992 1.054583 0.000000 5.598671 0.366211
  543 2.527969 -83.649616 0.870898 0.727483 0.000000 5.924781 0.378906
  544 2.636878 -80.971439 0.817578 0.637997 0.000000 5.906591 0.357422
  545 2.942151 -94.365975 1.023242 0.771786 0.000000 5.317663 0.391602
  546 3.498571 -77.602370 0.990234 0.889746 0.000000 5.697535 0.357422
  547 3.031695 -88.491823 0.886133 0.976232 0.000000 6.371730 0.306641
  548 2.648529 -90.763342 0.756641 1.123380 0.000000 6.164957 0.302734
  549 2.761340 -93.447228 0.873438 0.777500 0.000000 5.401259 0.371094
  550 2.775450 -56.608885 1.155273 0.830964 0.000000 4.700985 0.432617
  551 1.562050 -56.252112 1.388867 0.956725 0.000000 4.089458 0.483398
  552 1.726746 -64.090502 1.046094 0.812885 0.000000 4.036387 0.440430
  553 1.596270 -58.479842 1.289844 0.675352 0.000000 3.658535 0.540039
  554 1.853455 -68.970584 1.101953 0.893573 0.000000 3.862889 0.465820
  555 2.036257 -50.658656 1.254297 0.651123 0.000000 4.084635 0.467773
  556 2.114033 -38.957111 1.292383 0.738785 0.000000 3.665662 0.510742
  557 2.305443 -49.646358 1.241602 0.682311 0.000000 3.836262 0.503906
  558 2.765332 -78.426433 1.180664 0.807809 0.000000 4.893428 0.410156
  559 2.725155 -98.969749 0.787109 1.049030 0.000000 6.026465 0.313477
  560 2.216103 -67.580251 1.013086 0.743831 0.000000 5.162515 0.360352
  561 1.849870 -59.511430 1.008008 0.826379 0.000000 4.580150 0.405273
  562 1.502313 -44.851468 1.269531 0.693713 0.000000 3.696177 0.506836
  563 1.350926 -49.140508 1.452344 0.946534 0.000000 3.461071 0.552734
  564 1.457738 -49.917984 1.294922 1.048283 0.000000 3.384044 0.529297
  565 1.066381 -48.287982 1.513281 0.897766 0.000000 3.274626 0.567383
  566 1.140750 -41.641506 1.566602 0.779544 0.000000 3.272933 0.602539
  567 1.719670 -50.037673 1.368555 0.857262 0.000000 3.447342 0.516602
  568 1.834758 -56.420561 1.231445 0.798546 0.000000 3.508106 0.494141
  569 1.536902 -54.462451 1.366016 0.736827 0.000000 3.523519 0.521484
  570 1.900000 -55.919155 1.109570 0.956619 0.000000 4.213687 0.433594
  571 1.954938 -72.280226 1.129883 1.056292 0.000000 4.072678 0.445312
  572 1.621515 -62.079563 1.335547 0.866914 0.000000 3.713766 0.513672
  573 1.286876 -61.545784 1.239062 0.712743 0.000000 3.810374 0.458984
  574 1.283997 -30.551755 1.264453 0.750236 0.000000 3.663176 0.496094
  575 2.117851 -28.623324 1.411719 0.580717 0.000000 3.168077 0.577148
  576 1.979899 -32.685123 1.360937 0.807853 0.000000 3.013717 0.560547
  577 1.824167 -23.913822 1.480273 0.906566 0.000000 3.213445 0.583984
  578 1.554930 -41.117416 1.366016 0.788592 0.000000 3.001959 0.567383
  579 1.712511 -49.724839 1.251758 0.523359 0.000000 3.269608 0.547852
  580 1.509231 -56.073139 1.432031 0.577936 0.000000 3.617949 0.580078
  581 1.702939 -58.733039 1.223828 0.639283 0.000000 3.573673 0.540039
  582 1.831876 -62.286940 1.096875 0.833078 0.000000 4.100425 0.464844
  583 2.222222 -90.686078 1.150195 0.720872 0.000000 4.444628 0.451172
  584 1.920553 -53.870294 1.000391 0.736849 0.000000 5.015081 0.406250
  585 1.680476 -60.247228 1.211133 0.760427 0.000000 3.953512 0.488281
  586 1.584929 -41.542515 1.373633 0.753617 0.000000 3.256967 0.583008
  587 1.380670 -51.707923 1.264453 0.770758 0.000000 3.333086 0.534180
  588 1.236159 -43.069046 1.376172 0.989751 0.000000 3.245441 0.570312
  589 1.363474 -47.934839 1.360937 0.665832 0.000000 3.092276 0.581055
  590 1.335935 -47.157673 1.277148 0.571629 0.000000 3.229257 0.541992
  591 1.449677 -41.005285 1.218750 0.719099 0.000000 3.142821 0.553711
  592 1.127228 -57.645338 1.264453 0.909143 0.000000 3.330883 0.530273
  593 1.502313 -57.467035 1.239062 0.737195 0.000000 3.380759 0.540039
  594 1.238418 -42.548119 1.134961 0.838633 0.000000 3.702443 0.479492
  595 1.355815 -62.417392 1.127344 0.635849 0.000000 3.708825 0.506836
  596 1.323398 -56.087673 1.333008 0.782649 0.000000 3.787903 0.506836
  597 2.110793 -47.794506 1.134961 0.764729 0.000000 4.300739 0.469727
  598 1.737593 -76.961078 1.167969 0.798618 0.000000 4.150667 0.450195
  599 2.122775 -94.384104 0.855664 0.750039 0.000000 4.742951 0.368164
  600 1.631422 -45.620508 1.089258 1.004177 0.000000 4.795040 0.414062
  601 1.355213 -65.457459 1.213672 0.662453 0.000000 3.608307 0.532227
  602 1.438858 -42.759454 1.180664 0.754203 0.000000 3.922226 0.459961
  603 1.816306 -62.905274 1.165430 0.998722 0.000000 3.427627 0.511719
  604 1.726268 -49.982715 1.175586 0.806742 0.000000 3.577366 0.521484
  605 2.100000 -75.845837 1.132422 0.706018 0.000000 4.547808 0.409180
  606 2.454525 -67.631681 0.997852 0.786490 0.000000 5.093867 0.404297
  607 3.256344 -42.158656 1.066406 0.790229 0.000000 4.267527 0.427734
  608 2.828427 -48.423398 1.063867 0.650131 0.000000 4.221249 0.432617
  609 2.298337 -52.729556 1.244141 0.820810 0.000000 4.167968 0.478516
  610 2.009975 -78.587605 1.117188 0.700210 0.000000 4.537449 0.425781
  611 2.122775 -83.268456 1.132422 0.646660 0.000000 4.374327 0.437500
  612 2.651560 -79.274435 0.980078 0.683149 0.000000 4.875384 0.399414
  613 2.357023 -63.216286 0.944531 0.950101 0.000000 5.392373 0.373047
  614 1.902630 -63.697001 1.043555 1.133736 0.000000 4.796014 0.393555
  615 2.252370 -77.214839 1.198437 0.583101 0.000000 3.939778 0.490234
  616 2.899353 -71.696933 1.246680 0.803598 0.000000 4.443044 0.430664
  617 2.137265 -70.448175 0.924219 0.842716 0.000000 4.726682 0.389648
  618 1.584929 -63.429163 1.008008 0.973150 0.000000 4.670085 0.381836
  619 1.649242 -44.391519 1.188281 1.038491 0.000000 3.843472 0.457031
  620 1.596025 -58.218972 1.386328 0.754564 0.000000 3.734408 0.527344
  621 1.704457 -71.183350 1.307617 0.755767 0.000000 3.489054 0.506836
  622 3.635932 -52.216729 1.175586 0.866819 0.000000 3.942886 0.468750
  623 1.808101 -66.420282 1.183203 0.898947 0.000000 4.071316 0.452148
  624 2.233582 -62.953894 1.264453 0.776999 0.000000 3.765119 0.507812
  625 2.617812 -49.014213 1.223828 0.533891 0.000000 3.887307 0.487305
  626 1.660910 -51.885950 1.269531 0.767894 0.000000 3.980207 0.492188
  627 1.556113 -35.957609 1.388867 0.657490 0.000000 3.360876 0.589844
  628 2.109502 -39.950062 1.302539 0.848601 0.000000 3.950416 0.460938
  629 1.747526 -59.212896 1.188281 0.727388 0.000000 3.711764 0.500977
  630 1.621515 -59.995784 1.241602 0.747806 0.000000 3.573177 0.513672
  631 1.831876 -66.767251 1.167969 0.776489 0.000000 3.870494 0.508789
  632 1.616542 -59.142473 1.071484 0.697300 0.000000 4.134293 0.460938
  633 2.122775 -58.712005 1.063867 0.688592 0.000000 4.453670 0.430664
  634 2.205108 -56.808618 1.114648 1.007713 0.000000 5.405091 0.387695
  635 1.736816 -66.507239 1.119727 0.552338 0.000000 4.201861 0.444336
  636 1.712511 -54.481236 1.170508 0.739353 0.000000 4.700579 0.425781
  637 2.317160 -61.535787 0.972461 0.774253 0.000000 3.918740 0.470703
  638 2.173067 -9.451762 1.317773 0.710351 0.000000 3.620509 0.520508
  639 1.729663 -70.333325 1.147656 0.751545 0.000000 4.199027 0.473633
  640 1.902630 -80.961078 1.203516 0.961630 0.000000 4.171074 0.457031
  641 2.029486 -72.547442 1.010547 0.911518 0.000000 4.706937 0.385742
  642 2.000000 -78.927276 1.119727 0.853394 0.000000 3.968993 0.457031
  643 1.435552 -68.941060 1.147656 0.877597 0.000000 4.063670 0.441406
  644 2.000000 -79.018006 0.964844 0.621299 0.000000 4.607980 0.415039
  645 1.744449 -62.461134 0.906445 1.324647 0.000000 5.288681 0.333008
  646 2.305443 -57.832326 1.279687 0.577947 0.000000 4.174129 0.483398
  647 1.815772 -59.966742 1.251758 0.586329 0.000000 3.858886 0.486328
  648 2.725155 -70.453856 1.132422 0.793069 0.000000 4.328850 0.463867
  649 2.775450 -55.703411 0.931836 0.823081 0.000000 5.137205 0.367188
  650 2.144192 -55.479385 1.119727 0.825490 0.000000 4.128680 0.446289
  651 2.009975 -79.272344 0.980078 0.638132 0.000000 4.784705 0.399414
  652 2.035791 -79.725285 1.129883 0.788846 0.000000 4.639014 0.423828
  653 2.416244 -73.985499 0.964844 0.923682 0.000000 4.919633 0.395508
  654 2.761340 -81.060508 0.764258 0.710057 0.000000 5.702774 0.342773
  655 2.454525 -76.226087 1.063867 0.794064 0.000000 5.483107 0.389648
  656 2.569619 -55.635980 1.076563 0.806631 0.000000 5.008790 0.395508
  657 2.173067 -86.045285 1.244141 0.666093 0.000000 4.577348 0.470703
  658 2.383889 -62.202208 1.010547 0.621240 0.000000 4.412992 0.421875
  659 2.305878 -63.885285 1.216211 0.936649 0.000000 4.063011 0.468750
  660 3.190611 -89.099488 1.086719 0.830624 0.000000 4.809331 0.430664
  661 2.636878 -97.264060 0.860742 1.045170 0.000000 5.666510 0.319336
  662 2.512469 -81.003123 0.980078 0.943402 0.000000 5.187727 0.376953
  663 2.684377 -78.131551 0.853125 0.687392 0.000000 5.791211 0.336914
  664 2.343891 -80.334839 1.058789 1.047626 0.000000 4.676609 0.399414
  665 2.224998 -88.203894 0.990234 0.881954 0.000000 5.406562 0.383789
  666 3.361547 -64.476736 0.985156 0.717595 0.000000 4.746143 0.408203
  667 2.308679 -53.845081 1.002930 0.962378 0.000000 4.911868 0.423828
  668 2.247083 -82.683395 1.023242 0.812810 0.000000 5.122198 0.374023
  669 1.737758 -71.013137 1.117188 0.793731 0.000000 4.109226 0.476562
  670 1.907662 -68.899185 1.124805 0.522735 0.000000 3.818432 0.493164
  671 2.773501 -68.006904 1.061328 0.790168 0.000000 4.017888 0.458984
  672 2.360756 -55.637673 1.122266 1.110073 0.000000 4.496986 0.431641
  673 2.444444 -49.022451 1.005469 1.194591 0.000000 4.579367 0.394531
  674 1.910497 -81.053940 1.160352 0.768708 0.000000 5.080565 0.423828
  675 1.574148 -68.781227 1.058789 0.812932 0.000000 3.902113 0.466797
  676 1.740910 -53.478490 1.358398 0.719348 0.000000 3.777837 0.501953
  677 1.939450 -63.662896 1.152734 0.706182 0.000000 3.891411 0.496094
  678 2.100677 -69.853058 1.155273 1.029070 0.000000 4.008607 0.449219
  679 2.919431 -70.944952 1.152734 0.802516 0.000000 4.387161 0.434570
  680 2.885849 -75.028988 0.921680 0.872054 0.000000 5.703291 0.349609
  681 3.147420 -72.515392 0.908984 0.780090 0.000000 4.995733 0.393555
  682 3.313547 -87.970568 0.878516 0.802072 0.000000 5.730158 0.352539
  683 3.298113 -109.842370 0.858203 0.529504 0.000000 6.332571 0.332031
  684 3.328663 -101.776532 0.726172 1.110982 0.000000 6.892357 0.274414
  685 2.557042 -85.110062 0.878516 0.547065 0.000000 6.153760 0.348633
  686 3.023347 -87.833879 0.840430 1.078603 0.000000 6.090609 0.321289
  687 2.761340 -78.308119 1.053711 0.880172 0.000000 5.245230 0.404297
  688 2.798351 -82.105588 0.896289 0.888574 0.000000 6.226222 0.345703
  689 2.651650 -52.225689 0.949609 0.593725 0.000000 4.775235 0.435547
  690 2.252370 -86.827412 0.975000 0.998822 0.000000 4.748846 0.416992
  691 2.000000 -90.043679 0.804883 0.883028 0.000000 4.920057 0.355469
  692 2.121320 -66.930365 1.117188 0.911566 0.000000 4.209739 0.454102
  693 2.092884 -47.986222 1.272070 1.028503 0.000000 4.213559 0.500977
  694 2.343891 -71.328582 1.129883 1.243276 0.000000 4.545067 0.428711
  695 2.233306 -76.268429 1.233984 0.919043 0.000000 4.196856 0.442383
  696 1.639672 -63.474839 0.997852 0.639624 0.000000 4.875731 0.417969
  697 1.831876 -73.447934 1.038477 0.802950 0.000000 4.331613 0.435547
  698 1.358146 -45.272155 1.178125 0.948376 0.000000 3.683418 0.463867
  699 1.596270 -41.840228 1.475195 0.554347 0.000000 3.602883 0.562500
  700 1.760942 -58.166729 1.200977 0.871610 0.000000 3.876389 0.475586
  701 1.500000 -51.670062 1.071484 0.756135 0.000000 3.913532 0.462891
  702 1.748671 -78.368573 1.231445 0.826968 0.000000 4.101631 0.438477
  703 2.000000 -82.207281 1.167969 0.992123 0.000000 4.087786 0.452148
  704 2.527969 -67.104394 1.081641 0.805983 0.000000 4.397301 0.439453
  705 2.029486 -65.515730 1.107031 1.199085 0.000000 4.468005 0.435547
  706 1.407731 -40.247066 1.231445 0.983097 0.000000 4.087188 0.481445
  707 1.736291 -45.106915 1.366016 0.757895 0.000000 3.559434 0.586914
  708 1.858883 -66.652468 1.188281 0.833358 0.000000 3.885147 0.479492
  709 1.277204 -67.475285 1.145117 0.745709 0.000000 3.723560 0.489258
  710 1.531716 -65.058172 1.256836 0.963593 0.000000 3.940313 0.480469
  711 1.237656 -37.685693 1.297461 0.659758 0.000000 3.697585 0.505859
  712 1.161270 -38.951339 1.338086 1.108574 0.000000 3.329309 0.516602
  713 1.220529 -46.437673 1.340625 0.665201 0.000000 3.338737 0.570312
  714 1.556113 -22.881610 1.432031 0.762900 0.000000 3.325226 0.583984
  715 1.736816 -64.991951 1.368555 0.766572 0.000000 3.759596 0.520508
  716 1.910497 -51.477835 1.218750 0.614062 0.000000 3.503008 0.536133
  717 1.910497 -70.917673 1.213672 0.603940 0.000000 3.904229 0.455078
  718 1.748671 -50.105588 1.180664 0.907200 0.000000 3.830050 0.488281
  719 2.233306 -54.196282 1.084180 1.054021 0.000000 4.511642 0.425781
  720 1.638887 -61.941366 1.122266 1.011906 0.000000 4.366602 0.428711
  721 1.406930 -55.438669 1.058789 0.747806 0.000000 3.911854 0.457031
  722 1.448712 -52.431982 1.386328 0.858429 0.000000 3.399157 0.529297
  723 1.699056 -50.842764 1.261914 0.856490 0.000000 3.351737 0.537109
  724 1.593027 -55.087673 1.302539 0.730816 0.000000 3.432220 0.540039
  725 1.295408 -65.159955 1.333008 0.933870 0.000000 3.505187 0.496094
  726 1.820453 -35.130976 1.434570 0.741809 0.000000 3.749992 0.511719
  727 1.953057 -50.129877 1.173047 0.776949 0.000000 3.891664 0.503906
  728 1.911851 -73.093912 1.101953 0.724379 0.000000 4.499203 0.448242
  729 1.784327 -39.417798 1.208594 0.816309 0.000000 4.024245 0.482422
  730 1.691240 -40.013715 1.350781 0.776235 0.000000 3.425562 0.544922
  731 2.636878 -68.428281 1.317773 0.752969 0.000000 3.934498 0.510742
  732 2.569619 -48.803191 1.041016 0.939499 0.000000 5.092687 0.412109
  733 2.566913 -88.330543 1.162891 0.653496 0.000000 4.690889 0.410156
  734 2.220360 -62.695071 1.048633 0.887271 0.000000 4.453011 0.437500
  735 2.042580 -66.073139 1.198437 0.822054 0.000000 4.488774 0.424805
  736 2.400980 -58.534677 1.046094 0.960308 0.000000 4.394715 0.398438
  737 1.480540 -65.912005 0.941992 0.928088 0.000000 4.706672 0.399414
  738 1.670928 -64.971884 1.300000 0.748759 0.000000 3.893104 0.494141
  739 2.124193 -43.578672 1.368555 0.687937 0.000000 3.874880 0.482422
  740 1.646434 -59.434910 1.300000 0.866074 0.000000 4.070209 0.481445
  741 1.386750 -58.795784 1.294922 0.799327 0.000000 3.731254 0.477539
  742 1.638887 -61.020024 1.327930 0.824427 0.000000 3.669263 0.518555
  743 1.295408 -61.150062 1.335547 0.635107 0.000000 3.566883 0.529297
  744 1.874166 -49.556822 1.416797 0.721512 0.000000 3.345237 0.524414
  745 1.191507 -52.202236 1.475195 0.951266 0.000000 3.229288 0.561523
  746 1.388524 -51.012382 1.388867 0.799194 0.000000 3.255000 0.546875
  747 1.562889 -59.284673 1.343164 1.030572 0.000000 3.255837 0.541992
  748 2.224971 -71.053449 1.302539 0.975774 0.000000 3.652305 0.506836
  749 2.264820 -59.910062 1.173047 0.885164 0.000000 4.356962 0.447266
  750 1.922009 -95.687883 1.043555 0.836780 0.000000 4.264307 0.435547
  751 1.636734 -56.350349 1.119727 0.819515 0.000000 4.091724 0.451172
  752 1.700000 -83.905617 1.063867 0.735804 0.000000 3.901236 0.451172
  753 1.557241 -54.842370 1.038477 0.818967 0.000000 4.144540 0.439453
  754 1.834758 -66.225689 1.063867 0.699841 0.000000 4.144477 0.465820
  755 1.277204 -53.041506 1.157813 0.653762 0.000000 4.283621 0.430664
  756 1.237656 -60.034414 1.437109 0.702535 0.000000 3.327983 0.550781
  757 1.747526 -72.630062 1.185742 0.719793 0.000000 3.900833 0.441406
  758 2.021519 -61.500186 1.213672 0.930477 0.000000 3.897063 0.467773
  759 1.932013 -61.957673 1.315234 0.822315 0.000000 3.954240 0.492188
  760 2.151775 -59.910108 1.223828 0.675483 0.000000 4.248544 0.444336
  761 2.875000 -95.190062 1.046094 0.711646 0.000000 4.731163 0.425781
  762 2.828427 -74.361128 0.825195 0.431288 0.000000 6.126858 0.333008
  763 2.832789 -78.314596 0.903906 0.617766 0.000000 6.195224 0.322266
  764 2.795085 -97.237673 0.782031 1.285097 0.000000 5.874014 0.332031
  765 3.782344 -108.136525 0.723633 0.756823 0.000000 6.770828 0.289062
  766 3.127499 -72.918689 0.840430 1.058482 0.000000 6.739190 0.291992
  767 3.010399 -86.071843 0.809961 0.853799 0.000000 5.572411 0.336914
  768 4.249183 -89.668142 0.754102 0.937463 0.000000 6.779649 0.301758
  769 2.948272 -98.455855 0.881055 1.030022 0.000000 6.559474 0.321289
  770 2.795085 -94.740669 0.718555 1.373912 0.000000 6.839157 0.278320
  771 3.271563 -102.897754 0.710938 0.643174 0.000000 7.366791 0.274414
  772 4.179979 -104.452023 0.776953 0.826078 0.000000 6.872777 0.297852
  773 4.219663 -121.121490 0.566211 1.248131 0.000000 8.667191 0.203125
  774 4.284987 -114.150062 0.627148 0.757765 0.000000 8.804377 0.210938
  775 5.414795 -103.623066 0.660156 1.001306 0.000000 8.515505 0.243164
  776 3.847799 -76.110727 0.721094 0.712650 0.000000 7.260540 0.272461
  777 3.475864 -75.804607 0.830273 1.263837 0.000000 5.620239 0.316406
  778 2.668980 -75.593209 0.736328 0.891354 0.000000 5.862966 0.332031
  779 2.677542 -61.781888 0.911523 0.794949 0.000000 5.211214 0.373047
  780 3.431546 -93.223584 0.881055 0.902722 0.000000 6.006595 0.333984
  781 3.361547 -97.760243 0.698242 1.217773 0.000000 7.228389 0.269531
  782 3.013575 -78.857537 0.825195 1.116878 0.000000 6.576944 0.284180
  783 4.512329 -76.087228 0.769336 0.939323 0.000000 6.889452 0.308594
  784 3.127499 -98.143467 0.881055 0.656727 0.000000 6.970709 0.329102
  785 3.134984 -90.480632 0.809961 0.699866 0.000000 6.982810 0.327148
  786 4.879094 -114.902334 0.619531 0.956510 0.000000 8.043384 0.266602
  787 4.010191 -96.368828 0.743945 1.223717 0.000000 7.641590 0.260742
  788 4.362084 -99.062451 0.726172 0.916831 0.000000 7.289902 0.275391
  789 3.867710 -107.004607 0.688086 0.958536 0.000000 7.315220 0.278320
  790 3.757985 -82.093598 0.723633 0.922806 0.000000 7.005824 0.272461
  791 3.298113 -83.110401 0.914063 0.839235 0.000000 6.662788 0.314453
  792 3.313547 -84.394028 0.809961 0.930855 0.000000 6.585693 0.291016
  793 3.052868 -91.961648 0.799805 0.659416 0.000000 7.123368 0.291992
  794 3.250000 -82.178474 0.850586 0.703702 0.000000 6.198990 0.281250
  795 4.503085 -125.905308 0.616992 0.969519 0.000000 8.505809 0.243164
  796 4.859127 -130.791264 0.568750 0.726681 0.000000 8.128189 0.250000
  797 3.068450 -75.725285 0.594141 1.040792 0.000000 7.420371 0.293945
  798 3.041381 -99.255649 0.837891 0.627791 0.000000 6.139678 0.327148
  799 3.361547 -111.463728 0.662695 1.011488 0.000000 6.734141 0.282227
  800 3.288237 -91.325393 0.721094 1.150400 0.000000 6.650895 0.301758
  801 2.885849 -57.703411 1.086719 0.917069 0.000000 5.564885 0.336914
  802 2.877716 -100.693823 0.835352 0.879434 0.000000 5.585249 0.305664
  803 2.885849 -96.356054 0.782031 0.913310 0.000000 5.924992 0.338867
  804 2.775450 -79.688866 0.957227 0.804706 0.000000 5.819407 0.348633
  805 3.162278 -105.708211 0.875977 0.789563 0.000000 5.773689 0.332031
  806 3.717032 -97.772795 0.721094 0.719076 0.000000 6.900057 0.281250
  807 3.475864 -72.869360 0.802344 0.943922 0.000000 6.981033 0.288086
  808 3.362458 -106.083827 0.817578 0.805963 0.000000 6.767324 0.323242
  809 3.431546 -103.019284 0.766797 0.849700 0.000000 6.815397 0.305664
  810 2.877716 -102.309246 0.759180 1.116763 0.000000 6.468476 0.304688
  811 3.899241 -122.058618 0.807422 1.067087 0.000000 7.593194 0.296875
  812 4.013865 -112.173543 0.670313 0.981225 0.000000 7.780558 0.254883
  813 4.179979 -130.262451 0.639844 1.170350 0.000000 8.517210 0.222656
  814 4.169999 -123.883653 0.591602 0.639524 0.000000 9.236998 0.209961
  815 4.678556 -114.926857 0.583984 0.887420 0.000000 8.838674 0.235352
  816 3.717032 -90.771541 0.650000 1.025383 0.000000 7.626142 0.248047
  817 4.010191 -117.634864 0.749023 0.784227 0.000000 7.633322 0.255859
  818 4.859127 -112.214993 0.614453 0.996743 0.000000 8.974477 0.216797
  819 4.859127 -117.524372 0.487500 1.174771 0.000000 8.504705 0.226562
  820 4.179979 -125.019697 0.655078 1.169909 0.000000 8.884058 0.251953
  821 4.055175 -113.542515 0.583984 0.511449 0.000000 8.066774 0.252930
  822 4.013865 -108.624178 0.553516 0.700615 0.000000 8.676278 0.220703
  823 4.169999 -101.500508 0.647461 0.934449 0.000000 8.501591 0.251953
  824 4.346135 -119.854786 0.596680 1.097865 0.000000 9.244010 0.227539
  825 3.738929 -103.100508 0.634766 1.014713 0.000000 8.547391 0.225586
  826 4.085884 -114.475946 0.558594 1.126626 0.000000 8.464394 0.250000
  827 4.503085 -112.393485 0.774414 0.881937 0.000000 8.306422 0.249023
  828 4.669642 -102.458618 0.710938 1.097472 0.000000 8.234426 0.231445
  829 4.549115 -106.807278 0.713477 1.041188 0.000000 7.839829 0.256836
  830 4.179979 -113.781533 0.784570 1.063986 0.000000 7.360129 0.289062
  831 4.527693 -118.900508 0.591602 0.849253 0.000000 9.372344 0.215820
  832 4.503085 -112.687228 0.619531 0.961901 0.000000 9.386526 0.208008
  833 4.346135 -111.913822 0.761719 0.602480 0.000000 7.542748 0.272461
  834 4.362084 -113.103062 0.731250 0.512667 0.000000 7.282917 0.287109
  835 4.362084 -109.985331 0.616992 0.635572 0.000000 8.471080 0.238281
  836 4.196559 -106.148018 0.710938 0.926690 0.000000 7.245334 0.276367
  837 3.922867 -83.134839 0.743945 0.739205 0.000000 6.885831 0.311523
  838 4.609772 -125.595784 0.809961 0.621213 0.000000 7.083396 0.303711
  839 4.219663 -111.025285 0.741406 1.155435 0.000000 7.927733 0.233398
  840 4.013865 -116.540576 0.695703 0.706982 0.000000 8.357842 0.241211
  841 3.738929 -90.383128 0.698242 0.706988 0.000000 7.728663 0.228516
  842 2.820129 -77.732086 0.832813 0.691942 0.000000 6.559488 0.303711
  843 3.086795 -80.307957 0.878516 0.848705 0.000000 6.331145 0.335938
  844 3.328663 -88.620453 0.863281 1.237169 0.000000 5.983277 0.333984
  845 2.828427 -96.131613 0.764258 1.008282 0.000000 6.731056 0.293945
  846 2.636878 -93.657281 0.888672 0.723010 0.000000 6.171653 0.339844
  847 2.446968 -56.072344 1.112109 0.850459 0.000000 4.841930 0.415039
  848 2.504114 -65.610305 1.147656 0.533075 0.000000 4.418019 0.458008
  849 2.416244 -70.899994 0.962305 0.846631 0.000000 4.567898 0.412109
  850 2.750000 -63.510062 0.949609 1.043742 0.000000 4.401229 0.407227
  851 3.597051 -84.070039 0.977539 0.626823 0.000000 5.033288 0.397461
  852 3.597051 -83.060553 0.840430 0.945837 0.000000 6.219132 0.309570
  853 3.571429 -65.587228 1.013086 0.565704 0.000000 5.227473 0.430664
  854 3.757985 -74.206000 1.046094 0.877926 0.000000 5.142544 0.386719
  855 4.512329 -87.729117 0.837891 0.996874 0.000000 6.038178 0.316406
  856 5.600000 -70.824638 0.670313 0.834552 0.000000 8.447572 0.268555
  857 3.190611 -83.371066 0.797266 0.687292 0.000000 7.085268 0.304688
  858 3.224903 -114.574839 0.815039 0.965223 0.000000 6.963152 0.271484
  859 2.557970 -71.199616 0.784570 0.784839 0.000000 6.333930 0.314453
  860 2.795085 -77.515799 1.089258 1.064060 0.000000 4.893457 0.411133
  861 1.406930 -61.991860 1.117188 0.919766 0.000000 4.313107 0.440430
  862 2.057983 -60.342130 1.084180 0.703128 0.000000 3.944260 0.463867
  863 1.458601 -55.370561 1.350781 0.805230 0.000000 3.416639 0.552734
  864 1.050748 -57.647679 1.264453 0.861146 0.000000 3.367237 0.535156
  865 1.500000 -40.101933 1.437109 0.661335 0.000000 3.380583 0.522461
  866 1.699056 -42.476736 1.355859 0.925786 0.000000 3.596335 0.499023
  867 1.237656 -56.960067 1.211133 0.669085 0.000000 3.545172 0.512695
  868 1.433587 -43.353835 1.200977 0.923698 0.000000 3.841004 0.464844
  869 1.531716 -52.541792 1.505664 0.870912 0.000000 3.280595 0.583008
  870 1.411901 -39.748636 1.272070 0.735884 0.000000 3.225358 0.545898
  871 1.230769 -47.416729 1.363477 0.957520 0.000000 3.113952 0.560547
  872 1.469453 -41.536782 1.272070 0.712807 0.000000 3.430893 0.547852
  873 1.448712 -20.171007 1.129883 0.801169 0.000000 3.232922 0.539062
  874 1.445253 -48.254340 1.548828 0.798667 0.000000 3.513492 0.554688
  875 1.697273 -37.721363 1.480273 1.008363 0.000000 3.341537 0.545898
  876 1.514037 -55.652445 1.284766 1.024056 0.000000 3.359048 0.563477
  877 1.256444 -45.296426 1.470117 0.763851 0.000000 3.252451 0.551758
  878 1.226847 -51.321784 1.439648 1.060755 0.000000 3.382739 0.558594
  879 1.083087 -67.916729 1.261914 0.561902 0.000000 3.307656 0.537109
  880 1.461763 -53.253100 1.236523 0.754727 0.000000 3.492088 0.521484
  881 1.652122 -51.088921 1.338086 0.753831 0.000000 3.536219 0.523438
  882 2.233306 -67.295594 1.175586 0.915780 0.000000 4.118926 0.437500
  883 1.838523 -61.307893 1.233984 0.926394 0.000000 4.090562 0.466797
  884 1.327782 -36.950709 1.358398 0.766639 0.000000 3.600707 0.490234
  885 1.736816 -70.784612 1.305078 0.716860 0.000000 3.767460 0.473633
  886 1.591932 -66.115279 1.162891 0.765776 0.000000 3.801683 0.481445
  887 1.528321 -51.069182 1.414258 0.962456 0.000000 3.697594 0.537109
  888 1.500000 -58.426087 1.404102 0.890975 0.000000 3.368304 0.538086
  889 1.664305 -30.774839 1.325391 1.082119 0.000000 3.200606 0.518555
  890 1.831876 -45.504394 1.449805 0.807933 0.000000 3.256827 0.585938
  891 2.651650 -39.413902 1.274609 0.887724 0.000000 4.150136 0.466797
  892 2.224998 -76.554654 1.010547 0.756540 0.000000 4.550203 0.397461
  893 1.926535 -77.302112 1.076563 0.744028 0.000000 4.150878 0.475586
  894 2.454525 -85.397673 1.035938 0.614959 0.000000 4.285136 0.444336
  895 2.343891 -78.702451 0.908984 0.801913 0.000000 5.472677 0.359375
  896 3.030458 -49.020022 1.178125 0.794325 0.000000 4.057992 0.465820
  897 2.775450 -75.278048 1.046094 0.770365 0.000000 4.978160 0.404297
  898 1.757886 -55.267701 1.129883 0.844956 0.000000 4.105419 0.447266
  899 2.251331 -70.327228 1.254297 0.670516 0.000000 3.797295 0.512695
  900 2.029486 -67.446853 1.068945 0.845708 0.000000 4.352622 0.428711
  901 2.383889 -52.615353 1.256836 1.183657 0.000000 4.284732 0.431641
  902 2.527969 -82.928737 1.145117 0.776667 0.000000 5.198899 0.407227
  903 2.404423 -67.154073 0.975000 0.869050 0.000000 4.995498 0.406250
  904 2.735927 -78.658618 1.033398 0.962911 0.000000 5.577529 0.366211
  905 2.529822 -86.215401 0.855664 0.898048 0.000000 6.031604 0.330078
  906 2.532146 -91.932896 0.655078 0.968350 0.000000 6.118315 0.323242
  907 2.491449 -43.358985 0.893750 1.106301 0.000000 5.668067 0.349609
  908 2.263846 -72.800371 0.982617 0.924673 0.000000 4.821549 0.389648
  909 1.902630 -64.710062 0.947070 0.908266 0.000000 5.068110 0.376953
  910 1.808101 -59.557673 1.259375 0.873148 0.000000 3.593283 0.540039
  911 1.849870 -59.045220 1.266992 0.768016 0.000000 4.249722 0.464844
  912 2.343891 -69.305277 1.180664 0.768452 0.000000 4.417143 0.471680
  913 2.565199 -69.477835 0.987695 0.844581 0.000000 5.394451 0.377930
  914 3.717032 -77.565899 1.061328 0.600012 0.000000 5.432227 0.365234
  915 3.455253 -93.664494 0.845508 0.731011 0.000000 5.922415 0.346680
  916 2.672195 -63.636357 0.779492 0.566473 0.000000 5.339826 0.367188
  917 2.557970 -52.737271 1.198437 0.754129 0.000000 4.508890 0.444336
  918 3.335034 -107.473433 0.931836 0.864453 0.000000 5.991220 0.375977
  919 2.828427 -101.073139 0.716016 0.758584 0.000000 6.860935 0.291016
  920 2.141621 -87.523591 0.774414 0.797246 0.000000 6.551106 0.303711
  921 1.592081 -39.735289 1.079102 0.803188 0.000000 5.530894 0.373047
  922 2.002498 -51.794506 1.300000 0.660700 0.000000 3.704907 0.524414
  923 1.419116 -68.289733 1.193359 1.065332 0.000000 3.876009 0.482422
  924 1.500000 -64.517015 1.269531 0.484072 0.000000 3.743396 0.526367
  925 1.271162 -58.622451 1.180664 0.747395 0.000000 3.383509 0.503906
  926 1.376042 -51.830913 1.388867 0.584442 0.000000 3.515439 0.575195
  927 1.664332 -50.050493 1.480273 0.791546 0.000000 3.326920 0.559570
  928 1.969207 -34.976477 1.317773 0.895906 0.000000 3.082275 0.563477
  929 2.493067 -37.122828 1.411719 0.659962 0.000000 3.172102 0.586914
  930 2.512469 -34.108707 1.432031 0.937570 0.000000 3.043909 0.549805
  931 1.720465 -40.144394 1.411719 0.674538 0.000000 3.283523 0.523438
  932 1.418983 -44.929981 1.432031 0.769427 0.000000 2.971962 0.600586
  933 2.000000 -42.435054 1.454883 1.005274 0.000000 3.134370 0.587891
  934 1.886185 -52.058172 1.553906 0.647715 0.000000 3.204764 0.608398
  935 1.586582 -49.500418 1.399023 0.882114 0.000000 3.045244 0.522461
  936 1.551674 -48.607002 1.312695 0.771954 0.000000 3.120676 0.536133
  937 1.692745 -29.178726 1.553906 0.986473 0.000000 3.336443 0.557617
  938 1.969207 -44.108552 1.523437 0.867744 0.000000 3.303770 0.563477
  939 1.233171 -47.713040 1.333008 0.930765 0.000000 3.119060 0.541016
  940 1.703229 -46.866245 1.574219 0.749310 0.000000 3.088866 0.573242
  941 1.795055 -39.553894 1.388867 0.686440 0.000000 3.227528 0.560547
  942 1.373081 -51.649260 1.322852 0.708638 0.000000 3.143634 0.566406
  943 1.897367 -52.768108 1.368555 0.592904 0.000000 3.085637 0.578125
  944 1.969207 -35.243342 1.307617 0.953033 0.000000 3.089367 0.566406
  945 1.918946 -40.217167 1.668164 1.021477 0.000000 3.290965 0.597656
  946 2.592549 -35.714679 1.515820 0.837309 0.000000 3.223004 0.582031
  947 1.638464 -41.726354 1.399023 1.054882 0.000000 3.219842 0.559570
  948 1.166667 -50.470720 1.386328 0.992965 0.000000 3.279630 0.574219
  949 1.787142 -49.054935 1.368555 0.633099 0.000000 3.558351 0.554688
  950 1.680697 -58.493615 1.416797 0.605479 0.000000 3.279433 0.531250
  951 1.118034 -40.394028 1.348242 0.821804 0.000000 3.483173 0.549805
  952 1.240347 -56.489783 1.246680 0.640716 0.000000 3.623121 0.496094
  953 1.581139 -54.161445 1.294922 1.006576 0.000000 3.927037 0.481445
  954 1.649242 -48.693823 1.173047 0.909765 0.000000 3.746553 0.487305
  955 1.824829 -46.254903 1.333008 0.810643 0.000000 3.664415 0.503906
  956 1.817348 -69.624394 1.228906 0.950948 0.000000 4.035199 0.481445
  957 2.000000 -75.846411 1.142578 0.850513 0.000000 4.387234 0.444336
  958 2.144192 -53.258944 1.167969 1.046888 0.000000 3.937613 0.441406
  959 1.720465 -52.587673 1.206055 0.803548 0.000000 3.564870 0.537109
  960 1.849870 -71.508263 1.094336 1.291711 0.000000 3.841696 0.452148
  961 1.469225 -56.770728 1.317773 0.782587 0.000000 3.628831 0.541992
  962 1.866691 -54.246425 1.185742 0.729972 0.000000 3.290904 0.528320
  963 1.811077 -35.572284 1.475195 0.821767 0.000000 3.470367 0.550781
  964 1.393136 -28.285949 1.556445 1.083297 0.000000 3.512663 0.545898
  965 3.605551 -49.393541 1.266992 0.998948 0.000000 3.890619 0.490234
  966 2.529822 -73.015481 1.035938 0.913396 0.000000 4.445822 0.415039
  967 2.224998 -60.056321 1.089258 0.917690 0.000000 4.346851 0.455078
  968 1.717701 -74.341773 1.157813 0.990519 0.000000 4.219054 0.428711
  969 1.811077 -79.124437 1.104492 0.940871 0.000000 4.295079 0.445312
  970 2.446968 -76.494839 1.129883 0.817814 0.000000 4.478781 0.416992
  971 1.827250 -62.574582 1.025781 0.652920 0.000000 5.004640 0.421875
  972 2.761340 -72.588119 1.010547 1.132091 0.000000 6.224506 0.372070
  973 2.408319 -74.885991 0.941992 0.764800 0.000000 5.469382 0.402344
  974 2.627975 -97.126443 0.883594 0.972289 0.000000 6.468053 0.322266
  975 2.899353 -86.043665 0.815039 0.968786 0.000000 6.136588 0.316406
  976 2.252370 -66.050062 1.015625 1.039840 0.000000 4.636034 0.401367
  977 2.913725 -58.862451 1.127344 0.631702 0.000000 4.620685 0.422852
  978 2.270585 -91.212451 1.071484 0.678921 0.000000 4.722181 0.419922
  979 2.798351 -66.999616 1.129883 0.827879 0.000000 4.493556 0.397461
  980 2.578189 -67.810035 1.013086 0.635956 0.000000 4.924476 0.389648
  981 2.109502 -67.812005 1.035938 0.714674 0.000000 4.775870 0.410156
  982 2.335977 -87.429163 0.982617 0.582567 0.000000 5.191093 0.398438
  983 2.527969 -79.438921 0.873438 0.638877 0.000000 5.285411 0.378906
  984 2.009975 -48.765748 1.160352 0.848325 0.000000 4.390203 0.456055
  985 1.638887 -67.947557 1.302539 0.743760 0.000000 3.824814 0.504883
  986 2.508447 -77.073139 0.969922 0.816093 0.000000 4.580533 0.389648
  987 2.144192 -71.508263 1.038477 0.674474 0.000000 4.228542 0.455078
  988 3.313547 -65.165285 1.023242 0.681443 0.000000 4.387433 0.416016
  989 2.624927 -88.226985 0.926758 0.973660 0.000000 6.022675 0.316406
  990 3.502186 -58.991441 0.921680 0.735079 0.000000 5.510731 0.363281
  991 2.469324 -89.447677 0.779492 0.512228 0.000000 6.188221 0.328125
  992 3.002603 -75.915281 0.911523 0.655112 0.000000 5.900188 0.350586
  993 2.529822 -86.851068 0.886133 0.859893 0.000000 6.007716 0.349609
  994 2.236068 -69.988376 0.997852 0.873612 0.000000 5.164946 0.386719
  995 1.773226 -75.083395 0.944531 0.984194 0.000000 4.128135 0.424805
  996 1.863928 -70.420508 0.842969 1.155774 0.000000 4.629771 0.375000
  997 1.564609 -62.213758 0.995313 0.836523 0.000000 3.484651 0.495117
  998 1.638480 -70.430287 1.061328 0.952217 0.000000 4.181402 0.435547
  999 1.827250 -62.540289 1.114648 0.850618 0.000000 4.029014 0.458984
 1000 1.670928 -66.645549 1.236523 0.829160 0.000000 3.554967 0.537109
