8 8 8 8 8 8 8 8 45 63 26 26 26 26 26 26 26 26 26 26 26 26 26 63 37 37 0 0 0 0 0 0 0 0 0 0 0 0 0 0 0 0 0 0 0 0 0 0 0 0 0 0 0 0 0 0 0 0 0 0 0 0 0 0 0 0 0 0 0 0 0 0 0 0 0 0 0 0 37 37 0 48 11 11 11 11 11 11 11 11 11 11 11 11 48 38 1 1 1 1 1 1 1 1 1 1 1 1 1 1 1 1 38 67 30 30 30 30 30 30 30 30 30 30 30 30 30 30 30 67 69 32 32 32 32 32 32 32 32 69 51 14 14 14 14 14 14 14 14 14 14 14 51 0 0 45 8 8 8 8 
8 8 8 8 8 8 8 8 8 45 63 26 26 26 26 26 26 26 26 26 26 26 26 26 63 37 37 0 0 0 0 0 0 0 0 0 0 0 0 0 0 0 0 0 0 0 0 0 0 0 0 0 0 0 0 0 0 0 0 0 0 0 0 0 0 0 0 0 0 0 0 0 0 0 0 0 0 0 0 37 48 11 11 11 11 11 11 11 11 11 11 11 11 11 48 38 1 1 1 1 1 1 1 1 1 1 1 1 1 1 1 1 1 38 67 30 30 30 30 30 30 30 30 30 30 30 30 30 30 67 69 32 32 32 32 32 32 32 32 69 51 14 14 14 14 14 14 14 14 14 14 14 14 51 0 45 8 8 8 8 
8 8 8 8 8 8 8 8 8 45 63 26 26 26 26 26 26 26 26 26 26 26 26 26 63 0 37 37 0 0 0 0 0 0 0 0 0 0 0 0 0 0 0 0 0 0 0 0 0 0 0 0 0 0 0 0 0 0 0 0 0 0 0 0 0 0 0 0 0 0 0 0 0 0 0 0 0 0 48 48 11 11 11 11 11 11 11 11 11 11 11 11 11 11 48 38 1 1 1 1 1 1 1 1 1 1 1 1 1 1 1 1 1 38 41 67 67 67 30 30 30 30 30 30 30 30 30 30 67 69 32 32 32 32 32 32 32 32 32 69 51 14 14 14 14 14 14 14 14 14 14 14 51 0 0 45 8 8 8 8 
8 8 8 8 8 8 8 8 8 45 63 26 26 26 26 26 26 26 26 26 26 26 26 26 63 0 0 37 37 0 0 0 0 0 0 0 0 0 0 0 0 0 0 0 0 0 0 0 0 0 0 0 0 0 0 0 0 0 0 0 0 0 0 0 0 0 0 0 0 0 0 0 0 0 0 0 0 48 11 11 11 11 11 11 11 11 11 11 11 11 11 11 11 11 48 38 1 1 1 1 1 1 1 1 1 1 1 1 1 1 1 1 38 41 4 41 41 41 67 30 30 30 30 30 30 30 30 30 67 69 32 32 32 32 32 32 32 32 32 69 51 14 14 14 14 14 14 14 14 14 14 14 51 0 0 45 8 8 8 8 
8 8 8 8 8 8 8 8 8 45 63 26 26 26 26 26 26 26 26 26 26 26 26 26 63 0 0 0 37 37 0 0 0 0 0 0 0 0 0 0 0 0 0 0 0 0 0 0 0 0 0 0 0 0 0 0 0 0 0 0 0 0 0 0 0 0 0 0 0 0 0 0 0 0 0 0 0 48 11 11 11 11 11 11 11 11 11 11 11 11 11 11 11 11 48 38 1 1 1 1 1 1 1 1 1 1 1 1 1 1 1 38 41 4 4 4 4 41 67 30 30 30 30 30 30 30 30 67 69 32 32 32 32 32 32 32 32 32 32 69 51 14 14 14 14 14 14 14 14 14 14 14 51 0 0 45 8 8 8 8 
8 8 8 8 8 8 8 8 8 45 63 26 26 26 26 26 26 26 26 26 26 26 26 63 0 0 0 0 0 37 0 0 0 0 0 0 0 0 0 0 0 0 0 0 0 0 0 0 0 0 0 0 0 0 0 0 0 0 0 0 0 0 0 0 0 0 0 0 0 0 0 0 0 0 0 0 0 48 11 11 11 11 11 11 11 11 11 11 11 11 11 11 11 11 48 38 1 1 1 1 1 1 1 1 1 1 1 1 1 1 1 38 41 4 4 4 4 4 41 67 67 30 30 30 30 30 67 69 32 32 32 32 32 32 32 32 32 32 32 32 69 51 14 14 14 14 14 14 14 14 14 51 0 0 45 8 8 8 8 8 
8 8 8 8 8 8 8 8 8 45 63 26 26 26 26 26 26 26 26 26 26 26 26 63 0 0 0 0 0 37 37 0 0 0 0 0 0 0 0 0 0 0 0 0 0 0 0 0 0 0 0 0 0 0 0 0 0 0 0 0 0 0 0 0 0 0 0 0 0 0 0 0 0 0 0 0 48 11 11 11 11 11 11 11 11 11 11 11 11 11 11 11 11 11 48 38 1 1 1 1 1 1 1 1 1 1 1 1 1 1 38 41 4 4 4 4 4 4 4 41 41 67 30 30 30 30 67 69 32 32 32 32 32 32 32 32 32 32 32 32 69 51 14 14 14 14 14 14 14 14 14 51 37 45 8 8 8 8 8 8 
8 8 8 8 8 8 8 8 8 8 45 63 26 26 26 26 26 26 26 26 26 26 26 63 0 0 0 0 0 0 37 37 0 0 0 0 0 0 0 0 0 0 0 0 0 0 0 0 0 0 0 0 0 0 0 0 0 0 0 0 0 0 0 0 0 0 0 0 0 0 0 0 0 0 0 0 0 48 11 11 11 11 11 11 11 11 11 11 11 11 11 11 11 11 48 38 1 1 1 1 1 1 1 1 1 1 1 1 1 38 41 4 4 4 4 4 4 4 4 4 4 41 67 30 30 30 67 69 32 32 32 32 32 32 32 32 32 32 32 69 51 14 14 14 14 14 14 14 14 14 14 51 37 45 8 8 8 8 8 8 
8 8 8 8 8 8 8 8 8 8 45 63 26 26 26 26 26 26 26 26 26 26 26 63 0 0 0 0 0 0 0 37 37 0 0 0 0 0 0 0 0 0 0 0 0 0 0 0 0 0 0 0 0 0 0 0 0 0 0 0 0 0 0 0 0 0 0 0 0 0 0 0 0 0 0 0 0 0 48 11 11 11 11 11 11 11 11 11 11 11 11 11 11 11 48 38 1 1 1 1 1 1 1 1 1 1 1 1 1 38 41 4 4 4 4 4 4 4 4 4 4 4 41 67 30 67 69 32 32 32 32 32 32 32 32 32 32 32 32 69 51 14 14 14 14 14 14 14 14 14 14 51 37 45 8 8 8 8 8 8 
8 8 8 8 8 8 8 8 8 8 45 63 26 26 26 26 26 26 26 26 26 26 26 63 0 0 0 0 0 0 0 0 37 37 0 0 0 0 0 0 0 0 0 0 0 0 0 0 0 0 0 0 0 0 0 0 0 0 0 0 0 0 0 0 0 0 0 0 0 0 0 0 0 0 0 0 0 48 48 11 11 11 11 11 11 11 11 11 11 11 11 11 11 11 11 48 38 1 1 1 1 1 1 1 1 1 1 1 38 41 4 4 4 4 4 4 4 4 4 4 4 4 4 41 67 69 32 32 32 32 32 32 32 32 32 32 32 32 69 51 14 14 14 14 14 14 14 14 14 14 14 51 0 45 8 8 8 8 8 8 
8 8 8 8 8 8 8 8 8 45 63 26 26 26 26 26 26 26 26 26 26 26 26 26 63 0 0 0 0 0 0 0 0 37 0 0 0 0 0 0 0 0 0 0 0 0 0 0 0 0 0 0 0 0 0 0 0 0 0 0 0 0 0 0 0 0 0 0 0 0 0 0 0 0 0 0 0 0 0 48 11 11 11 11 11 11 11 11 11 11 11 11 11 11 11 48 38 38 38 1 1 1 1 1 1 1 1 38 41 4 4 4 4 4 4 4 4 4 4 4 4 4 4 4 41 69 32 32 32 32 32 32 32 32 32 32 32 32 69 51 14 14 14 14 14 14 14 14 14 14 51 0 0 45 8 8 8 8 8 8 
8 8 8 8 8 8 8 8 8 45 63 26 26 26 26 26 26 26 26 26 26 26 26 63 0 0 0 0 0 0 0 0 0 37 37 0 0 0 0 0 0 0 0 0 0 0 0 0 0 0 0 0 0 0 0 0 0 0 0 0 0 0 0 0 0 0 0 0 0 0 0 0 0 0 0 0 0 0 0 0 48 11 11 11 11 11 11 11 11 11 11 11 11 11 11 11 48 41 41 38 38 38 1 1 1 38 38 41 4 4 4 4 4 4 4 4 4 4 4 4 4 4 4 4 41 69 32 32 32 32 32 32 32 32 32 32 32 32 69 51 14 14 14 14 14 14 14 14 14 51 0 0 0 0 45 8 8 8 8 8 
8 8 8 8 8 8 8 8 8 45 63 26 26 26 26 26 26 26 26 26 26 26 26 63 0 0 0 0 0 0 0 0 0 0 37 37 0 0 0 0 0 0 0 0 0 0 0 0 0 0 0 0 0 0 0 0 0 0 0 0 0 0 0 0 0 0 0 0 0 0 0 0 0 0 0 0 0 0 0 0 0 48 48 48 11 11 11 11 11 11 11 11 11 11 48 48 41 4 4 41 41 41 38 38 38 41 41 4 4 4 4 4 4 4 4 4 4 4 4 4 4 4 4 4 41 69 32 32 32 32 32 32 32 32 32 32 32 32 69 51 14 14 14 14 14 14 51 51 51 0 0 0 0 0 37 45 8 8 8 8 
8 8 8 8 8 8 8 8 45 63 26 26 26 26 26 26 26 26 26 26 26 26 63 0 0 0 0 0 0 0 0 0 0 0 0 37 37 0 0 0 0 0 0 0 0 0 0 0 0 0 0 0 0 0 0 0 0 0 0 0 0 0 0 0 0 0 0 0 0 0 0 0 0 0 0 0 0 0 0 0 0 64 64 64 48 11 11 11 11 11 11 11 48 48 54 41 4 4 4 4 4 4 41 41 41 4 4 4 4 4 4 4 4 4 4 4 4 4 4 4 4 4 4 4 41 69 32 32 32 32 32 32 32 32 32 32 32 32 69 51 14 14 14 14 51 51 0 0 0 0 0 0 0 0 37 37 45 8 8 8 
8 8 8 8 8 8 8 8 45 63 63 26 26 26 26 26 26 26 26 26 26 26 63 0 0 0 0 0 0 0 0 0 0 0 0 0 37 37 0 0 0 0 0 0 0 0 0 0 0 0 0 0 0 0 0 0 0 0 0 0 0 0 0 0 0 0 0 0 0 0 0 0 0 0 0 0 0 0 0 0 64 27 27 27 64 48 48 48 11 11 11 48 54 54 17 54 41 4 4 4 4 4 4 4 4 4 4 4 4 4 4 4 4 4 4 4 4 4 4 4 4 4 4 4 41 69 32 32 32 32 32 32 32 32 32 32 32 69 0 51 14 51 51 51 0 0 0 0 0 0 0 0 0 0 0 37 45 8 8 8 
8 8 8 8 8 8 45 45 0 0 0 63 26 26 26 26 26 26 26 26 26 26 63 0 0 0 0 0 0 0 0 0 0 0 0 0 0 37 37 0 0 0 0 0 0 0 0 0 0 0 0 0 0 0 0 0 0 0 0 0 0 0 0 0 0 0 0 0 0 0 0 0 0 0 0 0 0 0 0 64 27 27 27 27 27 64 64 64 48 11 48 54 17 17 17 17 54 41 41 41 4 4 4 4 4 4 4 4 4 4 4 4 4 4 4 4 4 4 4 4 4 4 4 41 69 32 32 32 32 32 32 32 32 32 32 32 69 0 0 0 51 0 0 0 0 0 0 0 0 0 0 0 0 0 0 37 37 45 45 8 
8 8 45 8 45 45 0 0 0 0 37 37 63 26 26 26 26 26 63 63 63 63 0 0 0 0 0 0 0 0 0 0 0 0 0 0 0 0 37 0 0 0 0 0 0 0 0 0 0 0 0 0 0 0 0 0 0 0 0 0 0 0 0 0 0 0 0 0 0 0 0 0 0 0 0 0 0 0 64 27 27 27 27 27 27 27 27 27 64 48 54 17 17 17 17 17 17 54 54 54 41 4 4 4 4 4 4 4 4 4 4 4 4 4 4 4 4 4 4 4 4 4 41 69 32 32 32 32 32 32 32 32 32 32 32 69 0 0 0 0 0 0 0 0 0 0 0 0 0 0 0 0 0 0 0 0 37 0 0 45 
45 45 0 45 0 0 0 0 0 37 37 0 0 63 26 26 26 63 0 0 0 0 0 0 0 0 0 0 0 0 0 0 0 0 0 0 0 0 37 37 0 0 0 0 0 0 0 0 0 0 0 0 0 0 0 0 0 0 0 0 0 0 0 0 0 0 0 0 0 0 0 0 0 0 0 0 0 64 27 27 27 27 27 27 27 27 27 27 27 64 54 17 17 17 17 17 17 17 17 17 54 41 41 41 4 4 4 4 4 4 4 4 4 4 4 4 4 4 4 4 4 41 69 32 32 32 32 32 32 32 32 32 32 32 69 37 37 0 0 0 0 0 0 0 0 0 0 0 0 0 0 0 0 0 0 0 37 37 0 0 
0 0 0 0 0 0 0 0 0 37 0 0 0 0 63 26 63 0 0 0 0 0 0 0 0 0 0 0 0 0 0 0 0 0 0 0 0 0 0 37 37 0 0 0 0 0 0 0 0 0 0 0 0 0 0 0 0 0 0 0 0 0 0 0 0 0 0 0 0 0 0 0 0 0 0 0 64 27 27 27 27 27 27 27 27 27 27 27 27 27 64 54 17 17 17 17 17 17 17 17 17 54 54 54 41 4 4 4 4 4 4 4 4 4 4 4 4 4 4 4 41 69 32 32 32 32 32 32 32 32 32 32 32 69 0 0 37 37 37 0 0 0 0 0 0 0 0 0 0 0 0 0 0 0 0 0 0 37 0 0 
0 0 0 0 0 0 0 0 37 37 0 0 0 0 0 63 0 0 0 0 0 0 0 0 0 0 0 0 0 0 0 0 0 0 0 0 0 0 0 0 37 37 0 0 0 0 0 0 0 0 0 0 0 0 0 0 0 0 0 0 0 0 0 0 0 0 0 0 0 0 0 0 0 0 0 64 27 27 27 27 27 27 27 27 27 27 27 27 27 27 64 54 17 17 17 17 17 17 17 17 17 17 17 17 54 41 41 41 4 4 4 4 4 4 4 4 4 4 4 41 69 32 32 32 32 32 32 32 32 32 32 32 32 69 0 0 0 0 37 37 37 0 0 0 0 0 0 0 0 0 0 0 0 0 0 0 0 37 37 0 
0 0 0 0 0 0 0 0 37 0 0 0 0 0 0 0 0 0 0 0 0 0 0 0 0 0 0 0 0 0 0 0 0 0 0 0 0 0 0 0 0 37 37 0 0 0 0 0 0 0 0 0 0 0 0 0 0 0 0 0 0 0 0 0 0 0 0 0 0 0 0 0 0 0 0 64 27 27 27 27 27 27 27 27 27 27 27 27 27 27 64 54 17 17 17 17 17 17 17 17 17 17 17 17 17 54 54 54 41 41 4 4 4 4 4 4 4 4 41 0 0 69 32 32 32 32 32 32 32 32 32 32 69 0 0 0 0 0 0 0 37 37 37 0 0 0 0 0 0 0 0 0 0 0 0 0 0 0 37 0 
0 0 0 0 0 0 0 37 37 0 0 0 0 0 0 0 0 0 0 0 0 0 0 0 0 0 0 0 0 0 0 0 0 0 0 0 0 0 0 0 0 0 37 37 0 0 0 0 0 0 0 0 0 0 0 0 0 0 0 0 0 0 0 0 0 0 0 0 0 0 0 0 0 0 64 27 27 27 27 27 27 27 27 27 27 27 27 27 27 27 64 54 17 17 17 17 17 17 17 17 17 17 17 17 17 17 17 17 54 54 41 41 41 41 41 4 4 41 0 0 0 0 69 32 32 69 32 32 32 69 69 69 0 0 0 0 0 0 0 0 0 0 37 37 0 0 0 0 0 0 0 0 0 0 0 0 0 0 37 37 
0 0 0 0 0 0 37 37 0 0 0 0 0 0 0 0 0 0 0 0 0 0 0 0 0 0 0 0 0 0 0 0 0 0 0 0 0 0 0 0 0 0 0 37 0 0 0 0 0 0 0 0 0 0 0 0 0 0 0 0 0 0 0 0 0 0 0 0 0 0 0 0 0 0 64 27 27 27 27 27 27 27 27 27 27 27 27 27 27 27 27 64 54 17 17 17 17 17 17 17 17 17 17 17 17 17 17 17 17 17 54 54 54 54 54 41 41 0 0 0 0 0 0 69 69 0 69 69 69 0 0 0 0 0 0 0 0 0 0 0 0 0 0 37 37 37 0 0 0 0 0 0 0 0 0 0 0 0 0 37 
37 0 0 0 0 0 37 0 0 0 0 0 0 0 0 0 0 0 0 0 0 0 0 0 0 0 0 0 0 0 0 0 0 0 0 0 0 0 0 0 0 0 0 37 37 0 0 0 0 0 0 0 0 0 0 0 0 0 0 0 0 0 0 0 0 0 0 0 0 0 0 0 0 0 0 64 27 27 27 27 27 27 27 27 27 27 27 27 27 27 27 64 54 17 17 17 17 17 17 17 17 17 17 17 17 17 17 17 17 17 17 17 17 17 17 54 54 0 0 0 0 0 0 0 0 0 0 0 0 0 0 0 0 0 0 0 0 0 0 0 0 0 0 0 0 37 37 37 0 0 0 0 0 0 0 0 0 0 0 37 
37 0 0 0 0 37 37 0 0 0 0 0 0 0 0 0 0 0 0 0 0 0 0 0 0 0 0 0 0 0 0 0 0 0 0 0 0 0 0 0 0 0 0 0 37 37 0 0 0 0 0 0 0 0 0 0 0 0 0 0 0 0 0 0 0 0 0 0 0 0 0 0 0 0 0 64 27 27 27 27 27 27 27 27 27 27 27 27 27 27 27 27 64 54 17 17 17 17 17 17 17 17 17 17 17 17 17 17 17 17 17 17 17 17 17 17 54 0 0 0 0 0 0 0 0 0 0 0 0 0 0 0 0 0 0 0 0 0 0 0 0 0 0 0 0 0 0 37 37 37 0 0 0 0 0 0 0 0 0 0 
37 37 0 0 37 37 0 0 0 0 0 0 0 0 0 0 0 0 0 0 0 0 0 0 0 0 0 0 0 0 0 0 0 0 0 0 0 0 0 0 0 0 0 0 0 37 37 0 0 0 0 0 0 0 0 0 0 0 0 0 0 0 0 0 0 0 0 0 0 0 0 0 0 0 0 0 64 27 27 27 27 27 27 27 27 27 27 27 27 27 27 27 27 64 54 17 17 17 17 17 17 17 17 17 17 17 17 17 17 17 17 17 17 17 17 17 54 0 0 0 0 0 0 0 0 0 0 0 0 0 0 0 0 0 0 0 0 0 0 0 0 0 0 0 0 0 0 0 0 37 37 37 0 0 0 0 0 0 0 0 
0 37 0 0 37 0 0 0 0 0 0 0 0 0 0 0 0 0 0 0 0 0 0 0 0 0 0 0 0 0 0 0 0 0 0 0 0 0 0 0 0 0 0 0 0 0 37 37 0 0 0 0 0 0 0 0 0 0 0 0 0 0 0 0 0 0 0 0 0 0 0 0 0 0 0 0 0 64 27 27 27 27 27 27 27 27 27 27 27 27 27 27 27 64 54 17 17 17 17 17 17 17 17 17 17 17 17 17 17 17 17 17 17 17 17 54 0 0 0 0 0 0 0 0 0 0 0 0 0 0 0 0 0 0 0 0 0 0 0 0 0 0 0 0 0 0 0 0 0 0 0 37 37 37 0 0 0 0 0 0 
0 37 37 37 37 0 0 0 0 0 0 0 0 0 0 0 0 0 0 0 0 0 0 0 0 0 0 0 0 0 0 0 0 0 0 0 0 0 0 0 0 0 0 0 0 0 0 37 37 0 0 0 0 0 0 0 0 0 0 0 0 0 0 0 0 0 0 0 0 0 0 0 0 0 0 0 0 0 64 27 27 27 27 27 27 27 27 27 27 27 27 27 27 27 64 54 17 17 17 17 17 17 17 17 17 17 17 17 17 17 17 17 17 17 54 0 0 0 0 0 0 0 0 0 0 0 0 0 0 0 0 0 0 0 0 0 0 0 0 0 0 0 0 0 0 0 0 0 0 0 0 0 0 37 37 37 0 0 0 0 
0 0 37 37 0 0 0 0 0 0 0 0 0 0 0 0 0 0 0 0 0 0 0 0 0 0 0 0 0 0 0 0 0 0 0 0 0 0 0 0 0 0 0 0 0 0 0 0 37 0 0 0 0 0 0 0 0 0 0 0 0 0 0 0 0 0 0 0 0 0 0 0 0 37 37 37 37 37 37 64 27 27 27 27 27 27 27 27 27 27 27 27 27 27 64 54 17 17 17 17 17 17 17 17 17 17 17 17 17 17 17 17 17 17 54 0 0 0 0 0 0 0 0 0 0 0 0 0 0 0 0 0 0 0 0 0 0 0 0 0 0 0 0 0 0 0 0 0 0 0 0 0 0 0 0 37 37 37 0 0 
0 0 37 37 0 0 0 0 0 0 0 0 0 0 0 0 0 0 0 0 0 0 0 0 0 0 0 0 0 0 0 0 0 0 0 0 0 0 0 0 0 0 0 0 0 0 0 0 37 37 0 0 0 0 0 0 0 0 0 0 0 0 0 0 0 0 37 37 37 37 37 37 37 37 0 0 0 0 0 0 64 27 27 27 27 27 27 27 27 27 27 27 27 27 27 64 54 17 17 17 17 17 17 17 17 17 17 17 17 17 17 17 54 54 0 0 0 0 0 0 0 0 0 0 0 0 0 0 0 0 0 0 0 0 0 0 0 0 0 0 0 0 0 0 0 0 0 0 0 0 0 0 0 0 0 0 0 37 37 0 
37 37 37 37 0 0 0 0 0 0 0 0 0 0 0 0 0 0 0 0 0 0 0 0 0 0 0 0 0 0 0 0 0 0 0 0 0 0 0 0 0 0 0 0 0 0 0 0 0 37 37 0 0 0 0 0 0 0 37 37 37 37 37 37 37 37 37 0 0 0 0 0 0 0 0 0 0 0 0 0 0 64 27 27 27 27 27 27 27 27 27 27 27 27 27 27 64 54 17 17 17 17 17 17 17 17 17 17 17 17 17 54 0 0 0 0 0 0 0 0 0 0 0 0 0 0 0 0 0 0 0 0 0 0 0 0 0 0 0 0 0 0 0 0 0 0 0 0 0 0 0 0 0 0 0 0 0 0 37 37 
37 37 37 37 0 0 0 0 0 0 0 0 0 0 0 0 0 0 0 0 0 0 0 0 0 0 0 0 0 0 0 0 0 0 0 0 0 0 0 0 0 0 0 0 0 0 0 0 0 0 37 37 37 37 37 37 37 37 37 0 0 0 0 0 0 0 0 0 0 0 0 0 0 0 0 0 0 0 0 0 0 0 64 27 27 27 27 27 27 27 27 27 27 27 27 27 64 54 17 17 17 17 17 17 17 17 17 17 54 54 54 0 0 0 0 0 0 0 0 0 0 0 0 0 0 0 0 0 0 0 0 0 0 0 0 0 0 0 0 0 0 0 0 0 0 0 0 0 0 0 0 0 0 0 0 0 0 0 0 0 
37 37 37 37 37 0 0 0 0 0 0 0 0 0 0 0 0 0 0 0 0 0 0 0 0 0 0 0 0 0 0 0 0 0 0 0 0 0 0 0 0 0 0 0 37 37 37 37 37 37 37 37 37 0 0 0 0 0 0 0 0 0 0 0 0 0 0 0 0 0 0 0 0 0 0 0 0 0 0 0 0 0 0 64 27 27 27 27 27 27 27 27 27 27 27 27 27 64 54 17 17 17 17 17 17 17 54 54 0 0 0 0 0 0 0 0 0 0 0 0 0 0 0 0 0 0 0 0 0 0 0 0 0 0 0 0 0 0 0 0 0 0 0 0 0 0 0 0 0 0 0 0 0 0 0 0 0 0 0 0 
37 0 0 0 37 37 37 0 0 0 0 0 0 0 0 0 0 0 0 0 0 0 0 0 0 0 0 0 0 0 0 0 0 0 0 0 0 37 37 37 37 37 37 37 37 0 0 0 0 0 0 0 37 0 0 0 0 0 0 0 0 0 0 0 0 0 0 0 0 0 0 0 0 0 0 0 0 0 0 0 0 0 0 0 64 27 27 27 27 27 27 27 27 64 27 64 64 0 0 54 54 54 54 54 54 54 0 0 0 0 0 0 0 0 0 0 0 0 0 0 0 0 0 0 0 0 0 0 0 0 0 0 0 0 0 0 0 0 0 0 0 0 0 0 0 0 0 0 0 0 0 0 0 0 0 0 0 0 0 37 
0 0 0 0 37 37 37 37 37 0 0 0 0 0 0 0 0 0 0 0 0 0 0 0 0 0 0 0 0 0 37 37 37 37 37 37 37 37 0 0 0 0 0 0 0 0 0 0 0 0 0 0 37 37 0 0 0 0 0 0 0 0 0 0 0 0 0 0 0 0 0 0 0 0 0 0 0 0 0 0 0 0 0 0 0 64 27 27 27 27 64 64 64 0 64 0 0 0 0 0 0 0 0 0 0 0 0 0 0 0 0 0 0 0 0 0 0 0 0 0 0 0 0 0 0 0 0 0 0 0 0 0 0 0 0 0 0 0 0 0 0 0 0 0 0 0 0 0 0 0 0 0 0 0 0 0 0 0 0 37 
0 0 0 0 0 37 0 0 37 37 37 0 0 0 0 0 0 0 0 0 0 0 0 37 37 37 37 37 37 37 37 0 0 0 0 0 0 0 0 0 0 0 0 0 0 0 0 0 0 0 0 0 0 37 37 0 0 0 0 0 0 0 0 0 0 0 0 0 0 0 0 0 0 0 0 0 0 0 0 0 0 0 0 0 0 0 64 64 27 64 0 0 0 0 0 0 0 0 0 0 0 0 0 0 0 0 0 0 0 0 0 0 0 0 0 0 0 0 0 0 0 0 0 0 0 0 0 0 0 0 0 0 0 0 0 0 0 0 0 0 0 0 0 0 0 0 0 0 0 0 0 0 0 0 0 0 0 0 37 37 
0 0 0 0 0 37 37 0 0 0 37 37 0 0 0 0 37 37 37 37 37 37 37 37 0 0 0 0 0 0 0 0 0 0 0 0 0 0 0 0 0 0 0 0 0 0 0 0 0 0 0 0 0 0 37 37 0 0 0 0 0 0 0 0 0 0 0 0 0 0 0 0 0 0 0 0 0 0 0 0 0 0 0 0 0 0 0 37 64 0 0 0 0 0 0 0 0 0 0 0 0 0 0 0 0 0 0 0 0 0 0 0 0 0 0 0 0 0 0 0 0 0 0 0 0 0 0 0 0 0 0 0 0 0 0 0 0 0 0 0 0 0 0 0 0 0 0 0 0 0 0 0 0 0 0 0 0 0 37 0 
0 0 0 0 0 0 37 0 0 37 37 37 37 37 37 37 37 0 0 0 0 0 0 0 0 0 0 0 0 0 0 0 0 0 0 0 0 0 0 0 0 0 0 0 0 0 0 0 0 0 0 0 0 0 0 37 37 0 0 0 0 0 0 0 0 0 0 0 0 0 0 0 0 0 0 0 0 0 0 0 0 0 0 0 0 0 0 37 0 0 0 0 0 0 0 0 0 0 0 0 0 0 0 0 0 0 0 0 0 0 0 0 0 0 0 0 0 0 0 0 0 0 0 0 0 0 0 0 0 0 0 0 0 0 0 0 0 0 0 0 0 0 0 0 0 0 0 0 0 0 0 0 0 0 0 0 0 37 37 0 
0 0 37 37 37 37 37 37 37 37 0 0 0 37 37 37 0 0 0 0 0 0 0 0 0 0 0 0 0 0 0 0 0 0 0 0 0 0 0 0 0 0 0 0 0 0 0 0 0 0 0 0 0 0 0 0 37 37 0 0 0 0 0 0 0 0 0 0 0 0 0 0 0 0 0 0 0 0 0 0 0 0 0 0 0 0 0 37 37 0 0 0 0 0 0 0 0 0 0 0 0 0 0 0 0 0 0 0 0 0 0 0 0 0 0 0 0 0 0 0 0 0 0 0 0 0 0 0 0 0 0 0 0 0 0 0 0 0 0 0 0 0 0 0 0 0 0 0 0 0 0 0 0 0 0 0 37 37 0 0 
37 37 37 0 0 0 0 37 0 0 0 0 0 0 0 37 37 37 0 0 0 0 0 0 0 0 0 0 0 0 0 0 0 0 0 0 0 0 0 0 0 0 0 0 0 0 0 0 0 0 0 0 0 0 0 0 0 37 0 0 0 0 0 0 0 0 0 0 0 0 0 0 0 0 0 0 0 0 0 0 0 0 0 0 0 0 0 0 37 0 0 0 0 0 0 0 0 0 0 0 0 0 0 0 0 0 0 0 0 0 0 0 0 0 0 0 0 0 0 0 0 0 0 0 0 0 0 0 0 0 0 0 0 0 0 0 0 0 0 0 0 0 0 0 0 0 0 0 0 0 0 0 0 0 0 37 37 37 37 37 
0 0 0 0 0 0 0 37 37 0 0 0 0 0 0 0 0 37 37 37 0 0 0 0 0 0 0 0 0 0 0 0 0 0 0 0 0 0 0 0 0 0 0 0 0 0 0 0 0 0 0 0 0 0 0 0 0 37 37 0 0 0 0 0 0 0 0 0 0 0 0 0 0 0 0 62 0 0 0 0 0 0 0 0 0 0 0 0 37 0 0 0 0 0 0 0 0 0 0 0 0 0 0 0 0 0 0 0 0 0 0 0 0 0 0 0 0 0 0 0 0 0 0 0 0 0 0 0 0 0 0 0 0 0 0 0 0 0 0 0 0 0 0 0 0 0 0 37 37 37 37 37 37 37 37 37 37 0 0 0 
0 0 0 0 0 0 0 0 37 0 0 0 0 0 0 0 0 0 0 37 37 37 0 0 0 0 0 0 0 0 0 0 0 0 0 0 0 0 0 0 0 0 0 0 0 0 0 0 0 0 0 0 0 0 0 0 0 0 37 37 0 0 0 0 0 0 0 0 0 0 0 62 62 62 62 25 62 0 0 62 0 0 0 0 0 0 0 0 37 0 0 0 0 0 0 0 0 0 0 0 0 0 0 0 0 0 0 0 0 0 0 0 0 0 0 0 0 0 0 0 0 0 0 0 0 0 0 0 0 0 0 0 0 0 0 0 0 0 0 0 37 37 37 37 37 37 37 37 0 0 0 0 0 0 0 37 0 0 0 0 
0 0 0 0 0 0 0 0 37 37 0 0 0 0 0 0 0 0 0 0 0 37 37 37 0 0 0 0 0 0 0 0 0 0 0 0 0 0 0 0 0 0 0 0 0 0 0 0 0 0 47 47 0 0 0 0 0 0 0 37 37 0 0 0 0 0 0 0 0 0 62 25 25 25 25 25 25 62 62 25 62 62 0 0 0 0 0 0 37 0 0 0 0 0 0 0 0 0 0 0 0 0 0 0 0 0 0 0 0 0 0 0 0 0 0 0 0 0 0 0 0 0 0 0 0 0 0 0 0 0 0 0 0 37 37 37 37 37 37 37 37 0 0 0 0 0 0 0 0 0 0 0 0 0 37 37 0 0 0 0 
0 0 0 0 0 0 0 0 0 37 0 0 0 0 0 0 0 0 0 0 0 0 0 37 37 0 0 0 0 0 0 0 0 0 0 0 0 0 0 0 0 0 0 0 0 0 0 0 0 47 10 10 47 47 47 47 47 47 47 0 37 37 0 0 0 0 0 0 0 62 25 25 25 25 25 25 25 25 25 25 25 62 0 0 0 0 0 0 37 37 0 0 0 0 0 0 0 0 0 0 0 0 0 0 0 0 0 0 0 0 0 0 0 0 0 0 0 0 0 0 0 0 0 0 0 0 37 37 37 37 37 37 37 37 0 0 0 0 0 0 0 0 0 0 0 0 0 0 0 0 0 0 0 37 37 0 0 0 0 0 
0 0 0 0 0 0 0 0 0 37 37 0 0 0 0 0 0 0 0 0 0 0 0 0 37 37 37 0 0 0 0 0 0 0 0 0 0 0 0 0 0 0 0 0 0 0 0 47 47 10 10 10 10 10 10 10 10 10 10 47 0 37 37 0 0 0 0 0 62 25 25 25 25 25 25 25 25 25 25 25 25 25 62 0 0 0 0 0 0 37 0 0 0 0 0 0 0 0 0 0 0 0 0 0 0 0 0 0 0 0 0 0 0 0 0 0 0 0 0 37 37 37 37 37 37 37 37 0 0 0 0 0 0 0 0 0 0 0 0 0 0 0 0 0 0 0 0 0 0 0 0 0 0 37 0 0 0 0 0 0 
0 0 0 0 0 0 0 0 0 0 37 0 0 0 0 0 0 0 0 0 0 0 0 0 0 0 37 37 37 0 0 0 0 0 0 0 0 0 0 0 0 0 0 0 47 47 47 10 10 10 10 10 10 10 10 10 10 10 10 10 47 0 37 0 0 0 0 62 25 25 25 25 25 25 25 25 25 25 25 25 25 25 25 62 0 0 0 0 0 37 0 0 0 0 0 0 0 0 0 0 0 0 0 0 0 0 0 0 0 0 0 0 37 37 37 37 37 37 37 37 0 0 0 0 0 0 0 0 0 0 0 0 0 0 0 0 0 0 0 0 0 0 0 0 0 0 0 0 0 0 0 0 37 37 0 0 0 0 0 0 
0 0 0 0 0 0 0 0 0 0 37 37 0 0 0 0 0 0 0 0 0 0 0 0 0 0 0 0 37 37 37 0 0 0 0 0 0 0 0 0 0 0 0 47 10 10 10 10 10 10 10 10 10 10 10 10 10 10 10 10 10 47 37 37 0 0 62 25 25 25 25 25 25 25 25 25 25 25 25 25 25 25 25 25 62 0 0 0 0 37 0 0 0 0 0 0 0 0 0 0 0 0 0 0 0 37 37 37 37 37 56 56 56 56 0 0 0 0 0 0 0 0 0 0 0 0 0 0 0 0 0 0 0 0 0 0 0 0 0 0 0 0 0 0 0 0 0 0 0 0 0 37 37 0 0 0 0 0 0 0 
0 0 0 0 0 0 0 0 0 0 0 37 0 0 0 0 0 0 0 0 0 0 0 0 0 0 0 0 0 0 37 37 37 0 0 0 0 0 0 0 0 0 47 10 10 10 10 10 10 10 10 10 10 10 10 10 10 10 10 10 10 47 0 37 37 0 62 25 25 25 25 25 25 25 25 25 25 25 25 25 25 25 25 25 62 0 0 0 0 37 37 0 0 0 0 0 0 0 37 37 37 37 37 37 37 37 0 0 0 56 19 19 19 19 56 0 0 0 0 0 0 0 0 0 0 0 0 0 0 0 0 0 0 0 0 0 0 0 0 0 0 0 0 0 0 0 0 0 0 0 0 37 0 0 0 0 0 0 0 0 
0 0 0 0 0 0 0 0 0 0 0 37 0 0 0 0 0 0 0 0 0 0 0 0 0 0 0 0 0 0 0 0 37 37 37 0 0 0 0 0 0 0 47 10 10 10 10 10 10 10 10 10 10 10 10 10 10 10 10 10 10 47 0 0 37 37 62 25 25 25 25 25 25 25 25 25 25 25 25 25 25 25 25 25 62 0 0 0 0 0 37 37 37 37 37 37 37 37 37 0 0 0 0 0 0 0 0 0 56 19 19 19 19 19 19 56 56 0 0 0 0 0 0 0 0 0 0 0 0 0 0 0 0 0 0 0 0 0 0 0 0 0 0 0 0 0 0 0 0 0 37 37 0 0 0 0 0 0 0 0 
0 0 0 0 0 0 0 0 0 0 0 37 37 0 0 0 0 0 0 0 0 0 0 0 0 0 0 0 0 0 0 0 0 0 37 37 37 0 0 0 0 47 10 10 10 10 10 10 10 10 10 10 10 10 10 10 10 10 10 10 10 10 47 0 0 37 62 25 25 25 25 25 25 25 25 25 25 25 25 25 25 25 25 25 25 62 0 0 0 0 37 0 0 0 0 0 0 0 0 0 0 0 0 0 0 0 56 56 19 19 19 19 19 19 19 19 19 56 56 0 0 0 0 0 0 0 0 0 0 0 0 0 0 0 0 0 0 0 0 0 0 0 0 0 0 0 0 0 0 0 37 0 0 0 0 0 0 0 0 0 
0 0 0 0 0 0 0 0 0 0 0 0 37 0 0 0 0 0 0 0 0 0 0 0 0 0 0 0 0 0 0 0 0 0 0 0 37 37 37 0 0 47 10 10 10 10 10 10 10 10 10 10 10 10 10 10 10 10 10 10 10 10 47 0 0 62 25 25 25 25 25 25 25 25 25 25 25 25 25 25 25 25 25 25 25 62 0 0 0 0 37 0 0 0 0 0 0 0 0 0 0 0 0 0 0 0 56 19 19 19 19 19 19 19 19 19 19 19 19 56 56 0 0 0 0 0 0 0 0 0 0 0 0 0 0 0 0 0 0 0 0 0 0 0 0 0 0 0 0 37 37 0 0 0 0 0 0 0 0 0 
0 0 0 0 0 0 0 0 0 0 0 0 37 37 0 0 0 0 0 0 0 0 0 0 0 0 0 0 0 0 0 0 0 0 0 0 0 0 37 37 0 47 47 10 10 10 10 10 10 10 10 10 10 10 10 10 10 10 10 10 10 10 10 47 0 62 25 25 25 25 25 25 25 25 25 25 25 25 25 25 25 25 25 25 25 62 0 0 0 0 37 37 0 0 0 0 0 0 0 0 0 0 0 0 0 56 19 19 19 19 19 19 19 19 19 19 19 19 19 19 19 56 0 0 0 0 0 0 0 0 0 0 0 0 0 0 0 0 0 0 0 0 0 0 0 0 0 0 37 37 0 0 0 0 0 0 0 0 0 0 
0 0 0 0 0 0 0 0 0 0 0 0 0 37 0 0 0 0 0 0 0 0 0 0 0 0 0 0 0 0 0 0 0 0 0 0 0 0 0 44 44 44 44 47 47 10 47 10 10 10 10 10 10 10 10 10 10 10 10 10 10 10 10 47 0 0 62 25 25 25 25 25 25 25 25 25 25 25 25 25 25 25 25 25 62 0 0 0 0 0 0 37 0 0 0 0 0 0 0 0 0 0 0 0 56 19 19 19 19 19 19 19 19 19 19 19 19 19 19 19 19 19 56 0 0 0 0 0 0 0 0 0 0 0 0 0 0 0 0 0 0 0 0 0 0 0 0 0 37 0 0 0 0 0 0 0 0 0 0 0 
0 0 0 0 0 0 0 0 0 0 0 0 0 37 37 0 0 0 0 0 0 0 0 0 0 0 0 0 0 0 0 0 0 0 0 0 0 0 0 44 7 7 7 44 44 47 44 47 10 10 10 10 10 10 10 10 10 10 10 10 10 10 10 10 47 0 62 25 25 25 25 25 25 25 25 25 25 25 25 25 25 25 25 25 62 0 0 0 0 0 0 37 0 0 0 0 0 0 0 0 0 0 0 0 56 19 19 19 19 19 19 19 19 19 19 19 19 19 19 19 19 19 56 0 0 0 0 0 0 0 0 0 0 0 0 0 0 0 0 0 0 0 0 0 0 0 0 37 37 0 0 0 0 0 0 0 0 0 0 0 
0 0 0 0 0 0 0 0 0 0 0 0 0 0 37 0 0 0 0 0 0 0 0 0 0 0 0 0 0 0 0 0 0 0 0 0 0 0 44 7 7 7 7 7 7 44 7 44 47 10 10 10 10 10 10 10 10 10 10 10 10 10 10 10 47 0 62 25 25 25 25 25 25 25 25 25 25 25 25 25 25 25 25 25 62 0 0 0 0 0 0 37 0 0 0 0 0 0 0 0 0 0 0 56 19 19 19 19 19 19 19 19 19 19 19 19 19 19 19 19 19 19 19 56 0 0 0 0 0 0 0 0 0 0 0 0 0 0 0 0 0 0 0 0 0 0 37 37 0 0 0 0 0 0 0 0 0 0 0 0 
0 0 0 0 0 0 0 0 0 0 0 0 0 0 37 37 0 0 0 0 0 0 0 0 0 0 0 0 0 0 0 0 0 0 0 0 0 0 44 7 7 7 7 7 7 7 7 7 44 47 10 10 10 10 10 10 10 10 10 10 10 10 10 10 47 0 62 25 25 25 25 25 25 25 25 25 25 25 25 25 25 25 25 25 62 0 0 0 0 0 0 37 37 0 0 0 0 0 0 0 0 0 56 19 19 19 19 19 19 19 19 19 19 19 19 19 19 19 19 19 19 19 19 56 0 0 0 0 0 0 0 0 0 0 0 0 0 0 0 0 0 0 0 0 0 0 37 0 0 0 0 0 0 0 0 0 0 0 0 0 
0 0 0 0 0 0 0 0 0 0 0 0 0 0 0 37 0 0 0 0 0 0 0 0 0 0 0 0 0 0 0 0 0 0 0 0 0 0 44 7 7 7 7 7 7 7 7 7 7 44 47 10 10 10 10 10 10 10 10 10 10 10 10 10 47 0 0 62 25 25 25 25 25 25 25 25 25 25 25 25 25 25 25 62 0 0 0 0 0 0 0 0 37 0 0 0 0 0 0 0 0 0 0 56 19 19 19 19 19 19 19 19 19 19 19 19 19 19 19 19 19 19 19 56 0 0 0 0 0 0 0 0 0 0 0 0 0 0 0 0 0 0 0 0 0 37 37 0 0 0 0 0 0 0 0 0 0 0 0 0 
0 0 0 0 0 0 0 0 0 0 0 0 0 0 0 37 37 0 0 0 0 0 0 0 0 0 0 0 0 0 0 0 0 0 0 0 0 0 44 7 7 7 7 7 7 7 7 7 7 7 44 47 47 10 10 10 10 10 10 10 10 10 10 10 47 0 0 0 62 25 25 25 25 25 25 25 25 25 25 25 25 25 62 0 0 0 0 0 0 0 0 0 37 0 0 0 0 0 0 0 0 0 0 56 19 19 19 19 19 19 19 19 19 19 19 19 19 19 19 19 19 19 19 56 0 0 0 0 0 0 0 0 0 0 0 0 0 0 0 0 0 0 0 0 0 37 0 0 0 0 0 0 0 0 0 0 0 0 0 0 
0 0 0 0 0 0 0 0 0 0 0 0 0 0 0 0 37 0 0 0 0 0 0 0 0 0 0 0 0 0 0 0 0 0 0 0 0 44 7 7 7 7 7 7 7 7 7 7 7 7 7 44 44 47 10 10 10 10 10 10 10 10 10 10 10 47 0 0 0 62 62 62 25 62 25 25 25 25 25 25 25 62 0 0 0 0 0 0 0 0 0 0 37 0 0 0 0 0 0 0 0 0 0 56 19 19 19 19 19 19 19 19 19 19 19 19 19 19 19 19 19 19 19 56 0 0 0 0 0 0 0 0 0 0 0 0 0 0 0 0 0 0 0 0 37 37 0 0 0 0 0 0 0 0 0 0 0 0 0 0 
0 0 0 0 0 0 0 0 0 0 0 0 0 0 0 0 37 37 0 0 0 0 0 0 0 0 0 0 0 0 0 0 0 0 0 0 0 0 44 7 7 7 7 7 7 7 7 7 7 7 7 7 7 44 47 10 10 10 10 10 10 10 10 47 47 46 46 0 0 0 0 0 62 37 62 62 62 25 25 25 62 0 0 0 0 0 0 0 0 0 0 0 37 0 0 0 0 0 0 0 0 0 0 0 56 19 19 19 19 19 19 19 19 19 19 19 19 19 19 19 19 19 56 0 0 0 0 0 0 0 0 0 0 0 0 0 0 0 0 0 0 0 0 37 37 0 0 0 0 0 0 0 0 0 0 0 0 0 0 0 
0 0 0 0 0 0 0 0 0 0 0 0 0 0 0 0 0 37 0 0 0 0 0 0 0 0 0 0 0 0 0 0 0 0 0 0 0 44 7 7 7 7 7 7 7 7 7 7 7 7 7 7 7 7 44 47 10 10 10 10 10 10 47 46 46 9 9 46 46 0 0 0 0 0 37 37 0 62 62 62 0 0 0 0 0 0 0 0 0 0 0 0 37 37 0 0 0 0 0 0 0 0 0 0 0 56 19 19 19 19 19 19 19 19 19 19 19 19 19 19 19 19 56 0 0 0 0 0 0 0 0 0 0 0 0 0 0 0 0 0 0 0 0 37 0 0 0 0 0 0 0 0 0 0 0 0 0 0 0 0 
0 0 0 0 0 0 0 0 0 0 0 0 0 0 0 0 0 37 37 0 0 0 0 0 0 0 0 0 0 0 0 0 0 0 0 0 44 7 7 7 7 7 7 7 7 7 7 7 7 7 7 7 7 7 7 44 47 10 10 10 10 47 46 9 9 9 9 9 9 46 46 46 46 0 0 37 37 0 0 0 0 0 0 0 0 0 0 0 0 0 0 0 0 37 0 0 0 0 0 0 0 0 0 0 0 0 56 19 19 19 19 19 19 19 19 19 19 19 19 19 19 19 56 0 0 0 0 0 0 0 0 0 0 0 0 0 0 0 0 0 0 0 37 37 0 0 0 0 0 0 0 0 0 0 0 0 0 0 0 0 
0 0 0 0 0 0 0 0 0 0 0 0 0 0 0 0 0 0 37 0 0 0 0 0 0 0 0 0 0 0 0 0 0 0 0 0 44 7 7 7 7 7 7 7 7 7 7 7 7 7 7 7 7 7 7 7 44 47 10 10 47 46 9 9 9 9 9 9 9 9 9 9 9 46 0 0 37 0 0 0 0 0 0 0 0 0 0 0 0 0 0 0 0 37 0 0 0 0 0 0 0 0 0 0 0 0 56 19 19 19 19 19 19 19 19 19 19 19 19 19 19 56 0 0 0 0 0 0 0 0 0 0 0 0 0 0 0 0 0 0 0 37 37 0 0 0 0 0 0 0 0 0 0 0 0 0 0 0 0 0 
0 0 0 0 0 0 0 0 0 0 0 0 0 0 0 0 0 0 37 37 0 0 0 0 0 0 0 0 0 0 0 0 0 0 0 0 0 44 7 7 7 7 7 7 7 7 7 7 7 7 7 7 7 7 7 7 44 47 10 47 46 9 9 9 9 9 9 9 9 9 9 9 9 46 0 0 37 37 0 0 0 0 0 0 0 0 0 0 0 0 0 0 0 37 0 0 0 0 0 0 0 0 0 0 0 0 56 56 19 19 19 19 19 19 19 19 19 19 19 19 56 0 0 0 0 0 0 0 0 0 0 0 0 0 0 0 0 0 0 0 0 37 0 0 0 0 0 0 0 0 0 0 0 0 0 0 0 0 0 0 
0 0 0 0 0 0 0 0 0 0 0 0 0 0 0 0 0 0 0 37 0 0 0 0 0 0 0 0 0 0 0 0 0 0 0 0 0 44 7 7 7 7 7 7 7 7 7 7 7 7 7 7 7 7 7 7 7 44 47 46 9 9 9 9 9 9 9 9 9 9 9 9 9 9 46 0 0 37 37 0 0 0 0 0 0 0 0 0 0 0 0 0 0 37 37 0 0 0 0 0 0 0 0 0 0 0 0 0 56 19 19 19 19 19 19 19 19 56 56 56 0 0 0 0 0 0 0 0 0 0 0 0 0 0 0 0 0 0 0 0 37 37 0 0 0 0 0 0 0 0 0 0 0 0 0 0 0 0 0 0 
0 0 0 0 0 0 0 0 0 0 0 0 0 0 0 0 0 0 0 37 37 0 0 0 0 0 0 0 37 37 37 37 37 37 37 37 44 7 7 7 7 7 7 7 7 7 7 7 7 7 7 7 7 7 7 7 7 44 46 9 9 9 9 9 9 9 9 9 9 9 9 9 9 9 46 0 0 0 37 37 0 0 0 0 0 0 0 0 0 0 0 0 0 0 37 0 0 0 0 0 0 0 0 0 0 0 0 0 0 56 56 56 19 56 56 56 56 0 0 0 0 0 0 0 0 0 0 0 0 0 0 0 0 0 0 0 0 0 0 0 37 0 0 0 0 0 0 0 0 0 0 0 0 0 0 0 0 0 0 0 
0 0 0 0 0 0 0 0 0 0 0 0 0 0 0 0 0 0 0 37 37 37 37 37 37 37 37 37 37 0 0 0 0 0 0 0 0 44 7 7 7 7 7 7 7 7 7 7 7 7 7 7 7 7 7 7 44 46 9 9 9 9 9 9 9 9 9 9 9 9 9 9 9 46 0 0 0 0 0 37 37 0 0 0 0 0 0 0 0 0 0 0 0 0 37 0 0 0 0 0 0 0 0 0 0 0 0 0 0 0 0 0 56 0 0 0 0 0 0 0 0 0 0 0 0 0 0 0 0 0 0 0 0 0 0 0 0 0 0 37 37 0 0 0 0 0 0 0 0 0 0 0 0 0 0 0 0 0 0 0 
0 0 0 0 0 0 0 0 0 0 37 37 37 37 37 37 37 37 37 37 37 0 0 0 0 0 0 0 0 0 0 0 0 0 0 0 0 0 44 7 7 7 7 7 7 7 7 7 7 7 7 7 7 7 7 7 44 46 9 9 9 9 9 9 9 9 9 9 9 9 9 9 9 46 0 0 0 0 0 0 37 37 0 0 0 0 0 0 0 0 0 0 0 0 37 0 0 0 0 0 0 0 0 0 0 0 0 0 0 0 0 0 0 0 0 0 0 0 0 0 0 0 0 0 0 0 0 0 0 0 0 0 0 0 0 0 0 0 37 37 0 0 0 0 0 0 0 0 0 0 0 0 0 0 0 0 0 0 0 0 
0 37 37 37 37 37 37 37 37 37 37 0 0 0 0 0 0 0 0 0 37 37 0 0 0 0 0 0 0 0 0 0 0 0 0 0 0 0 0 44 44 44 44 7 7 7 7 7 7 7 7 7 7 7 7 44 46 9 9 9 9 9 9 9 9 9 9 9 9 9 9 9 9 46 0 0 0 0 0 0 0 37 0 0 0 0 0 0 0 0 0 0 0 0 37 37 0 0 0 0 0 0 0 0 0 0 0 0 0 0 0 0 0 0 0 0 0 0 0 0 0 0 0 0 0 0 0 0 0 0 0 0 0 0 0 0 0 0 37 0 0 0 0 0 0 0 0 0 0 0 0 0 0 0 0 0 0 0 0 0 
37 37 0 0 0 0 0 0 0 0 0 0 0 0 0 0 0 0 0 0 0 37 0 0 0 0 0 0 0 0 0 0 0 0 0 0 0 0 0 0 0 0 0 44 7 7 7 7 7 7 7 7 7 7 7 44 46 9 9 9 9 9 9 9 9 9 9 9 9 9 9 9 9 46 0 0 0 0 0 0 0 37 37 0 0 0 0 0 0 0 0 0 0 0 0 37 0 0 0 0 0 0 0 0 0 0 0 0 0 0 0 0 0 0 0 0 0 0 0 0 0 0 0 0 0 0 0 0 0 0 0 0 0 0 0 0 0 37 37 0 0 0 0 0 0 0 0 0 0 0 0 0 37 37 37 37 37 37 37 37 
0 0 0 0 0 0 0 0 0 0 0 0 0 0 0 0 0 0 0 0 0 37 37 0 0 0 0 0 0 0 0 0 0 0 0 0 0 0 0 0 0 0 0 0 44 7 7 7 7 7 7 7 7 7 44 46 9 9 9 9 9 9 9 9 9 9 9 9 9 9 9 9 9 46 37 37 0 0 0 0 0 0 37 37 0 0 0 0 0 0 0 0 0 0 0 37 0 0 0 0 0 0 0 0 0 0 0 0 0 0 0 0 0 0 0 0 0 0 0 0 0 0 0 0 0 0 0 0 0 0 0 0 0 0 0 0 37 37 0 0 0 0 0 37 37 37 37 37 37 37 37 37 37 0 0 0 0 0 0 0 
0 0 0 0 0 0 0 0 0 0 0 0 0 0 0 0 0 0 0 0 0 0 37 0 0 0 0 0 0 0 0 0 0 0 0 0 0 0 0 0 0 0 0 0 0 44 7 7 7 7 7 7 7 44 46 9 9 9 9 9 9 9 9 9 9 9 9 9 9 9 9 9 46 0 0 37 37 37 0 0 0 0 0 37 37 0 0 0 0 0 0 0 0 0 0 37 0 0 0 0 0 0 0 0 0 0 0 0 0 0 0 0 0 0 0 0 0 0 0 0 0 0 0 0 0 0 0 0 0 0 0 0 0 37 37 37 37 37 37 37 37 37 37 37 0 0 0 0 0 0 0 0 0 0 0 0 0 0 0 0 
0 0 0 0 0 0 0 0 0 0 0 0 0 0 0 0 0 0 0 0 0 0 37 37 0 0 0 0 0 0 0 0 0 0 0 0 0 0 0 0 0 0 0 0 0 0 44 7 7 7 7 7 44 46 9 9 9 9 9 9 9 9 9 9 9 9 9 9 9 9 9 9 46 0 0 0 0 37 37 37 0 0 0 0 37 37 0 0 0 0 0 0 0 0 0 37 37 0 0 0 0 0 0 0 0 0 0 0 0 0 0 0 0 0 0 0 0 0 0 0 0 0 0 0 37 37 37 37 37 37 37 37 37 37 0 37 37 0 0 0 0 0 0 0 0 0 0 0 0 0 0 0 0 0 0 0 0 0 0 0 
0 0 0 0 0 0 0 0 0 0 0 0 0 0 0 0 0 0 0 0 0 0 0 37 0 0 0 0 0 0 0 0 0 0 0 0 0 0 0 0 0 0 0 0 0 0 0 44 44 7 7 44 46 9 9 9 9 9 9 9 9 9 9 9 9 9 9 9 9 9 9 46 0 0 0 0 0 0 0 37 37 0 0 0 0 37 37 0 0 0 0 0 0 0 0 0 37 0 0 0 0 0 0 0 0 55 55 0 0 0 0 0 0 0 0 37 37 37 37 37 37 37 37 37 37 0 0 0 0 0 0 0 0 0 0 37 0 0 0 0 0 0 0 0 0 0 0 0 0 0 0 0 0 0 61 61 0 0 0 0 
61 0 0 0 0 0 0 0 0 0 0 0 0 0 0 0 0 0 0 0 0 0 0 37 37 0 0 0 0 0 0 0 0 0 0 0 0 0 0 0 0 0 0 0 0 0 0 0 0 44 44 46 9 9 9 9 9 9 9 9 9 9 9 9 9 9 9 9 9 9 46 0 0 0 0 0 0 0 0 0 37 37 37 0 0 0 37 0 0 0 0 0 0 0 0 0 0 0 0 0 0 0 0 0 55 18 18 55 55 55 37 37 37 37 37 37 0 0 0 0 0 0 0 0 0 0 0 0 0 0 0 0 0 0 37 37 0 0 0 0 0 0 0 0 0 0 0 0 0 0 0 0 0 61 24 24 61 61 0 0 
24 61 61 0 0 0 0 0 0 0 0 0 0 0 0 0 0 0 0 0 0 0 0 0 37 0 0 0 0 0 0 0 0 0 0 0 0 0 0 0 0 0 0 0 0 0 0 0 0 0 0 46 9 9 9 9 9 9 9 9 9 9 9 9 9 9 9 9 9 46 0 0 0 0 0 0 0 0 0 0 0 0 37 37 37 0 37 37 0 0 0 0 0 0 0 0 0 37 37 37 37 37 37 55 18 18 18 18 18 18 55 55 0 0 0 0 0 0 0 0 0 0 0 0 0 0 0 0 0 0 0 0 0 37 37 0 0 0 0 0 0 0 0 0 0 0 0 0 0 0 0 0 61 24 24 24 24 24 61 61 
24 24 24 61 0 0 0 0 0 0 0 0 0 0 0 0 0 0 0 0 0 0 0 0 37 37 0 0 0 0 0 0 0 0 0 0 0 0 0 0 0 0 0 0 0 0 0 0 0 0 0 0 46 9 9 9 9 9 9 9 9 9 9 9 9 9 9 9 46 0 0 0 0 0 0 0 0 0 0 0 0 0 0 0 37 37 37 37 37 37 37 37 37 37 37 37 37 37 0 0 0 0 55 18 18 18 18 18 18 18 18 18 55 55 0 0 0 0 0 0 0 0 0 0 0 0 0 0 0 0 0 0 0 37 0 0 0 0 0 0 0 0 0 0 0 0 0 0 0 0 0 0 61 24 24 24 24 24 24 24 
24 24 24 24 61 61 0 0 0 0 0 0 0 0 0 0 0 0 0 0 0 0 0 0 0 37 0 0 0 0 0 0 0 0 0 0 0 0 0 0 0 0 0 0 0 0 0 0 0 0 0 0 0 46 9 9 9 9 9 9 9 9 9 9 9 9 46 46 0 0 0 0 0 0 0 0 0 0 37 37 37 37 37 37 37 37 37 37 37 0 0 0 0 0 0 0 0 0 0 0 0 55 18 18 18 18 18 18 18 18 18 18 18 18 55 55 55 37 0 0 0 0 0 0 0 0 0 0 0 0 0 0 37 37 0 0 0 0 0 0 0 0 0 0 0 0 0 0 0 0 0 61 24 24 24 24 24 24 24 24 
24 24 24 24 24 61 0 0 0 0 0 0 0 0 0 0 0 0 0 0 0 0 50 0 0 50 37 0 0 0 0 0 0 0 0 0 0 0 0 0 0 0 0 0 0 0 0 0 0 0 0 0 0 0 46 46 9 9 9 9 9 9 9 46 46 46 0 0 0 37 37 37 37 37 37 37 37 37 37 0 0 0 0 0 0 0 0 0 37 37 37 0 0 0 0 0 0 0 0 0 55 18 18 18 18 18 18 18 18 18 18 18 18 18 18 18 18 55 55 0 0 0 0 0 0 0 0 0 0 0 0 0 37 0 0 0 0 0 0 0 0 0 0 0 0 0 0 0 0 0 0 61 24 24 24 24 24 24 24 24 
24 24 24 24 24 24 61 0 0 0 0 0 0 0 0 0 0 0 0 0 0 50 13 50 50 13 50 0 0 0 0 0 0 0 0 0 0 0 0 0 0 0 0 0 0 0 0 0 0 0 0 0 0 0 0 0 46 46 46 46 46 46 46 37 37 37 37 37 37 37 0 0 0 0 0 0 0 0 0 0 0 0 0 0 0 0 0 0 0 0 37 37 37 0 0 0 0 0 0 55 18 18 18 18 18 18 18 18 18 18 18 18 18 18 18 18 18 18 18 55 0 0 0 0 0 0 0 0 0 0 0 37 37 0 0 0 0 0 0 0 0 0 0 0 0 0 0 0 0 0 61 24 24 24 24 24 24 24 24 24 
24 24 24 24 24 24 24 61 0 0 0 0 0 0 0 0 0 0 0 0 50 13 13 13 13 13 13 50 0 0 0 0 0 0 0 0 0 0 0 0 0 0 0 0 0 0 0 0 0 0 0 0 0 0 0 0 0 0 0 37 37 0 0 0 0 0 0 0 0 0 0 0 0 0 0 0 0 0 0 0 0 0 0 0 0 0 0 0 0 0 0 0 37 37 0 0 0 0 55 18 18 18 18 18 18 18 18 18 18 18 18 18 18 18 18 18 18 18 18 18 55 0 0 0 0 0 0 0 0 0 37 37 0 0 0 0 0 0 0 0 0 0 0 0 0 0 0 0 0 61 24 24 24 24 24 24 24 24 24 24 
24 24 24 24 24 24 24 61 0 0 0 0 0 0 0 50 0 0 50 50 13 13 13 13 13 13 13 13 50 0 0 0 0 0 0 0 0 0 0 0 0 0 0 0 0 0 0 0 0 0 0 0 0 0 0 0 0 0 0 0 37 0 0 0 0 0 0 0 0 58 58 0 0 0 0 0 0 0 0 0 0 0 0 0 0 0 0 0 0 0 0 0 0 37 37 37 0 55 18 18 18 18 18 18 18 18 18 18 18 18 18 18 18 18 18 18 18 18 18 55 37 0 0 0 0 0 0 0 0 0 37 0 0 0 0 0 0 0 0 0 0 0 0 0 0 0 0 0 0 0 61 24 24 24 24 24 24 24 24 24 
24 24 24 24 24 24 24 24 61 0 0 0 0 0 50 13 50 50 13 13 13 13 13 13 13 13 13 13 13 50 0 0 0 0 0 0 0 0 0 0 0 0 0 0 0 0 0 0 0 0 0 0 0 0 0 0 0 0 0 0 37 0 0 0 0 0 0 58 58 21 21 58 0 0 0 0 0 0 0 0 0 0 0 0 0 0 0 0 0 0 0 0 0 0 0 37 55 18 18 18 18 18 18 18 18 18 18 18 18 18 18 18 18 18 18 18 18 18 55 40 37 37 0 0 0 0 0 0 0 37 37 0 0 0 0 0 0 0 0 0 0 0 0 0 0 0 0 0 0 61 24 24 24 24 24 24 24 24 24 24 
24 24 24 24 24 24 24 24 61 0 0 0 0 50 13 13 13 13 13 13 13 13 13 13 13 13 13 13 13 13 50 0 0 0 0 0 0 0 0 0 0 0 0 0 0 0 0 0 0 0 0 0 0 0 0 0 0 0 0 0 37 0 0 0 0 58 58 21 21 21 21 21 58 0 0 0 0 0 0 0 0 0 0 0 0 0 0 0 0 0 0 0 0 0 55 55 18 18 18 18 18 18 18 18 18 18 18 18 18 18 18 18 18 18 18 18 55 55 40 3 40 37 37 0 0 0 0 0 37 37 0 0 0 0 0 0 0 0 0 0 0 0 0 0 0 0 0 0 61 24 24 24 24 24 24 24 24 24 24 24 
24 24 24 24 24 24 24 24 61 0 0 0 50 13 13 13 13 13 13 13 13 13 13 13 13 13 13 13 13 13 13 50 50 0 0 0 0 0 0 0 0 0 0 0 0 0 0 0 0 0 0 0 0 0 0 0 0 0 0 0 37 37 0 0 58 21 21 21 21 21 21 21 21 58 0 0 0 0 0 0 0 0 0 0 0 0 0 0 0 0 0 0 0 55 18 18 18 18 18 18 18 18 18 18 18 18 18 18 18 18 18 18 18 18 18 55 40 40 3 3 3 40 37 0 0 0 0 0 37 0 0 0 0 0 0 0 0 0 0 0 0 0 0 0 0 52 52 52 61 24 24 24 24 24 24 24 24 24 24 24 
24 24 24 24 24 24 24 24 61 0 0 50 13 13 13 13 13 13 13 13 13 13 13 13 13 13 13 13 13 13 13 13 13 50 0 0 0 0 0 0 0 0 0 0 0 0 0 0 0 0 0 0 0 0 0 0 0 0 0 0 0 37 0 0 58 21 21 21 21 21 21 21 21 21 58 0 0 0 0 0 0 0 0 0 0 0 0 0 0 0 0 0 0 55 18 18 18 18 18 18 18 18 18 18 18 18 18 18 18 18 18 18 18 55 55 40 3 3 3 3 3 3 40 37 0 0 0 37 37 0 0 0 0 0 0 0 0 0 0 0 0 0 0 0 52 15 15 15 52 61 24 24 24 24 24 24 24 24 24 24 
24 24 24 24 24 24 24 24 61 0 0 0 50 13 13 13 13 13 13 13 13 13 13 13 13 13 13 13 13 13 13 13 13 13 50 72 0 0 0 0 0 0 0 0 0 0 0 0 0 0 0 0 0 0 0 0 0 0 0 0 0 37 0 58 21 21 21 21 21 21 21 21 21 21 21 58 0 0 0 0 0 0 0 0 0 0 0 0 0 0 0 0 0 55 18 18 18 18 18 18 18 18 18 18 18 18 18 18 18 18 55 55 55 40 40 3 3 3 3 3 3 3 3 40 37 0 0 37 0 0 0 0 0 0 0 0 0 0 0 0 0 0 0 52 15 15 15 15 15 52 61 24 24 24 24 24 24 24 24 24 
24 24 24 24 24 24 24 24 61 0 0 50 13 13 13 13 13 13 13 13 13 13 13 13 13 13 13 13 13 13 13 13 13 50 72 35 72 72 72 72 0 0 0 0 0 0 0 0 0 0 0 0 0 0 0 0 0 0 0 0 0 37 58 21 21 21 21 21 21 21 21 21 21 21 21 21 58 0 0 0 0 0 0 0 0 0 0 0 0 0 0 0 0 55 18 18 18 18 18 18 18 18 18 18 18 18 18 18 55 55 40 40 40 3 3 3 3 3 3 3 3 3 3 3 40 37 37 37 0 0 0 0 0 0 0 0 0 0 0 0 0 0 52 15 15 15 15 15 15 15 52 61 24 24 24 24 24 24 24 24 
24 24 24 24 24 24 24 61 0 0 0 50 13 13 13 13 13 13 13 13 13 13 13 13 13 13 13 13 13 13 13 13 50 72 35 35 35 35 35 35 72 0 0 0 0 0 0 0 0 0 0 0 0 0 0 0 0 0 0 0 0 58 21 21 21 21 21 21 21 21 21 21 21 21 21 21 58 0 0 0 0 0 0 0 0 0 0 0 0 0 0 0 0 55 18 18 18 18 18 18 18 18 18 18 18 18 55 55 40 40 3 3 3 3 3 3 3 3 3 3 3 3 3 3 3 40 37 0 0 0 0 0 0 0 0 0 0 0 0 0 0 52 15 15 15 15 15 15 15 15 15 52 61 24 24 24 24 24 24 24 
24 24 24 24 24 24 24 61 0 0 0 50 13 13 13 13 13 13 13 13 13 13 13 13 13 13 13 13 13 13 13 13 50 72 35 35 35 35 35 35 35 72 0 0 0 0 0 0 0 0 0 0 0 0 0 0 0 0 0 0 58 21 21 21 21 21 21 21 21 21 21 21 21 21 21 21 58 0 0 0 0 0 0 0 0 0 0 0 0 0 0 0 0 0 55 18 18 18 18 18 18 18 18 18 18 55 40 40 3 3 3 3 3 3 3 3 3 3 3 3 3 3 3 3 3 3 40 37 0 0 0 0 0 0 0 0 0 0 0 0 52 15 15 15 15 15 15 15 15 15 15 15 52 61 24 24 24 24 24 24 
24 24 24 24 24 24 24 61 0 0 0 50 13 13 13 13 13 13 13 13 13 13 13 13 13 13 13 13 13 13 13 50 72 35 35 35 35 35 35 35 35 35 72 0 0 0 0 0 0 0 0 0 0 0 0 0 0 0 0 0 58 21 21 21 21 21 21 21 21 21 21 21 21 21 21 21 21 58 0 0 0 0 0 0 0 0 0 0 0 0 0 0 0 0 0 55 18 18 18 18 18 18 18 18 55 40 3 3 3 3 3 3 3 3 3 3 3 3 3 3 3 3 3 3 3 3 40 37 0 0 0 0 0 0 0 0 0 0 0 52 15 15 15 15 15 15 15 15 15 15 15 15 15 52 61 24 24 24 24 24 
24 24 24 24 24 24 61 0 0 0 0 50 13 13 13 13 13 13 13 13 13 13 13 13 13 13 13 13 13 13 50 72 35 35 35 35 35 35 35 35 35 35 72 0 0 0 0 0 0 0 0 0 0 0 0 0 0 0 0 58 21 21 21 21 21 21 21 21 21 21 21 21 21 21 21 21 21 58 0 0 0 0 0 0 0 0 0 0 0 0 0 0 0 0 0 0 55 18 18 18 18 18 18 55 40 3 3 3 3 3 3 3 3 3 3 3 3 3 3 3 3 3 3 3 3 40 0 37 37 0 0 0 0 0 0 0 0 0 52 15 15 15 15 15 15 15 15 15 15 15 15 15 15 15 52 61 24 24 24 24 
24 24 24 24 24 61 0 0 0 0 0 50 13 13 13 13 13 13 13 13 13 13 13 13 13 13 13 13 13 50 72 35 35 35 35 35 35 35 35 35 35 35 35 72 0 0 0 0 0 0 0 0 0 0 0 0 0 0 58 21 21 21 21 21 21 21 21 21 21 21 21 21 21 21 21 21 21 21 58 0 0 0 0 0 0 0 0 0 0 0 0 0 0 0 0 0 0 55 55 18 18 18 55 40 3 3 3 3 3 3 3 3 3 3 3 3 3 3 3 3 3 3 40 40 40 43 43 0 37 37 0 0 0 0 0 0 0 0 52 15 15 15 15 15 15 15 15 15 15 15 15 15 15 15 15 52 61 24 24 24 
24 24 61 24 61 0 0 0 0 0 0 70 50 13 13 13 13 13 13 13 13 13 13 13 13 13 13 13 13 50 72 35 35 35 35 35 35 35 35 35 35 35 35 35 72 0 0 0 0 0 0 0 0 0 0 0 0 0 58 21 21 21 21 21 21 21 21 21 21 21 21 21 21 21 21 21 21 21 21 58 0 0 0 0 0 0 0 0 0 0 0 0 0 0 0 0 0 0 0 55 18 55 40 3 3 3 3 3 3 3 3 3 3 3 3 3 3 3 3 3 3 40 43 43 43 6 6 43 0 37 37 0 0 0 0 0 0 0 52 15 15 15 15 15 15 15 15 15 15 15 15 15 15 15 15 15 52 61 24 24 
24 61 0 61 0 0 0 0 0 0 70 33 70 50 50 13 50 13 13 13 13 13 13 13 13 13 13 13 50 72 35 35 35 35 35 35 35 35 35 35 35 35 35 35 35 72 0 0 0 0 0 0 0 0 0 0 0 0 58 21 21 21 21 21 21 21 21 21 21 21 21 21 21 21 21 21 21 21 21 58 0 0 0 0 0 0 0 0 0 0 0 0 0 0 0 0 0 0 0 0 55 40 3 3 3 3 3 3 3 3 3 3 3 3 3 3 3 3 3 3 40 43 6 6 6 6 6 6 43 43 43 43 0 0 0 0 0 52 15 15 15 15 15 15 15 15 15 15 15 15 15 15 15 15 15 15 15 52 61 61 
61 0 0 0 0 0 0 0 0 70 33 33 33 70 70 50 70 50 50 13 13 13 13 13 13 13 13 50 72 35 35 35 35 35 35 35 35 35 35 35 35 35 35 35 35 72 0 0 0 0 0 0 0 0 0 0 0 0 0 58 21 21 21 21 21 21 21 21 21 21 21 21 21 21 21 21 21 21 21 58 0 0 0 0 0 0 0 0 0 0 0 0 0 0 0 0 0 0 0 0 40 3 3 3 3 3 3 3 3 3 3 3 3 3 3 3 3 3 3 40 43 6 6 6 6 6 6 6 6 6 6 6 43 43 0 0 0 52 15 15 15 15 15 15 15 15 15 15 15 15 15 15 15 15 15 15 15 15 52 52 
0 0 0 0 0 0 0 0 70 33 33 33 33 33 33 70 33 70 70 50 13 13 13 13 13 13 50 72 35 35 35 35 35 35 35 35 35 35 35 35 35 35 35 35 35 72 0 0 0 0 0 0 0 0 0 0 0 0 0 58 21 21 21 21 21 21 21 21 21 21 21 21 21 21 21 21 21 21 58 0 0 0 0 0 0 0 0 0 0 0 0 0 0 0 0 0 0 0 0 40 3 3 3 3 3 3 3 3 3 3 3 3 3 3 3 3 3 3 40 43 6 6 6 6 6 6 6 6 6 6 6 6 6 6 43 0 0 52 15 15 15 15 15 15 15 15 15 15 15 15 15 15 15 15 15 15 15 15 15 52 
0 0 0 0 0 0 0 70 33 33 33 33 33 33 33 33 33 33 33 70 50 50 50 50 50 50 72 35 35 35 35 35 35 35 35 35 35 35 35 35 35 35 35 35 35 72 0 0 0 0 0 0 0 0 0 0 0 0 0 0 58 21 21 21 21 21 21 21 21 21 21 21 21 21 21 21 21 58 0 0 0 0 0 0 0 0 0 0 0 0 0 0 0 0 0 0 0 0 0 40 3 3 3 3 3 3 3 3 3 3 3 3 3 3 3 3 3 40 43 6 6 6 6 6 6 6 6 6 6 6 6 6 6 6 43 0 0 52 15 15 15 15 15 15 15 15 15 15 15 15 15 15 15 15 15 15 15 15 52 0 
0 0 0 0 0 0 70 33 33 33 33 33 33 33 33 33 33 33 33 33 70 70 70 70 70 70 72 35 35 35 35 35 35 35 35 35 35 35 35 35 35 35 35 35 35 72 0 0 0 0 0 0 0 0 0 0 0 0 0 0 0 58 21 21 21 21 21 21 21 21 21 21 21 21 21 21 58 0 0 0 0 0 0 0 0 0 0 0 0 0 0 0 0 0 0 0 0 0 0 0 40 3 3 3 3 3 3 3 3 3 3 3 40 40 40 3 40 43 6 6 6 6 6 6 6 6 6 6 6 6 6 6 6 6 43 0 0 0 52 15 15 15 15 15 15 15 15 15 15 15 15 15 15 15 15 15 15 52 0 0 
0 0 0 49 49 49 70 33 33 33 33 33 33 33 33 33 33 33 33 33 33 33 33 33 33 33 70 72 35 35 35 35 35 35 35 35 35 35 35 35 35 35 35 35 35 72 0 0 0 0 0 0 0 0 0 0 0 0 0 0 0 58 21 21 21 21 21 21 21 21 21 21 21 21 21 58 0 0 0 0 0 0 0 0 0 0 0 0 0 0 0 0 0 0 0 0 0 0 0 0 40 3 3 3 3 3 3 3 3 3 3 40 65 65 65 40 43 6 6 6 6 6 6 6 6 6 6 6 6 6 6 6 6 6 43 37 0 0 52 15 15 15 15 15 15 15 15 15 15 15 15 15 15 15 15 15 52 0 0 0 
0 0 49 12 12 12 49 70 33 33 33 33 33 33 33 33 33 33 33 33 33 33 33 33 33 33 70 72 35 35 35 35 35 35 35 35 35 35 35 35 35 35 35 35 72 0 0 0 0 0 0 0 0 0 0 0 0 0 0 0 0 0 58 21 21 21 21 21 21 58 58 21 21 21 58 0 0 0 0 0 0 0 0 0 0 0 0 0 0 0 0 0 0 0 0 0 0 0 0 0 40 3 3 3 3 3 3 3 3 40 40 65 28 28 28 65 43 6 6 6 6 6 6 6 6 6 6 6 6 6 6 6 6 6 43 37 37 0 0 52 15 15 15 15 15 15 15 15 15 15 15 15 15 15 15 52 0 0 0 0 
49 49 12 12 12 12 12 49 70 33 33 33 33 33 33 33 33 33 33 33 33 33 33 33 33 33 33 70 72 35 35 35 35 35 35 35 35 35 35 35 35 35 35 35 72 0 0 0 0 0 0 0 0 0 0 0 0 0 0 0 0 0 0 58 58 21 21 21 58 0 0 58 21 58 0 0 0 0 0 0 0 0 0 0 0 0 0 0 0 0 0 0 0 0 0 0 0 0 0 0 40 3 3 3 3 3 3 3 40 65 65 28 28 28 28 65 43 6 6 6 6 6 6 6 6 6 6 6 6 6 6 6 6 6 43 39 37 39 0 0 52 15 15 15 15 15 15 15 15 15 15 15 15 15 52 0 0 0 0 0 
12 12 12 12 12 12 12 12 49 70 33 33 33 33 33 33 33 33 33 33 33 33 33 33 33 33 33 70 72 35 35 35 35 35 35 35 35 35 35 35 35 35 35 35 72 0 0 0 0 0 0 0 0 0 0 0 0 0 0 0 0 0 0 0 0 58 58 58 0 0 0 0 58 0 0 0 0 0 0 0 0 0 0 0 0 0 0 0 0 0 0 0 0 0 0 0 0 0 0 0 0 40 3 3 3 3 3 40 65 28 28 28 28 28 28 65 43 6 6 6 6 6 6 6 6 6 6 6 6 6 6 6 6 43 39 2 39 39 0 0 0 52 15 15 15 15 15 15 15 15 15 15 15 52 0 0 0 0 49 49 
12 12 12 12 12 12 12 12 12 49 70 33 33 33 33 33 33 33 33 33 33 33 33 33 33 33 33 70 72 35 35 35 35 35 35 35 35 35 35 35 35 35 35 72 0 0 0 0 0 0 0 0 0 0 0 0 0 0 0 0 0 0 0 0 0 37 0 0 0 0 0 0 0 0 0 0 0 0 0 0 0 0 0 0 0 0 0 0 0 0 0 0 0 0 0 0 0 0 0 0 0 0 40 3 3 3 40 65 28 28 28 28 28 28 28 65 43 6 6 6 6 6 6 6 6 6 6 6 6 6 6 6 43 39 2 2 2 2 39 0 0 0 52 15 15 15 15 15 15 15 15 52 52 0 0 0 0 49 12 12 
12 12 12 12 12 12 12 12 12 12 49 70 33 33 33 33 33 33 33 33 33 33 33 33 33 33 33 33 70 72 35 35 35 35 35 35 35 35 35 35 35 35 72 0 0 0 0 0 0 0 0 0 0 0 0 0 0 0 0 0 0 0 0 0 0 37 0 0 0 0 0 0 0 0 0 0 0 0 0 0 0 0 0 0 0 0 0 0 0 0 0 0 0 0 0 0 0 0 0 0 0 0 0 40 40 40 65 28 28 28 28 28 28 28 28 65 43 6 6 6 6 6 6 6 6 6 6 6 6 6 6 6 43 39 2 2 2 2 2 39 39 0 0 52 52 15 15 15 15 15 52 0 0 0 0 0 49 12 12 12 
12 12 12 12 12 12 12 12 12 12 12 49 70 33 33 33 33 33 33 33 33 33 33 33 33 33 33 33 70 72 35 35 35 35 35 35 35 35 35 35 35 72 0 0 0 0 0 0 0 0 0 0 0 0 0 0 0 0 0 0 0 0 0 0 0 37 37 0 0 0 0 0 0 0 0 0 0 0 0 0 0 0 0 0 0 0 0 0 0 0 0 0 0 0 0 0 0 0 0 0 0 0 0 40 65 65 28 28 28 28 28 28 28 28 28 65 43 6 6 6 6 6 6 6 6 6 6 6 6 6 6 6 43 39 2 2 2 2 2 2 2 39 0 0 0 52 52 52 15 52 0 0 0 0 0 49 12 12 12 12 
12 12 12 12 12 12 12 12 12 12 12 12 49 70 33 33 33 33 33 33 33 33 33 33 33 33 33 33 70 72 35 35 35 35 35 35 35 35 35 35 72 0 0 0 0 0 0 0 0 0 0 0 0 0 0 0 0 0 0 0 0 0 0 0 0 0 37 0 0 0 0 0 0 0 0 0 0 0 0 0 0 0 0 0 0 0 0 0 0 0 0 0 0 0 0 0 0 59 59 59 0 0 0 65 28 28 28 28 28 28 28 28 28 28 28 65 43 6 6 6 6 6 6 6 6 6 6 6 6 6 6 43 39 2 2 2 2 2 2 2 2 2 39 0 0 0 0 0 52 0 0 0 0 0 49 12 12 12 12 12 
12 12 12 12 12 12 12 12 12 12 12 12 49 70 33 33 33 33 33 33 33 33 33 33 33 33 33 33 70 72 35 35 35 35 35 35 72 72 35 72 72 0 0 0 0 0 0 0 0 0 0 0 0 0 0 0 0 0 0 0 0 0 0 0 0 0 37 0 0 0 0 0 0 0 0 0 0 0 0 0 0 0 0 0 0 0 0 0 0 0 0 0 0 0 0 0 59 22 22 59 0 0 65 28 28 28 28 28 28 28 28 28 28 28 28 65 43 6 6 6 6 6 6 6 6 6 6 6 6 6 43 39 2 2 2 2 2 2 2 2 2 2 2 39 0 0 0 0 0 0 0 0 0 0 49 12 12 12 12 12 
12 12 12 12 12 12 12 12 12 12 12 12 12 49 70 33 33 33 33 33 33 33 33 33 33 33 33 70 0 0 72 35 72 72 72 72 0 0 72 0 0 0 0 0 0 0 0 0 0 0 0 0 0 0 0 0 0 0 0 0 0 0 0 0 0 0 37 0 0 0 0 0 0 0 0 0 0 0 0 0 0 0 0 0 0 0 0 0 0 0 0 0 0 0 0 59 22 22 22 22 59 65 28 28 28 28 28 28 28 28 28 28 28 28 28 65 43 6 6 6 6 6 6 6 6 6 6 6 6 6 43 39 2 2 2 2 2 2 2 2 2 2 2 2 39 39 39 39 39 0 0 0 0 0 49 12 12 12 12 12 
12 12 12 12 12 12 12 12 12 12 12 12 12 49 70 33 33 33 33 33 33 33 33 33 33 33 33 70 0 0 0 72 0 0 0 0 0 0 0 0 0 0 0 0 0 0 0 0 0 0 0 0 0 0 0 0 0 0 0 0 0 0 0 0 0 0 37 37 0 0 0 0 0 0 0 0 0 0 0 0 0 0 0 0 0 0 0 0 0 0 0 0 0 0 59 22 22 22 22 22 59 65 28 28 28 28 28 28 28 28 28 28 28 28 28 65 43 6 6 6 6 6 6 6 6 6 6 6 6 43 39 2 2 2 2 2 2 2 2 2 2 2 2 2 2 2 2 2 2 39 39 0 0 49 12 12 12 12 12 12 
12 12 12 12 12 12 12 12 12 12 12 12 12 49 70 33 33 33 33 33 33 33 33 33 33 33 70 0 0 0 0 0 0 0 0 0 0 0 0 0 0 0 0 0 0 0 0 0 0 0 0 0 0 0 0 0 0 0 0 0 0 0 0 0 0 0 0 37 0 0 0 0 0 0 0 0 0 0 0 0 0 0 0 0 0 0 0 0 0 0 0 0 59 59 22 22 22 22 22 22 59 65 28 28 28 28 28 28 28 28 28 28 28 28 28 65 43 6 6 6 6 6 6 6 6 6 43 43 43 39 2 2 2 2 2 2 2 2 2 2 2 2 2 2 2 2 2 2 2 2 2 39 0 0 49 12 12 12 12 12 
12 12 12 12 12 12 12 12 12 12 12 12 12 12 49 70 33 33 33 33 33 33 33 33 33 33 70 0 0 0 0 0 0 0 0 0 0 0 0 0 0 0 0 0 0 0 0 0 0 0 0 0 0 0 0 0 0 0 0 0 0 0 0 0 0 0 0 37 0 0 0 0 0 0 0 0 0 0 0 0 0 0 0 0 0 0 0 0 0 0 0 59 22 22 22 22 22 22 22 22 59 65 28 28 28 28 28 28 28 28 28 28 28 28 28 65 43 6 6 6 6 6 6 6 6 43 57 57 57 57 39 2 2 2 2 2 2 2 2 2 2 2 2 2 2 2 2 2 2 2 2 2 39 0 49 12 12 12 12 12 
12 12 12 12 12 12 12 12 12 12 12 12 12 12 49 70 33 33 33 33 33 33 33 33 33 70 0 0 0 0 0 0 0 0 0 0 0 0 0 0 0 0 0 0 0 0 0 0 0 0 0 0 0 0 0 0 0 0 0 0 0 0 0 0 0 0 0 37 0 0 0 0 0 0 0 0 0 0 0 0 0 0 0 0 0 0 0 0 0 0 59 22 22 22 22 22 22 22 22 22 59 65 28 28 28 28 28 28 28 28 28 28 28 28 28 28 65 43 6 6 6 6 6 43 43 57 20 20 20 20 57 39 2 2 2 2 2 2 2 2 2 2 2 2 2 2 2 2 2 2 2 2 39 0 0 49 12 12 12 12 
12 12 12 12 12 12 12 12 12 12 12 12 12 12 49 70 33 33 33 33 33 33 33 70 70 0 0 0 0 0 0 0 0 0 0 0 0 0 0 0 0 0 0 0 0 0 0 0 0 0 0 0 0 0 0 0 0 0 0 0 0 0 0 0 0 0 0 37 0 0 0 0 0 0 0 0 0 0 0 0 0 0 0 0 0 0 0 0 0 59 22 22 22 22 22 22 22 22 22 59 65 28 28 28 28 28 28 28 28 28 28 28 28 28 28 28 65 43 6 6 6 6 43 57 57 20 20 20 20 20 57 39 2 2 2 2 2 2 2 2 2 2 2 2 2 2 2 2 2 2 2 2 39 0 0 0 49 12 12 12 
12 12 12 12 12 12 12 12 12 12 12 12 12 12 12 49 70 33 33 33 33 33 70 0 0 0 0 0 0 0 0 0 0 0 0 0 0 0 0 0 0 0 0 0 0 0 0 0 0 0 0 0 0 0 0 0 0 0 0 0 0 0 0 0 0 0 0 37 37 0 0 0 0 0 0 0 0 0 0 0 0 0 0 0 0 0 0 0 59 22 22 22 22 22 22 22 22 22 22 22 59 65 28 28 28 28 28 28 28 28 28 28 28 28 28 28 28 65 43 6 6 43 57 20 20 20 20 20 20 20 20 57 39 2 2 2 2 2 2 2 2 2 2 2 2 2 2 2 2 2 2 2 39 0 0 0 0 49 12 12 
12 12 12 12 12 12 12 12 12 12 12 12 12 12 12 49 70 33 33 33 33 70 0 0 0 0 0 0 0 0 0 0 0 0 0 0 0 0 0 0 0 0 0 0 0 0 0 0 0 0 0 0 0 0 0 0 0 0 0 0 0 0 0 0 0 68 0 0 37 0 0 0 0 0 0 0 0 0 0 0 0 0 0 0 0 0 0 59 22 22 22 22 22 22 22 22 22 22 22 22 59 65 28 28 28 28 28 28 28 28 28 28 28 28 28 28 28 65 43 6 43 57 20 20 20 20 20 20 20 20 20 20 57 39 2 2 2 2 2 2 2 2 2 2 2 2 2 2 2 2 2 2 2 39 0 0 0 0 49 12 
12 12 12 12 12 12 12 12 12 12 12 12 12 12 49 53 70 33 70 33 70 0 0 0 0 0 0 0 0 0 0 0 0 0 0 0 0 0 0 0 0 0 0 0 0 0 0 0 0 0 0 0 0 0 0 0 0 0 0 0 0 0 0 68 68 31 68 0 37 0 0 0 0 0 0 0 0 0 0 0 0 0 0 0 0 0 0 59 22 22 22 22 22 22 22 22 22 22 22 22 22 59 65 28 28 28 28 28 28 28 28 28 28 28 28 28 28 28 65 43 57 20 20 20 20 20 20 20 20 20 20 20 20 57 39 39 2 2 2 2 2 2 2 2 2 2 2 2 2 2 2 2 2 2 39 0 0 0 0 49 
49 12 12 12 12 12 12 12 12 12 12 12 12 49 53 16 53 70 53 70 0 0 0 0 0 0 0 0 0 0 0 0 0 0 0 0 0 0 0 0 0 0 0 0 0 0 0 0 0 0 0 0 0 0 0 0 0 0 0 0 0 0 68 31 31 31 31 68 68 68 0 0 0 0 0 0 0 0 0 0 0 0 0 0 0 0 0 59 22 22 22 22 22 22 22 22 22 22 22 22 22 22 59 65 28 28 28 28 28 28 28 28 28 28 28 28 28 65 71 71 57 20 20 20 20 20 20 20 20 20 20 20 20 20 57 57 39 39 39 39 2 2 2 2 2 2 2 2 2 2 2 2 2 39 0 0 0 0 0 0 
53 49 12 12 12 12 12 49 49 49 49 49 49 53 16 16 16 53 16 53 0 0 0 0 0 0 0 0 0 0 0 0 0 0 0 0 0 0 0 0 0 0 0 0 0 0 0 0 0 0 0 0 0 0 0 0 0 0 0 68 68 68 31 31 31 31 31 31 31 31 68 68 0 0 0 0 0 0 0 0 0 0 0 0 0 0 0 59 22 22 22 22 22 22 22 22 22 22 22 22 22 22 59 65 28 28 28 28 28 28 28 28 28 28 28 28 65 71 34 34 71 57 20 20 20 20 20 20 20 20 20 20 20 20 20 20 57 57 57 57 39 2 2 2 2 2 2 2 2 2 2 2 2 39 0 0 0 0 0 0 
16 53 49 49 49 49 49 53 53 53 53 53 53 16 16 16 16 16 16 53 0 0 0 0 0 0 0 0 0 0 0 0 0 0 0 0 0 0 0 0 0 0 0 0 0 0 0 0 0 0 0 0 0 0 0 0 0 0 0 68 31 31 31 31 31 31 31 31 31 31 31 31 68 0 0 0 0 0 0 0 0 0 0 0 0 0 0 59 22 22 22 22 22 22 22 22 22 22 22 22 22 22 22 59 65 28 28 28 28 28 28 28 28 28 28 65 71 34 34 34 34 71 57 20 20 20 20 20 20 20 20 20 20 20 20 20 20 20 20 20 57 39 39 2 2 2 2 2 2 2 2 2 39 39 0 0 0 0 0 53 
16 16 53 53 53 53 53 16 16 16 16 16 16 16 16 16 16 16 16 53 0 0 0 0 0 0 0 0 0 0 0 0 0 0 0 0 0 0 0 0 0 0 0 0 0 0 0 0 0 0 0 0 0 0 0 0 0 0 68 31 31 31 31 31 31 31 31 31 31 31 31 31 31 68 0 0 0 0 0 0 0 0 0 0 0 0 0 0 59 22 22 22 22 22 22 22 22 22 22 22 22 22 22 22 59 65 28 28 28 28 28 28 28 28 65 71 34 34 34 34 34 34 71 57 20 20 20 20 20 20 20 20 20 20 20 20 20 20 20 20 20 57 57 39 2 2 2 2 2 2 2 39 66 66 0 0 0 0 53 16 
16 16 16 16 16 16 16 16 16 16 16 16 16 16 16 16 16 16 16 53 0 0 0 0 0 0 0 0 0 0 0 0 0 0 0 0 0 0 0 0 0 0 0 0 0 0 0 0 0 0 0 0 0 0 0 0 0 0 68 31 31 31 31 31 31 31 31 31 31 31 31 31 31 68 0 0 0 0 0 0 0 0 0 0 0 0 0 0 0 59 22 22 22 22 22 22 22 22 22 22 22 22 22 22 59 65 28 28 28 28 28 28 28 65 71 34 34 34 34 34 34 34 34 71 57 57 20 20 20 20 20 20 20 20 20 20 20 20 20 20 20 20 20 57 39 2 2 2 2 2 39 66 29 66 0 0 0 0 53 16 
16 16 16 16 16 16 16 16 16 16 16 16 16 16 16 16 16 16 16 53 0 0 0 0 0 0 0 0 0 0 0 0 0 0 0 0 0 0 0 0 0 0 0 0 0 0 0 0 0 0 0 0 0 0 0 0 0 68 31 31 31 31 31 31 31 31 31 31 31 31 31 31 31 31 68 0 0 0 0 0 0 0 0 0 0 0 0 0 0 0 59 22 22 22 22 22 22 22 22 22 22 22 22 22 22 59 65 28 28 28 28 28 28 65 71 34 34 34 34 34 34 34 34 34 71 71 57 57 20 20 20 20 20 20 20 20 20 20 20 20 20 20 20 20 57 39 2 2 39 39 66 29 29 66 37 0 0 0 53 16 
16 16 16 16 16 16 16 16 16 16 16 16 16 16 16 16 16 16 16 16 53 0 0 0 0 0 0 0 0 0 0 0 0 0 0 0 0 0 0 0 0 0 0 0 0 0 0 0 0 0 0 0 0 0 0 0 0 68 31 31 31 31 31 31 31 31 31 31 31 31 31 31 31 31 68 0 0 0 0 0 0 0 0 0 0 0 0 0 0 0 0 59 22 22 22 22 22 22 22 22 22 22 22 22 22 59 65 28 28 28 28 28 65 71 34 34 34 34 34 34 34 34 34 34 34 34 71 71 57 20 20 20 20 20 20 20 20 20 20 20 20 20 20 20 20 57 39 39 66 66 29 29 29 29 66 66 0 0 53 16 
16 16 16 16 16 16 16 16 16 16 16 16 16 16 16 16 16 16 16 16 16 53 0 0 0 0 0 0 0 0 0 0 0 0 0 0 0 0 0 0 0 0 37 37 0 0 0 0 0 0 0 0 0 0 0 0 68 31 31 31 31 31 31 31 31 31 31 31 31 31 31 31 31 31 68 0 0 0 0 0 0 0 0 0 0 0 0 0 0 0 0 0 59 22 22 22 22 22 22 22 22 22 22 22 22 59 65 28 28 28 28 65 71 34 34 34 34 34 34 34 34 34 34 34 34 34 34 34 71 57 20 20 20 20 20 20 20 20 20 20 20 20 20 20 20 20 57 66 29 29 29 29 29 29 29 29 66 0 53 16 
16 16 16 16 16 16 16 16 16 16 16 16 16 16 16 16 16 16 16 16 16 16 53 60 60 60 60 0 0 0 0 0 0 0 0 0 0 0 0 0 0 0 37 0 0 0 0 0 0 0 0 0 0 0 0 0 68 31 31 31 31 31 31 31 31 31 31 31 31 31 31 31 31 31 68 0 0 0 0 0 0 0 0 0 0 0 0 0 0 0 0 37 37 59 22 22 22 22 22 22 22 22 22 22 22 22 59 65 28 28 28 65 71 34 34 34 34 34 34 34 34 34 34 34 34 34 34 34 71 57 20 20 20 20 20 20 20 20 20 20 20 20 20 20 20 20 57 66 29 29 29 29 29 29 29 29 66 0 53 16 
16 16 16 16 16 16 16 16 16 16 16 16 16 16 16 16 16 16 16 16 16 53 60 23 23 23 23 60 0 0 0 0 0 0 0 0 0 0 0 0 0 37 37 0 0 0 0 0 0 0 0 0 0 0 0 68 31 31 31 31 31 31 31 31 31 31 31 31 31 31 31 31 31 31 68 0 0 0 0 0 0 0 0 0 0 0 0 37 37 37 37 37 0 0 59 22 22 22 22 22 22 22 22 22 22 22 22 59 65 28 65 71 34 34 34 34 34 34 34 34 34 34 34 34 34 34 34 34 34 71 57 20 20 20 20 20 20 20 20 20 20 20 20 20 20 20 57 66 29 29 29 29 29 29 29 29 66 37 53 16 
16 16 16 16 16 16 16 16 16 16 16 16 16 16 16 16 16 16 16 16 53 60 23 23 23 23 23 23 60 0 0 0 0 0 0 0 0 0 0 0 0 37 0 0 0 0 0 0 0 0 0 0 0 0 0 68 31 31 31 31 31 31 31 31 31 31 31 31 31 31 31 31 31 31 68 0 0 0 0 0 0 0 0 37 37 37 37 37 0 0 0 0 0 0 0 59 22 22 22 22 22 22 22 22 22 22 22 22 59 65 71 34 34 34 34 34 34 34 34 34 34 34 34 34 34 34 34 34 34 34 71 57 20 20 20 20 20 20 20 20 20 20 20 20 20 57 66 29 29 29 29 29 29 29 29 29 66 37 53 16 
16 16 16 16 16 16 16 16 16 16 16 16 16 16 16 16 16 16 16 53 60 23 23 23 23 23 23 23 23 60 0 0 0 0 0 0 0 0 0 0 37 37 0 0 0 0 0 0 0 0 0 0 0 0 0 68 31 31 31 31 31 31 31 31 31 31 31 31 31 31 31 31 31 31 68 0 0 0 0 0 37 37 37 37 0 0 0 0 0 0 0 0 0 0 0 59 22 22 22 22 22 22 22 22 22 22 22 22 59 0 0 71 34 34 34 34 34 34 34 34 34 34 34 34 34 34 34 34 34 34 34 71 57 20 20 20 20 20 20 20 20 20 20 20 57 66 29 29 29 29 29 29 29 29 29 29 66 0 37 53 
16 16 16 16 16 16 16 16 16 16 16 16 16 16 16 16 16 16 16 53 60 23 23 23 23 23 23 23 23 23 60 0 0 0 0 0 0 0 0 37 37 0 0 0 0 0 0 0 0 0 0 0 0 0 0 0 68 31 31 31 31 31 31 31 31 31 31 31 31 31 31 31 31 31 68 0 37 37 37 37 37 0 0 0 0 0 0 0 0 0 0 0 0 0 0 0 59 59 22 22 22 22 22 22 22 59 22 59 0 0 0 73 71 34 34 34 34 34 34 34 34 34 34 34 34 34 34 34 34 34 34 34 71 57 20 20 20 20 20 20 20 20 20 20 57 66 29 29 29 29 29 29 29 29 29 29 29 66 0 53 
53 16 16 16 16 16 16 16 16 16 16 16 16 16 16 16 16 16 53 60 23 23 23 23 23 23 23 23 23 23 23 60 0 0 0 0 0 0 0 37 0 0 0 0 0 0 0 0 0 0 0 0 0 0 0 0 68 31 31 31 31 31 31 31 31 31 31 31 31 31 31 31 31 68 37 37 37 0 0 0 0 0 0 0 0 0 0 0 0 0 0 0 0 0 0 0 0 0 59 22 22 22 22 22 59 0 59 59 0 0 73 36 73 71 34 34 34 34 34 34 34 34 34 34 34 34 34 34 34 34 34 34 34 71 57 20 20 20 20 20 20 20 20 20 57 66 29 29 29 29 29 29 29 29 29 29 29 66 0 0 
37 53 16 16 16 16 16 16 16 16 16 16 16 16 16 16 16 16 53 60 23 23 23 23 23 23 23 23 23 23 23 23 60 0 0 0 0 0 37 37 0 0 0 0 0 0 0 0 0 0 0 0 0 0 0 0 0 68 31 31 31 31 31 31 31 31 31 31 31 31 31 31 31 68 0 0 0 0 0 0 0 0 0 0 0 0 0 0 0 0 0 0 0 0 0 0 0 0 0 59 22 22 59 59 0 0 0 0 0 73 36 36 36 73 71 71 34 34 34 34 34 34 34 34 34 34 34 34 34 34 34 34 34 34 71 57 20 20 20 20 20 20 20 57 66 29 29 29 29 29 29 29 29 29 29 29 29 29 66 0 
0 37 53 16 53 53 16 16 16 16 53 53 53 53 53 16 16 53 60 23 23 23 23 23 23 23 23 23 23 23 23 23 23 60 0 0 0 37 37 0 0 0 0 0 0 0 0 0 0 0 0 0 0 0 0 0 0 0 68 31 31 31 31 31 31 31 31 31 31 31 31 31 68 0 0 0 0 0 0 0 0 0 0 0 0 0 0 0 0 0 0 0 0 0 0 0 0 0 0 0 59 59 0 0 0 0 0 0 0 73 36 36 36 36 73 73 71 71 34 34 34 34 34 34 34 34 34 34 34 34 34 34 34 34 34 71 57 20 20 20 20 20 57 66 29 29 29 29 29 29 29 29 29 29 29 29 29 29 66 0 
0 0 37 53 42 42 53 53 53 53 42 42 42 42 42 53 53 42 60 23 23 23 23 23 23 23 23 23 23 23 23 23 23 60 0 0 0 37 0 0 0 0 0 0 0 0 0 0 0 0 0 0 0 0 0 0 0 0 0 68 31 31 31 31 31 31 31 31 31 31 68 68 37 0 0 0 0 0 0 0 0 0 0 0 0 0 0 0 0 0 0 0 0 0 0 0 0 0 0 0 0 0 0 0 0 0 0 0 73 36 36 36 36 36 36 36 73 73 71 34 34 34 34 34 34 34 34 34 34 34 34 34 34 34 34 71 57 20 20 20 20 57 66 29 29 29 29 29 29 29 29 29 29 29 29 29 29 29 66 0 
0 0 0 42 5 5 42 42 42 42 5 5 5 5 5 42 42 5 42 60 23 23 23 23 23 23 23 23 23 23 23 23 23 60 0 0 37 37 0 0 0 0 0 0 0 0 0 0 0 0 0 0 0 0 0 0 0 0 37 37 68 31 31 31 31 31 31 31 31 68 0 0 37 0 0 0 0 0 0 0 0 0 0 0 0 0 0 0 0 0 0 0 0 0 0 0 0 0 0 0 0 0 0 0 0 0 0 0 73 36 36 36 36 36 36 36 36 36 73 71 71 71 71 34 34 34 34 34 34 34 34 34 34 34 34 34 71 57 20 20 57 66 29 29 29 29 29 29 29 29 29 29 29 29 29 29 29 29 66 0 
0 0 42 5 5 5 5 5 5 5 5 5 5 5 5 5 5 5 42 60 23 23 23 23 23 23 23 23 23 23 23 23 23 60 0 0 37 0 0 0 0 0 0 0 0 0 0 0 0 0 0 0 0 0 37 37 37 37 37 0 0 68 31 31 31 31 68 68 68 0 0 0 37 37 0 0 0 0 0 0 0 0 0 0 0 0 0 0 0 0 0 0 0 0 0 0 0 0 0 0 0 0 0 0 0 0 0 0 73 36 36 36 36 36 36 36 36 36 36 73 73 73 73 71 71 71 71 34 34 34 34 34 34 34 34 34 34 71 57 57 66 29 29 29 29 29 29 29 29 29 29 29 29 29 29 29 29 66 0 0 
0 42 5 5 5 5 5 5 5 5 5 5 5 5 5 5 5 5 42 60 23 23 23 23 23 23 23 23 23 23 23 23 23 23 60 37 37 0 0 0 0 0 0 0 0 0 0 0 0 0 0 37 37 37 37 0 0 0 0 0 0 0 68 31 68 68 0 0 0 0 0 0 0 37 0 0 0 0 0 0 0 0 0 0 0 0 0 0 0 0 0 0 0 0 0 0 0 0 0 0 0 0 0 0 0 0 0 0 0 73 36 36 36 36 36 36 36 36 36 36 36 36 36 73 73 73 73 71 71 34 34 34 34 34 34 34 34 34 71 66 29 29 29 29 29 29 29 29 29 29 29 29 29 29 29 29 66 0 0 0 
42 5 5 5 5 5 5 5 5 5 5 5 5 5 5 5 5 5 42 60 23 23 23 23 23 23 23 23 23 23 23 23 23 23 60 37 0 0 0 0 0 0 0 0 0 0 0 37 37 37 37 37 0 0 0 0 0 0 0 0 0 0 0 68 0 0 0 0 0 0 0 0 0 37 0 0 0 0 0 0 0 0 0 0 0 0 0 0 0 0 0 0 0 0 0 0 0 0 0 0 0 0 0 0 0 0 0 0 0 0 73 36 36 36 36 36 36 36 36 36 36 36 36 36 36 36 36 73 73 71 71 71 71 34 34 34 34 71 66 29 29 29 29 29 29 29 29 29 29 29 29 29 29 29 29 66 0 0 0 0 
42 5 5 5 5 5 5 5 5 5 5 5 5 5 5 5 5 5 42 60 23 23 23 23 23 23 23 23 23 23 23 23 23 23 60 0 0 0 0 0 0 0 0 37 37 37 37 37 0 0 0 0 0 0 0 0 0 0 0 0 0 0 0 0 0 0 0 0 0 0 0 0 0 37 0 0 0 0 0 0 0 0 0 0 0 0 0 0 0 0 0 0 0 0 0 0 0 0 0 0 0 0 0 0 0 0 0 0 0 73 36 36 36 36 36 36 36 36 36 36 36 36 36 36 36 36 36 36 36 73 73 73 73 71 71 34 71 66 29 29 29 29 29 29 29 29 29 29 29 29 29 29 29 29 66 0 0 0 0 0 
42 5 5 5 5 5 5 5 5 5 5 5 5 5 5 5 5 5 42 60 23 23 23 23 23 23 23 23 23 23 23 23 23 23 23 60 0 0 0 0 37 37 37 37 0 0 0 0 0 0 0 0 0 0 0 0 0 0 0 0 0 0 0 0 0 0 0 0 0 0 0 0 0 37 37 0 0 0 0 0 0 0 0 0 0 0 0 0 0 0 0 0 0 0 0 0 0 0 0 0 0 0 0 0 0 0 0 0 0 0 73 36 36 36 36 36 36 36 36 36 36 36 36 36 36 36 36 36 36 36 36 36 36 73 73 71 66 29 29 29 29 29 29 29 29 29 29 29 29 29 29 29 29 66 0 0 0 0 0 0 
5 5 5 5 5 5 5 5 5 5 5 5 5 5 5 5 5 5 42 60 23 23 23 23 23 23 23 23 23 23 23 23 23 23 23 60 37 37 37 37 37 0 0 0 0 0 0 0 0 0 0 0 0 0 0 0 0 0 0 0 0 0 0 0 0 0 0 0 0 0 0 0 0 0 37 0 0 0 0 0 0 0 0 0 0 0 0 0 0 0 0 0 0 0 0 0 0 0 0 0 0 0 0 0 0 0 0 0 0 0 0 73 36 36 36 36 36 36 36 36 36 36 36 36 36 36 36 36 36 36 36 36 36 36 36 73 66 29 29 29 29 29 29 29 29 29 29 29 29 29 29 29 66 0 0 0 0 0 0 42 
5 5 5 5 5 5 5 5 5 5 5 5 5 5 5 5 5 5 42 60 23 23 23 23 23 23 23 23 23 23 23 23 23 23 60 37 37 0 0 0 0 0 0 0 0 0 0 0 0 0 0 0 0 0 0 0 0 0 0 0 0 0 0 0 0 0 0 0 0 0 0 0 0 0 37 0 0 0 0 0 0 0 0 0 0 0 0 0 0 0 0 0 0 0 0 0 0 0 0 0 0 0 0 0 0 0 0 0 0 0 0 0 73 36 36 36 36 36 36 36 36 36 36 36 36 36 36 36 36 36 36 36 36 36 36 36 73 66 66 29 29 29 29 29 29 29 29 29 29 29 29 66 0 0 0 0 0 0 42 5 
5 5 5 5 5 5 5 5 5 5 5 5 5 5 5 5 5 5 42 60 23 23 23 23 23 23 23 23 23 23 23 23 23 60 0 0 0 0 0 0 0 0 0 0 0 0 0 0 0 0 0 0 0 0 0 0 0 0 0 0 0 0 0 0 0 0 0 0 0 0 0 0 0 0 37 0 0 0 0 0 0 0 0 0 0 0 0 0 0 0 0 0 0 0 0 0 0 0 0 0 0 0 0 0 0 0 0 0 0 0 0 0 0 73 36 36 36 36 36 36 36 36 36 36 36 36 36 36 36 36 36 36 36 36 36 36 36 73 0 66 29 29 29 29 29 29 29 29 29 29 66 0 0 0 0 0 0 0 42 5 
5 5 5 5 5 5 5 5 5 5 5 5 5 5 5 5 5 5 42 60 23 23 23 23 23 23 23 23 23 23 23 23 60 60 0 0 0 0 0 0 0 0 0 0 0 0 0 0 0 0 0 0 0 0 0 0 0 0 0 0 0 0 0 0 0 0 0 0 0 0 0 0 0 0 37 37 0 0 0 0 0 0 0 0 0 0 0 0 0 0 0 0 0 0 0 0 0 0 0 0 0 0 0 0 0 0 0 0 0 0 0 0 0 0 73 36 36 36 36 36 36 36 36 36 36 36 36 36 36 36 36 36 36 36 36 36 73 0 0 0 66 29 66 66 29 29 29 29 66 66 0 0 0 0 0 0 0 0 0 42 
5 5 5 5 5 5 5 5 5 5 5 5 5 5 5 5 5 5 42 60 23 23 23 23 23 23 23 23 23 23 23 60 0 0 0 0 0 0 0 0 0 0 0 0 0 0 0 0 0 0 0 0 0 0 0 0 0 0 0 0 0 0 0 0 0 0 0 0 0 0 0 0 0 0 0 37 0 0 0 0 0 0 0 0 0 0 0 0 0 0 0 0 0 0 0 0 0 0 0 0 0 0 0 0 0 0 0 0 0 0 0 0 0 0 0 73 73 73 73 36 36 36 36 36 36 36 36 36 36 36 36 36 36 36 36 73 0 0 0 0 0 66 0 0 66 29 66 66 0 0 0 0 0 0 0 0 0 0 0 42 
42 5 5 5 5 5 5 5 5 5 5 5 5 5 5 5 5 5 42 60 23 23 23 23 23 23 23 23 23 23 60 0 0 0 0 0 0 0 0 0 0 0 0 0 0 0 0 0 0 0 0 0 0 0 0 0 0 0 0 0 0 0 0 0 0 0 0 0 0 0 0 0 0 0 0 37 0 0 0 0 0 0 0 0 0 0 0 0 0 0 0 0 0 0 0 0 0 0 0 0 0 0 0 0 0 0 0 0 0 0 0 0 0 0 0 0 0 0 0 73 36 36 36 36 36 36 36 36 36 36 36 36 36 36 73 0 0 0 0 0 0 37 37 0 0 66 0 0 0 0 0 0 0 0 0 0 0 0 0 0 
42 5 5 5 5 5 5 5 5 5 5 5 5 5 5 5 5 5 42 60 23 23 23 23 23 23 23 23 23 60 0 0 0 0 0 0 0 0 0 0 0 0 0 0 0 0 0 0 0 0 0 0 0 0 0 0 0 0 0 0 0 0 0 0 0 0 0 0 0 0 0 0 0 0 0 37 0 0 0 0 0 0 0 0 0 0 0 0 0 0 0 0 0 0 0 0 0 0 0 0 0 0 0 0 0 0 0 0 0 0 0 0 0 67 67 0 67 67 0 0 73 36 36 36 36 36 36 36 36 36 36 36 36 73 0 0 0 0 0 0 0 0 37 0 0 0 0 0 0 0 0 0 0 0 0 0 0 0 0 0 
0 42 5 5 5 5 5 5 5 5 5 5 5 5 5 5 5 42 0 0 60 23 23 23 23 23 23 23 60 37 0 0 0 0 0 0 0 0 0 0 0 0 0 0 0 0 0 0 0 0 0 0 0 0 0 0 0 0 0 0 0 0 0 0 0 0 0 0 0 0 0 0 0 0 0 37 0 0 0 0 0 0 0 0 0 0 0 0 0 0 0 0 0 0 0 0 0 0 0 0 0 0 0 0 0 0 0 0 0 0 0 0 67 30 30 67 30 30 67 0 0 73 73 36 36 36 36 36 36 36 36 73 73 0 0 0 0 0 0 0 0 0 37 37 0 0 0 0 0 0 0 0 0 0 0 0 0 0 0 0 
0 0 42 5 5 5 5 5 5 5 5 5 5 5 5 5 42 0 0 0 0 60 23 23 23 23 60 60 37 0 0 0 0 0 0 0 0 0 0 0 0 0 0 0 0 0 0 0 0 0 0 0 0 0 0 0 0 0 0 0 0 0 0 0 0 0 0 0 0 0 0 0 0 0 0 37 37 0 0 0 0 0 0 0 0 0 0 0 0 0 0 0 0 0 0 0 0 0 0 0 0 0 0 0 0 0 0 0 0 0 0 67 30 30 30 30 30 30 30 67 0 0 0 73 36 36 36 36 36 36 73 0 0 0 0 0 0 0 0 0 0 0 0 37 0 0 0 0 0 0 0 0 0 0 0 0 0 0 0 0 
0 0 0 42 5 5 5 5 5 5 5 5 42 5 5 42 37 0 0 0 0 0 60 60 23 60 0 37 0 0 0 0 0 0 0 0 0 0 0 0 0 0 0 0 0 0 0 0 0 0 0 0 0 0 0 0 0 0 0 0 0 0 0 0 0 0 0 0 0 0 0 0 0 0 0 0 37 0 0 0 0 0 0 0 0 0 0 0 0 0 0 0 0 0 0 0 0 0 0 0 0 0 38 0 0 0 0 0 0 0 67 30 30 30 30 30 30 30 30 30 67 0 0 0 73 73 36 73 36 73 0 0 0 0 0 0 0 0 0 51 0 0 0 37 37 0 0 0 0 0 0 0 0 0 0 0 0 0 0 0 
37 37 37 37 42 5 42 5 5 42 42 42 0 42 42 0 37 37 0 0 0 0 0 0 60 0 37 37 0 0 0 0 0 0 0 0 0 0 0 0 0 0 0 0 0 0 0 0 0 0 0 0 0 0 0 0 0 0 0 0 0 0 0 0 0 0 0 0 0 0 0 0 0 0 0 0 37 0 0 0 0 0 0 0 0 0 0 0 0 0 0 0 0 0 0 0 0 0 0 0 38 38 1 38 38 0 0 0 0 67 30 30 30 30 30 30 30 30 30 30 30 67 67 0 0 0 73 0 73 0 0 0 0 0 0 0 0 0 51 14 51 51 51 0 37 0 0 0 0 0 0 0 0 0 0 0 0 0 0 0 
37 0 0 0 0 42 0 42 42 0 0 0 0 0 0 0 0 37 37 0 0 0 0 0 0 0 37 0 0 0 0 0 0 0 0 0 0 0 0 0 0 0 0 0 0 0 0 0 0 0 0 0 0 0 0 0 0 0 0 0 0 0 0 0 0 0 0 0 0 0 0 0 0 0 0 0 37 0 0 0 0 0 0 0 0 0 0 0 0 0 0 0 0 0 0 0 0 0 0 38 1 1 1 1 1 38 38 67 67 30 30 30 30 30 30 30 30 30 30 30 30 30 30 67 67 0 0 0 0 0 0 0 0 0 0 0 0 51 14 14 14 14 14 51 51 51 51 0 0 0 0 0 0 0 0 0 37 37 37 37 
0 0 0 0 0 0 0 0 0 0 0 0 0 0 0 0 0 0 37 37 0 0 0 0 0 37 37 0 0 0 0 0 0 0 0 0 0 0 0 0 0 0 0 0 0 0 0 0 0 0 0 0 0 0 0 0 0 0 0 0 0 0 0 0 0 0 0 0 0 0 0 0 0 0 0 0 37 37 0 0 0 0 0 0 0 0 0 0 0 0 0 0 0 0 0 0 0 0 38 1 1 1 1 1 1 1 38 67 30 30 30 30 30 30 30 30 30 30 30 30 30 30 30 30 30 67 67 67 0 0 0 0 0 0 0 0 51 14 14 14 14 14 14 14 14 14 14 51 0 0 0 0 0 37 37 37 37 0 0 0 
0 0 45 0 0 0 0 0 0 0 0 63 0 0 63 63 0 0 0 37 0 0 0 0 37 37 0 0 0 0 0 0 0 0 0 0 0 0 0 0 0 0 0 0 0 0 0 0 0 0 0 0 0 0 0 0 0 0 0 0 0 0 0 0 0 0 0 0 0 0 0 0 0 0 0 0 0 37 0 0 0 0 0 0 0 48 48 0 0 0 0 0 0 48 0 0 0 38 1 1 1 1 1 1 1 1 1 38 67 30 30 30 30 30 30 30 30 30 30 30 30 30 30 30 30 30 30 30 67 0 0 0 0 0 0 51 14 14 14 14 14 14 14 14 14 14 14 14 51 51 51 51 37 37 0 0 0 0 0 0 
0 45 8 45 45 0 0 0 0 0 63 26 63 63 26 26 63 0 0 37 37 0 0 0 37 0 0 0 0 0 0 0 0 0 0 0 0 0 0 0 0 0 0 0 0 0 0 0 0 0 0 0 0 0 0 0 0 0 0 0 0 0 0 0 0 0 0 0 0 0 0 0 0 0 0 0 0 37 0 0 0 0 0 0 48 11 11 48 0 0 0 0 48 11 48 48 38 1 1 1 1 1 1 1 1 1 1 1 38 67 30 30 30 30 30 30 30 30 30 30 30 30 30 30 30 30 30 30 67 0 0 0 0 0 69 51 14 14 14 14 14 14 14 14 14 14 14 14 14 14 14 14 51 0 0 0 0 0 0 0 
45 8 8 8 8 45 45 0 0 63 26 26 26 26 26 26 26 63 0 0 37 37 0 37 37 0 0 0 0 0 0 0 0 0 0 0 0 0 0 0 0 0 0 0 0 0 0 0 0 0 0 0 0 0 0 0 0 0 0 0 0 0 0 0 0 0 0 0 0 0 0 0 0 0 0 0 0 37 0 0 0 0 0 0 48 11 11 11 48 0 48 48 11 11 48 38 1 1 1 1 1 1 1 1 1 1 1 1 1 38 67 30 30 30 30 30 30 30 30 30 30 30 30 30 30 30 30 30 67 0 0 0 0 69 32 69 51 14 14 14 14 14 14 14 14 14 14 14 14 14 14 14 14 51 0 0 0 0 0 0 
8 8 8 8 8 8 8 45 63 26 26 26 26 26 26 26 26 26 63 63 0 37 37 37 0 0 0 0 0 0 0 0 0 0 0 0 0 0 0 0 0 0 0 0 0 0 0 0 0 0 0 0 0 0 0 0 0 0 0 0 0 0 0 0 0 0 0 0 0 0 0 0 0 0 0 0 0 37 37 0 0 0 0 48 11 11 11 11 11 48 11 11 11 11 48 38 1 1 1 1 1 1 1 1 1 1 1 1 1 38 67 30 30 30 30 30 30 30 30 30 30 30 30 30 30 30 30 30 30 67 0 0 69 32 32 32 69 51 14 14 14 14 14 14 14 14 14 14 14 14 14 14 14 51 0 0 0 0 0 45 
8 8 8 8 8 8 8 45 63 26 26 26 26 26 26 26 26 26 26 26 63 0 37 37 0 0 0 0 0 0 0 0 0 0 0 0 0 0 0 0 0 0 0 0 0 0 0 0 0 0 0 0 0 0 0 0 0 0 0 0 0 0 0 0 0 0 0 0 0 0 0 0 0 0 0 0 0 0 37 0 0 0 0 48 11 11 11 11 11 11 11 11 11 11 48 38 1 1 1 1 1 1 1 1 1 1 1 1 1 1 38 67 30 30 30 30 30 30 30 30 30 30 30 30 30 30 30 30 30 30 67 69 32 32 32 32 32 69 51 14 14 14 14 14 14 14 14 14 14 14 14 14 14 51 0 0 0 0 45 8 
8 8 8 8 8 8 8 45 63 26 26 26 26 26 26 26 26 26 26 26 26 63 37 37 37 0 0 0 0 0 0 0 0 0 0 0 0 0 0 0 0 0 0 0 0 0 0 0 0 0 0 0 0 0 0 0 0 0 0 0 0 0 0 0 0 0 0 0 0 0 0 0 0 0 0 0 0 0 37 0 0 0 0 48 11 11 11 11 11 11 11 11 11 11 48 38 1 1 1 1 1 1 1 1 1 1 1 1 1 1 38 67 30 30 30 30 30 30 30 30 30 30 30 30 30 30 30 30 30 30 67 69 32 32 32 32 32 32 69 51 14 14 14 14 14 14 14 14 14 14 14 14 14 51 0 0 0 45 8 8 
8 8 8 8 8 8 8 8 45 63 26 26 26 26 26 26 26 26 26 26 26 26 63 0 37 0 0 0 0 0 0 0 0 0 0 0 0 0 0 0 0 0 0 0 0 0 0 0 0 0 0 0 0 0 0 0 0 0 0 0 0 0 0 0 0 0 0 0 0 0 0 0 0 0 0 0 0 0 37 0 0 0 48 11 11 11 11 11 11 11 11 11 11 11 48 38 1 1 1 1 1 1 1 1 1 1 1 1 1 1 1 38 67 30 30 30 30 30 30 30 30 30 30 30 30 30 30 30 30 30 67 69 32 32 32 32 32 32 69 51 14 14 14 14 14 14 14 14 14 14 14 14 51 0 0 0 45 8 8 8 
