    0  147.640    0.000  317.000    0.000   56.000    0.000    1.000    0.000 
    1  149.794    0.410  316.000    0.000   57.000    0.000    1.134    0.000 
    2  147.643    0.352  310.000    0.000   55.000    0.000    1.062    0.000 
    3  142.293    0.250  318.000    0.000   55.000    0.000    1.097    0.000 
    4  146.515    0.262  317.000    0.000   55.000    0.000    1.112    0.000 
    5  145.983    0.230  320.000    0.000   55.000    0.000    1.112    0.000 
    6  145.612    0.395  315.000    0.000   53.000    0.000    1.111    0.000 
    7  139.756    0.301  314.000    0.000   54.000    0.000    1.223    0.000 
    8  139.439    0.277  315.000    0.000   53.000    0.000    1.171    0.000 
    9  149.549    0.371  318.000    0.000   54.000    0.000    1.222    0.000 
   10  138.599    0.305  312.000    0.000   53.000    0.000    1.224    0.000 
   11  144.904    0.336  318.000    0.000   55.000    0.000    1.226    0.000 
   12  153.577    0.352  318.000    0.000   57.000    0.000    1.225    0.000 
   13  140.385    0.262  317.000    0.000   54.000    0.000    1.281    0.000 
   14  142.341    0.266  319.000    0.000   54.000    0.000    1.236    0.000 
   15  144.120    0.285  312.000    0.000   54.000    0.000    1.171    0.000 
   16  147.283    0.293  319.000    0.000   55.000    0.000    1.363    0.000 
   17  139.738    0.254  318.000    0.000   56.000    0.000    1.363    0.000 
   18  151.961    0.254  319.000    0.000   58.000    0.000    1.421    0.000 
   19  145.359    0.289  303.000    0.000   54.000    0.000    1.239    0.000 
   20  147.094    0.367  317.000    0.000   56.000    0.000    1.227    0.000 
   21  149.235    0.328  315.000    0.000   56.000    0.000    1.163    0.000 
   22  147.503    0.336  321.000    0.000   56.000    0.000    1.171    0.000 
   23  148.384    0.285  320.000    0.000   57.000    0.000    1.287    0.000 
   24  145.669    0.281  320.000    0.000   56.000    0.000    1.226    0.000 
   25  142.601    0.254  307.000    0.000   54.000    0.000    1.383    0.000 
   26  146.533    0.301  316.000    0.000   56.000    0.000    1.281    0.000 
   27  155.446    0.277  315.000    0.000   57.000    0.000    1.355    0.000 
   28  141.467    0.281  313.000    0.000   56.000    0.000    1.352    0.000 
   29  143.049    0.281  313.000    0.000   56.000    0.000    1.306    0.000 
   30  142.176    0.320  313.000    0.000   56.000    0.000    1.377    0.000 
   31  148.635    0.301  316.000    0.000   59.000    0.000    1.315    0.000 
   32  144.705    0.375  316.000    0.000   57.000    0.000    1.306    0.000 
   33  142.781    0.328  316.000    0.000   55.000    0.000    1.386    0.000 
   34  143.626    0.352  318.000    0.000   55.000    0.000    1.279    0.000 
   35  145.456    0.332  313.000    0.000   55.000    0.000    1.283    0.000 
   36  144.332    0.242  311.000    0.000   55.000    0.000    1.308    0.000 
   37  144.447    0.309  316.000    0.000   55.000    0.000    1.321    0.000 
   38  145.591    0.301  315.000    0.000   55.000    0.000    1.354    0.000 
   39  149.955    0.332  316.000    0.000   57.000    0.000    1.358    0.000 
   40  137.892    0.289  316.000    0.000   55.000    0.000    1.363    0.000 
   41  141.856    0.312  312.000    0.000   54.000    0.000    1.289    0.000 
   42  136.620    0.293  315.000    0.000   54.000    0.000    1.363    0.000 
   43  141.313    0.258  315.000    0.000   55.000    0.000    1.420    0.000 
   44  142.733    0.355  312.000    0.000   55.000    0.000    1.500    0.000 
   45  143.392    0.234  318.000    0.000   56.000    0.000    1.564    0.000 
   46  147.919    0.227  318.000    0.000   56.000    0.000    1.438    0.000 
   47  152.825    0.301  315.000    0.000   58.000    0.000    1.505    0.000 
   48  135.557    0.238  314.000    0.000   55.000    0.000    1.505    0.000 
   49  136.349    0.211  318.000    0.000   55.000    0.000    1.505    0.000 
   50  139.115    0.281  316.000    0.000   56.000    0.000    1.505    0.000 
   51  140.106    0.242  312.000    0.000   56.000    0.000    1.505    0.000 
   52  135.112    0.242  314.000    0.000   55.000    0.000    1.505    0.000 
   53  134.533    0.242  316.000    0.000   56.000    0.000    1.387    0.000 
   54  134.692    0.289  314.000    0.000   56.000    0.000    1.383    0.000 
   55  140.383    0.316  313.000    0.000   58.000    0.000    1.315    0.000 
   56  144.099    0.258  319.000    0.000   56.000    0.000    1.505    0.000 
   57  137.678    0.219  313.000    0.000   55.000    0.000    1.447    0.000 
   58  136.512    0.242  313.000    0.000   55.000    0.000    1.460    0.000 
   59  137.563    0.180  315.000    0.000   56.000    0.000    1.446    0.000 
   60  139.073    0.262  314.000    0.000   57.000    0.000    1.396    0.000 
   61  136.288    0.266  312.000    0.000   56.000    0.000    1.387    0.000 
   62  135.114    0.188  316.000    0.000   55.000    0.000    1.448    0.000 
   63  141.849    0.246  313.000    0.000   56.000    0.000    1.386    0.000 
   64  146.256    0.238  314.000    0.000   56.000    0.000    1.475    0.000 
   65  142.574    0.320  318.000    0.000   56.000    0.000    1.443    0.000 
   66  139.313    0.246  315.000    0.000   55.000    0.000    1.362    0.000 
   67  140.261    0.246  320.000    0.000   55.000    0.000    1.355    0.000 
   68  138.285    0.320  318.000    0.000   54.000    0.000    1.448    0.000 
   69  136.369    0.238  313.000    0.000   54.000    0.000    1.306    0.000 
   70  144.385    0.219  325.000    0.000   54.000    0.000    1.355    0.000 
   71  138.892    0.293  314.000    0.000   56.000    0.000    1.249    0.000 
   72  145.214    0.293  315.000    0.000   57.000    0.000    1.168    0.000 
   73  147.024    0.363  316.000    0.000   56.000    0.000    1.180    0.000 
   74  144.803    0.285  317.000    0.000   56.000    0.000    1.183    0.000 
   75  143.608    0.289  319.000    0.000   56.000    0.000    1.385    0.000 
   76  148.067    0.297  313.000    0.000   56.000    0.000    1.251    0.000 
   77  152.541    0.367  313.000    0.000   58.000    0.000    1.297    0.000 
   78  158.238    0.348  318.000    0.000   57.000    0.000    1.287    0.000 
   79  148.001    0.289  314.000    0.000   55.000    0.000    1.354    0.000 
   80  152.767    0.301  315.000    0.000   57.000    0.000    1.281    0.000 
   81  146.349    0.301  318.000    0.000   55.000    0.000    1.297    0.000 
   82  162.618    0.371  317.000    0.000   57.000    0.000    1.101    0.000 
   83  155.241    0.395  320.000    0.000   57.000    0.000    1.163    0.000 
   84  142.408    0.309  319.000    0.000   56.000    0.000    1.170    0.000 
   85  148.076    0.289  309.000    0.000   56.000    0.000    1.110    0.000 
   86  142.026    0.242  317.000    0.000   54.000    0.000    1.111    0.000 
   87  143.478    0.273  315.000    0.000   53.000    0.000    1.112    0.000 
   88  152.499    0.336  319.000    0.000   56.000    0.000    1.064    0.000 
   89  142.291    0.340  312.000    0.000   53.000    0.000    1.111    0.000 
   90  144.969    0.281  312.000    0.000   54.000    0.000    1.236    0.000 
   91  140.189    0.293  315.000    0.000   53.000    0.000    1.163    0.000 
   92  144.980    0.328  315.000    0.000   55.000    0.000    1.067    0.000 
   93  143.102    0.336  317.000    0.000   54.000    0.000    1.162    0.000 
   94  145.515    0.320  317.000    0.000   55.000    0.000    1.183    0.000 
   95  146.571    0.363  318.000    0.000   55.000    0.000    1.063    0.000 
   96  140.446    0.328  314.000    0.000   55.000    0.000    1.118    0.000 
   97  157.863    0.293  315.000    0.000   59.000    0.000    1.200    0.000 
   98  144.460    0.316  316.000    0.000   56.000    0.000    1.238    0.000 
   99  149.561    0.277  319.000    0.000   55.000    0.000    1.289    0.000 
  100  140.676    0.340  310.000    0.000   54.000    0.000    1.307    0.000 
  101  143.595    0.273  320.000    0.000   55.000    0.000    1.225    0.000 
  102  142.206    0.336  320.000    0.000   55.000    0.000    1.236    0.000 
  103  146.087    0.281  310.000    0.000   55.000    0.000    1.251    0.000 
  104  152.315    0.297  316.000    0.000   56.000    0.000    1.214    0.000 
  105  144.835    0.266  314.000    0.000   55.000    0.000    1.195    0.000 
  106  146.784    0.332  321.000    0.000   55.000    0.000    1.236    0.000 
  107  145.292    0.297  317.000    0.000   55.000    0.000    1.306    0.000 
  108  149.456    0.297  313.000    0.000   55.000    0.000    1.162    0.000 
  109  143.331    0.305  313.000    0.000   54.000    0.000    1.171    0.000 
  110  144.428    0.332  320.000    0.000   55.000    0.000    1.251    0.000 
  111  141.242    0.273  316.000    0.000   56.000    0.000    1.204    0.000 
  112  145.933    0.328  316.000    0.000   56.000    0.000    1.171    0.000 
  113  143.587    0.297  310.000    0.000   55.000    0.000    1.268    0.000 
  114  138.169    0.336  316.000    0.000   54.000    0.000    1.236    0.000 
  115  140.015    0.281  318.000    0.000   55.000    0.000    1.237    0.000 
  116  147.503    0.324  321.000    0.000   56.000    0.000    1.322    0.000 
  117  147.705    0.277  316.000    0.000   57.000    0.000    1.269    0.000 
  118  150.885    0.254  321.000    0.000   56.000    0.000    1.315    0.000 
  119  138.737    0.301  314.000    0.000   54.000    0.000    1.184    0.000 
  120  146.508    0.293  315.000    0.000   56.000    0.000    1.307    0.000 
  121  147.035    0.289  315.000    0.000   55.000    0.000    1.227    0.000 
  122  154.028    0.301  318.000    0.000   56.000    0.000    1.306    0.000 
  123  144.293    0.289  318.000    0.000   55.000    0.000    1.279    0.000 
  124  143.092    0.297  314.000    0.000   56.000    0.000    1.249    0.000 
  125  147.406    0.297  316.000    0.000   56.000    0.000    1.363    0.000 
  126  145.404    0.281  318.000    0.000   55.000    0.000    1.290    0.000 
  127  149.906    0.246  321.000    0.000   54.000    0.000    1.279    0.000 
  128  156.037    0.207  322.000    0.000   56.000    0.000    1.299    0.000 
  129  138.964    0.297  314.000    0.000   54.000    0.000    1.185    0.000 
  130  160.438    0.250  320.000    0.000   57.000    0.000    1.267    0.000 
  131  144.001    0.336  314.000    0.000   55.000    0.000    1.306    0.000 
  132  146.738    0.328  318.000    0.000   58.000    0.000    1.324    0.000 
  133  139.988    0.336  316.000    0.000   56.000    0.000    1.387    0.000 
  134  144.287    0.305  312.000    0.000   57.000    0.000    1.307    0.000 
  135  154.896    0.281  324.000    0.000   57.000    0.000    1.363    0.000 
  136  158.412    0.363  313.000    0.000   59.000    0.000    1.306    0.000 
  137  144.537    0.395  314.000    0.000   57.000    0.000    1.195    0.000 
  138  145.614    0.379  315.000    0.000   58.000    0.000    1.321    0.000 
  139  137.741    0.270  316.000    0.000   57.000    0.000    1.387    0.000 
  140  134.954    0.199  313.000    0.000   54.000    0.000    1.387    0.000 
  141  135.001    0.230  314.000    0.000   55.000    0.000    1.501    0.000 
  142  136.668    0.211  314.000    0.000   55.000    0.000    1.447    0.000 
  143  134.238    0.250  318.000    0.000   55.000    0.000    1.447    0.000 
  144  145.526    0.230  315.000    0.000   56.000    0.000    1.448    0.000 
