8 8 8 8 8 8 45 0 0 0 0 0 63 26 26 26 26 26 26 26 26 26 26 26 63 37 0 0 0 0 0 0 0 0 0 0 0 0 0 0 0 0 0 0 0 0 0 0 0 0 0 0 0 0 0 0 0 0 0 0 0 0 0 0 0 0 0 0 0 0 0 0 0 0 48 11 11 11 11 11 11 11 11 11 11 11 11 11 11 11 11 48 0 0 38 1 1 1 1 1 1 1 1 1 1 38 0 67 30 30 67 67 30 30 30 30 30 30 30 30 30 30 30 30 30 30 30 67 0 0 69 32 32 69 32 69 0 0 0 51 14 14 14 14 14 14 14 14 14 14 14 14 51 0 0 45 8 8 8 8 
8 8 8 8 8 8 45 0 0 0 0 0 63 26 26 26 26 26 26 26 26 26 26 26 63 37 37 0 0 0 0 0 0 0 0 0 0 0 0 0 0 0 0 0 0 0 0 0 0 0 0 0 0 0 0 0 0 0 0 0 0 0 0 0 0 0 0 0 0 0 0 0 48 48 11 11 11 11 11 11 11 11 11 11 11 11 11 11 11 11 11 48 0 0 38 1 1 1 1 1 1 1 1 1 1 38 0 67 67 67 0 0 67 30 30 67 30 30 30 30 30 30 67 67 30 30 67 67 0 0 69 32 32 32 32 32 69 0 0 51 14 14 14 14 14 14 14 14 14 14 14 14 14 51 0 45 8 8 8 8 
8 8 8 8 8 8 45 0 0 0 0 0 63 26 26 26 26 26 26 26 26 26 26 26 26 63 37 37 0 0 0 0 0 0 0 0 0 0 0 0 0 0 0 0 0 0 0 0 0 0 0 0 0 0 0 0 0 0 0 0 0 0 0 0 0 0 0 0 0 0 0 0 48 11 11 11 11 11 11 11 11 11 11 11 11 11 11 11 11 11 11 48 0 0 38 1 1 1 1 1 1 1 1 1 1 38 0 67 0 67 67 0 67 67 67 0 67 30 30 30 30 67 0 0 67 67 0 0 0 69 32 32 32 32 32 69 0 0 0 51 14 14 14 14 14 14 14 14 14 14 14 14 51 0 0 45 8 8 8 8 
8 8 8 8 8 8 45 0 0 0 0 0 63 26 26 26 26 26 26 26 26 26 26 26 63 0 0 37 37 0 0 0 0 0 0 0 0 0 0 0 0 0 0 0 0 0 0 0 0 0 0 0 0 0 0 0 0 0 0 0 0 0 0 0 0 0 0 0 0 0 0 48 48 48 48 48 11 11 11 11 11 11 11 11 11 11 11 11 11 11 11 11 48 0 38 1 1 1 1 1 1 1 1 1 38 0 0 0 0 0 0 0 0 0 0 0 0 67 30 30 67 30 67 0 67 30 67 0 0 69 32 32 32 32 32 69 0 0 0 51 14 14 14 14 14 14 14 14 14 14 14 14 51 0 0 45 8 8 8 8 
8 8 8 8 8 8 8 45 0 0 63 0 63 26 26 26 26 26 26 26 26 26 26 26 63 0 0 0 37 37 0 0 0 0 0 0 0 0 0 0 0 0 0 0 0 0 0 0 0 0 0 0 0 0 0 0 0 0 0 0 0 0 0 0 0 0 0 0 0 0 0 0 0 0 0 0 48 11 11 11 11 11 11 11 11 11 11 11 11 11 11 48 0 0 38 1 1 1 1 1 1 1 1 38 0 0 0 41 0 0 41 0 0 0 41 0 0 67 30 67 0 67 0 0 67 30 67 0 69 32 32 32 32 32 32 32 69 0 0 0 51 14 14 14 14 14 14 14 14 14 14 14 51 0 0 45 8 8 8 8 
8 8 8 8 8 8 8 45 0 0 63 0 63 26 26 26 26 26 26 26 26 26 26 26 63 0 0 0 0 37 0 0 0 0 0 0 0 0 0 0 0 0 0 0 0 0 0 0 0 0 0 0 0 0 0 0 0 0 0 0 0 0 0 0 0 0 0 0 0 0 0 0 0 0 0 0 48 11 11 11 11 11 11 11 11 11 11 11 11 11 11 48 0 0 38 1 1 1 1 1 1 1 1 38 0 0 0 41 41 41 4 41 41 41 41 41 0 0 67 0 0 0 0 67 67 67 67 0 69 32 32 32 32 32 32 69 0 0 0 0 51 14 14 14 14 14 14 14 14 14 14 14 51 0 45 8 8 8 8 8 
8 8 8 8 8 8 45 0 0 0 63 63 26 26 26 26 26 26 26 26 26 26 26 63 0 0 0 0 0 37 37 0 0 0 0 0 0 0 0 0 0 0 0 0 0 0 0 0 0 0 0 0 0 0 0 0 0 0 0 0 0 0 0 0 0 0 0 0 0 0 0 0 0 0 48 48 48 48 48 11 11 11 11 11 11 11 11 11 11 11 11 48 0 0 38 1 1 1 1 1 1 1 1 38 0 0 0 41 4 4 4 4 4 41 37 37 0 0 0 0 0 0 0 0 0 0 0 0 69 32 32 32 32 32 32 69 0 0 0 0 51 14 14 14 14 14 14 14 14 14 14 14 51 0 45 8 8 8 8 8 
8 8 8 8 8 8 45 0 0 0 63 26 26 26 26 26 26 26 26 26 26 26 26 63 0 0 0 0 0 0 37 37 0 0 0 0 0 0 0 0 0 0 0 0 0 0 0 0 0 0 0 0 0 0 0 0 0 0 0 0 0 0 0 0 0 0 0 0 0 0 0 0 0 0 0 48 0 0 0 48 48 11 11 48 11 11 11 11 11 11 11 48 0 0 38 1 1 1 1 1 1 1 1 38 0 0 41 4 4 4 4 4 4 41 0 41 37 37 41 0 0 0 0 0 0 0 0 69 32 32 32 32 32 32 32 69 0 0 0 51 51 14 14 14 14 14 14 14 14 14 14 51 37 0 45 8 8 8 8 8 
8 8 8 8 8 8 8 45 45 0 63 26 26 26 26 26 26 26 26 26 26 26 26 63 0 0 0 0 0 0 0 37 37 0 0 0 0 0 0 0 0 0 0 0 0 0 0 0 0 0 0 0 0 0 0 0 0 0 0 0 0 0 0 0 0 0 0 0 0 0 0 0 0 0 0 0 0 0 0 48 37 48 48 0 48 11 11 48 11 11 11 48 48 0 38 1 1 1 1 1 1 1 1 38 0 0 41 4 4 4 4 4 4 4 41 41 0 41 4 41 0 0 0 0 0 0 0 69 32 32 32 32 32 32 32 69 0 69 0 0 0 51 14 14 14 14 14 14 14 14 14 51 37 37 0 45 8 8 8 8 
8 8 8 8 8 8 8 45 45 0 63 26 26 26 26 26 26 26 26 26 26 26 63 0 0 0 0 0 0 0 0 0 37 37 0 0 0 0 0 0 0 0 0 0 0 0 0 0 0 0 0 0 0 0 0 0 0 0 0 0 0 0 0 0 0 0 0 0 0 0 0 0 0 0 0 0 0 0 0 0 37 48 48 0 48 48 48 0 48 11 48 0 0 0 38 1 1 38 1 1 1 1 1 38 38 0 0 41 4 4 4 4 4 4 4 41 0 41 41 37 37 37 0 0 0 0 0 69 32 32 32 32 32 32 32 69 0 69 0 0 0 51 14 14 14 14 14 14 14 14 14 51 0 37 0 45 8 8 8 8 
8 8 8 8 8 8 45 0 0 0 63 26 26 26 26 26 26 26 26 26 26 26 63 0 0 0 0 0 0 0 0 0 0 37 0 0 0 0 0 0 0 0 0 0 0 0 0 0 0 0 0 0 0 0 0 0 0 0 0 0 0 0 0 0 0 0 0 0 0 0 0 0 0 64 0 0 0 0 0 0 48 48 0 0 0 0 0 0 48 11 48 0 0 0 38 1 38 0 38 38 1 1 38 0 38 38 0 41 4 4 4 4 4 4 4 4 41 4 41 0 0 41 37 37 0 0 69 32 32 32 32 32 32 32 32 69 0 69 0 69 0 51 14 14 14 14 14 14 14 14 14 51 0 37 37 45 8 8 8 8 
8 8 8 8 8 8 45 0 0 0 63 26 26 26 26 26 26 26 26 26 26 63 0 0 0 0 0 0 0 0 0 0 0 37 37 0 0 0 0 0 0 0 0 0 0 0 0 0 0 0 0 0 0 0 0 0 0 0 0 0 0 0 0 0 0 0 0 0 0 0 0 0 0 64 64 0 0 0 0 0 0 37 0 0 0 0 0 0 0 48 48 0 0 0 38 1 38 0 38 0 38 1 38 0 38 0 0 41 4 4 4 4 4 4 4 4 4 4 4 41 41 41 0 37 37 37 69 32 32 32 32 32 32 32 32 69 0 69 69 69 0 51 14 14 14 14 14 14 14 14 14 51 0 0 37 45 8 8 8 8 
8 8 8 8 8 45 0 0 0 0 63 26 26 26 26 26 26 26 26 26 26 63 0 0 0 0 0 0 0 0 0 0 0 0 37 37 0 0 0 0 0 0 0 0 0 0 0 0 0 0 0 0 0 0 0 0 0 0 0 0 0 0 0 0 0 0 0 0 0 0 0 0 64 64 27 64 64 0 0 0 0 37 0 0 0 0 0 0 0 48 48 0 0 38 38 38 38 0 0 0 0 38 0 0 0 0 0 41 4 4 4 4 4 4 4 4 4 4 4 4 4 41 0 0 0 69 32 32 32 32 32 32 32 32 32 32 69 32 69 0 0 51 14 14 14 14 14 51 14 14 51 0 0 0 37 45 8 8 8 8 
8 8 8 8 8 45 0 0 0 0 63 26 26 26 26 26 26 26 63 63 26 63 0 0 0 0 0 0 0 0 0 0 0 0 0 37 37 0 0 0 0 0 0 0 0 0 0 0 0 0 0 0 0 0 0 0 0 0 0 0 0 0 0 0 0 0 0 0 0 0 0 0 0 0 64 27 64 0 0 0 0 37 37 0 0 0 0 64 0 0 0 0 0 0 0 0 38 0 0 0 0 38 0 0 0 0 0 41 4 4 4 4 4 4 4 4 4 4 4 4 4 41 0 0 69 32 32 32 32 32 32 32 32 32 32 32 32 32 69 0 0 51 14 14 14 14 51 0 51 14 51 0 0 0 45 8 8 8 8 8 
8 8 8 8 8 45 0 0 0 0 0 63 26 26 26 26 26 63 0 0 63 63 0 0 0 0 0 0 0 0 0 0 0 0 0 0 37 37 0 0 0 0 0 0 0 0 0 0 0 0 0 0 0 0 0 0 0 0 0 0 0 0 0 0 0 0 0 0 0 0 0 0 0 0 0 64 27 64 0 0 0 64 37 0 64 64 64 27 64 64 64 0 0 0 0 0 38 0 0 0 0 0 0 0 0 0 0 41 4 4 4 4 4 4 4 4 4 4 4 4 4 41 0 0 0 69 32 69 32 32 32 32 32 32 32 32 32 69 0 0 0 0 51 14 14 14 51 0 0 51 51 0 0 0 0 45 8 8 8 8 
8 8 8 8 8 45 0 0 0 0 0 63 26 26 26 26 26 63 0 0 0 63 0 0 0 0 0 0 0 0 0 0 0 0 0 0 0 37 37 0 0 0 0 0 0 0 0 0 0 0 0 0 0 0 0 0 0 0 0 0 0 0 0 0 0 0 0 0 0 0 0 0 0 0 0 0 64 27 64 0 64 64 37 64 27 27 27 27 27 64 0 0 0 0 0 0 0 0 0 0 54 0 0 0 0 0 41 4 4 4 4 4 4 4 4 4 4 4 4 4 4 41 0 0 0 69 69 0 69 32 32 32 32 32 32 32 69 0 0 0 0 0 51 14 14 14 51 0 0 0 51 0 0 0 45 8 8 8 8 8 
8 8 8 8 8 45 0 0 0 0 37 63 26 26 26 26 26 26 63 0 0 63 0 0 0 0 0 0 0 0 0 0 0 0 0 0 0 0 37 0 0 0 0 0 0 0 0 0 0 0 0 0 0 0 0 0 0 0 0 0 0 0 0 0 0 0 0 0 0 0 0 64 0 0 0 64 27 27 64 0 64 64 37 0 64 27 27 64 64 27 64 0 64 0 0 0 0 54 0 0 54 0 0 54 0 0 41 41 4 4 4 4 4 4 4 4 4 4 4 4 4 41 0 0 0 69 69 0 69 32 32 32 32 32 32 32 69 0 0 0 0 51 14 14 14 14 14 51 51 0 0 0 0 0 45 8 8 8 8 8 
8 8 8 8 45 0 0 0 0 37 37 63 26 26 26 26 26 63 0 0 0 0 0 0 0 0 0 0 0 0 0 0 0 0 0 0 0 0 37 37 0 0 0 0 0 0 0 0 0 0 0 0 0 0 0 0 0 0 0 0 0 0 0 0 0 0 0 0 0 0 0 64 0 0 0 0 64 27 27 64 27 64 37 37 64 27 64 0 0 64 27 64 64 64 0 0 54 54 0 54 17 54 0 54 54 0 0 0 41 41 4 4 4 4 4 4 4 4 4 4 4 4 41 0 0 0 0 0 69 32 32 32 32 32 32 32 32 69 0 0 0 0 51 14 51 51 14 51 0 0 0 0 0 0 45 8 8 45 45 45 
45 8 8 8 8 45 0 0 0 37 0 63 26 26 26 63 63 0 0 0 0 0 0 0 0 0 0 0 0 0 0 0 0 0 0 0 0 0 0 37 37 0 0 0 0 0 0 0 0 0 0 0 0 0 0 0 0 0 0 0 0 0 0 0 0 0 0 0 0 0 64 27 64 0 0 0 64 27 27 27 27 64 0 64 64 64 0 0 0 0 64 64 0 0 0 0 0 54 0 0 54 17 54 54 0 0 0 41 41 0 41 4 4 4 4 4 4 4 4 4 4 41 0 0 0 0 0 69 32 32 32 32 32 32 32 32 69 37 37 0 0 51 14 51 0 0 51 14 51 0 0 0 0 0 45 8 45 37 0 0 
45 8 8 8 45 0 0 0 37 37 63 26 26 26 63 0 0 0 0 0 0 0 0 0 0 0 0 0 0 0 0 0 0 0 0 0 0 0 0 0 37 37 0 0 0 0 0 0 0 0 0 0 0 0 0 0 0 0 0 0 0 0 0 0 0 0 0 0 0 0 64 64 64 0 64 64 27 27 27 27 27 64 0 37 0 0 0 64 64 64 64 0 0 64 0 0 54 54 0 54 17 17 17 54 0 54 0 41 41 0 41 4 4 4 4 4 4 4 4 4 4 41 0 0 0 0 0 69 32 32 32 32 32 32 32 69 0 0 37 37 37 0 51 51 0 51 51 51 14 51 0 0 0 0 0 45 45 37 37 0 
45 8 8 8 45 0 0 0 37 0 0 63 26 26 63 0 0 0 0 0 0 0 0 0 0 0 0 0 0 0 0 0 0 0 0 0 0 0 0 0 0 37 37 0 0 0 0 0 0 0 0 0 0 0 0 0 0 0 0 0 0 0 0 0 0 0 0 0 0 0 64 0 0 0 64 27 64 64 27 27 64 0 0 37 0 0 64 64 27 27 64 0 64 64 0 54 17 54 0 54 17 17 17 17 54 54 0 0 0 0 41 4 4 4 4 4 4 4 4 4 4 41 0 0 0 69 69 32 32 32 32 32 32 32 32 32 69 0 0 0 37 37 51 51 0 0 0 0 51 0 0 0 0 0 0 0 45 0 37 0 
45 8 8 8 45 0 0 37 37 0 0 63 26 26 26 63 0 0 0 0 0 0 0 0 0 0 0 0 0 0 0 0 0 0 0 0 0 0 0 0 0 0 37 37 0 0 0 0 0 0 0 0 0 0 0 0 0 0 0 0 0 0 0 0 0 0 0 0 0 0 64 64 64 0 0 64 0 0 64 64 0 0 0 37 37 0 0 0 64 27 27 64 64 0 0 0 54 17 54 17 17 17 17 17 17 54 0 54 0 41 41 41 41 41 4 4 4 4 4 4 4 4 41 0 0 69 32 32 32 32 32 32 32 32 32 69 0 0 0 0 0 0 51 37 0 0 0 0 0 0 0 0 0 0 0 0 45 0 37 37 
45 8 8 45 0 0 37 37 0 0 0 63 26 26 63 0 0 0 0 0 0 0 0 0 0 0 0 0 0 0 0 0 0 0 0 0 0 0 0 0 0 0 0 37 0 0 0 0 0 0 0 0 0 0 0 0 0 0 0 0 0 0 0 0 0 0 0 0 0 0 64 27 27 64 64 27 64 0 64 27 64 64 64 0 37 0 0 64 27 27 27 27 64 0 0 0 54 17 17 17 17 17 17 17 17 17 54 54 0 0 0 0 0 0 41 4 41 4 4 4 4 41 0 0 69 32 32 32 32 32 32 32 32 32 32 32 69 69 0 0 0 0 0 37 37 37 0 0 0 0 0 0 0 0 0 0 45 0 0 37 
45 8 8 45 0 0 37 0 0 0 0 63 63 26 63 0 0 0 0 0 0 0 0 0 0 0 0 0 0 0 0 0 0 0 0 0 0 0 0 0 0 0 0 37 37 0 0 0 0 0 0 0 0 0 0 0 0 0 0 0 0 0 0 0 0 0 0 0 0 64 64 27 64 27 27 64 64 0 64 64 64 0 0 0 37 0 0 64 27 27 27 27 27 64 0 0 54 54 17 17 17 17 17 17 17 17 17 17 54 0 0 0 0 0 41 41 0 41 4 4 4 4 41 0 0 69 32 32 32 32 32 32 32 32 69 32 69 0 0 0 0 0 0 0 0 37 37 37 0 0 0 0 0 0 0 0 45 0 0 37 
37 45 45 45 0 37 37 0 0 0 0 0 0 63 63 0 0 0 0 0 0 0 0 0 0 0 0 0 0 0 0 0 0 0 0 0 0 0 0 0 0 0 0 0 37 37 0 0 0 0 0 0 0 0 0 0 0 0 0 0 0 0 0 0 0 0 0 0 0 0 0 64 0 64 64 0 0 0 64 0 64 64 64 0 37 0 0 64 27 27 27 27 27 64 0 0 54 0 54 17 17 17 17 17 17 17 17 17 17 54 54 54 0 0 41 0 0 0 41 4 4 4 41 0 0 0 69 32 32 32 32 32 32 69 0 69 69 0 0 0 0 0 0 0 0 0 0 37 37 37 0 0 0 0 0 0 45 0 0 0 
45 45 0 0 37 37 0 0 0 0 0 0 0 63 63 0 0 0 0 0 0 0 0 0 0 0 0 0 0 0 0 0 0 0 0 0 0 0 0 0 0 0 0 0 0 37 37 0 0 0 0 0 0 0 0 0 0 0 0 0 0 0 0 0 0 0 0 0 0 0 0 0 0 0 64 0 0 0 64 0 64 27 27 64 64 64 64 27 27 27 27 27 64 0 0 0 54 0 54 17 17 17 17 17 17 17 17 17 17 17 17 17 54 0 0 0 0 0 41 4 4 4 4 41 0 0 69 32 32 32 32 32 32 69 0 0 0 0 0 0 0 0 0 0 0 0 0 0 0 37 37 37 0 0 0 0 0 0 0 0 
0 37 0 0 37 0 0 0 0 0 0 0 0 0 63 63 0 0 0 0 0 0 0 0 0 0 0 0 0 0 0 0 0 0 0 0 0 0 0 0 0 0 0 0 0 0 37 37 0 0 0 0 0 0 0 0 0 0 0 0 0 0 0 0 0 0 0 0 0 0 0 0 64 64 27 64 0 64 64 0 64 27 64 27 27 27 27 27 27 27 27 27 64 37 37 0 0 0 54 17 17 17 17 17 17 17 17 17 17 17 17 54 0 0 0 0 41 41 41 4 4 4 4 41 0 0 0 69 32 32 32 32 32 69 0 0 0 0 0 0 0 0 0 0 0 0 0 0 0 0 0 37 37 37 0 0 0 0 0 0 
0 37 37 37 37 0 0 0 0 0 0 0 0 0 63 0 0 0 0 0 0 0 0 0 0 0 0 0 0 0 0 0 0 0 0 0 0 0 0 0 0 0 0 0 0 0 0 37 37 0 0 0 0 0 0 0 0 0 0 0 0 0 0 0 0 0 0 0 0 0 0 0 64 0 64 0 0 0 0 0 64 64 37 64 27 27 27 27 27 27 27 27 64 0 0 0 0 54 17 17 17 17 17 17 17 17 17 17 17 17 17 54 0 54 0 0 0 0 0 41 4 4 4 4 41 0 69 69 69 32 32 69 32 69 0 0 0 0 0 0 0 0 0 0 0 0 0 0 0 0 0 0 0 37 37 37 0 0 0 0 
0 0 37 37 0 0 0 0 0 0 0 0 0 0 0 0 0 0 0 0 0 0 0 0 0 0 0 0 0 0 0 0 0 0 0 0 0 0 0 0 0 0 0 0 0 0 0 0 37 0 0 0 0 0 0 0 0 0 0 0 0 0 0 0 0 0 0 0 0 0 0 0 0 37 64 64 37 37 37 37 37 0 0 64 27 27 27 27 27 27 27 27 27 64 0 0 54 17 17 17 17 17 17 17 17 17 17 17 17 17 17 17 54 54 0 0 0 0 0 41 4 4 4 41 0 0 69 0 0 69 69 0 69 0 0 0 0 0 0 0 0 0 0 0 0 0 0 0 0 0 0 0 0 0 0 37 37 37 0 0 
0 0 37 37 0 0 0 0 0 0 0 0 0 0 0 0 0 0 0 0 0 0 0 0 0 0 0 0 0 0 0 0 0 0 0 0 0 0 0 0 0 0 0 0 0 0 0 0 37 37 0 0 0 0 0 0 0 0 0 0 0 0 0 0 0 0 37 37 37 37 37 37 37 37 0 64 0 0 0 64 64 64 0 64 27 27 64 27 27 27 27 27 64 0 0 0 0 54 17 17 17 17 17 17 17 17 17 17 17 17 17 17 17 54 0 0 0 0 0 41 4 4 4 41 0 0 69 0 69 32 69 0 0 0 0 0 0 0 0 0 0 0 0 0 0 0 0 0 0 0 0 0 0 0 0 0 0 37 37 0 
37 37 37 37 0 0 0 0 0 0 0 0 0 0 0 0 0 0 0 0 0 0 0 0 0 0 0 0 0 0 0 0 0 0 0 0 0 0 0 0 0 0 0 0 0 0 0 0 0 37 37 0 0 0 0 0 0 0 37 37 37 37 37 37 37 37 37 0 0 0 0 0 0 0 0 0 0 0 0 0 64 64 64 27 27 64 37 64 27 27 27 27 27 64 64 0 0 54 17 17 17 17 17 17 17 17 17 17 17 17 17 17 17 54 0 0 0 41 41 4 4 4 4 41 0 0 0 0 69 32 69 0 0 0 0 0 0 0 0 0 0 0 0 0 0 0 0 0 0 0 0 0 0 0 0 0 0 0 37 37 
37 37 37 37 0 0 0 0 0 0 0 0 0 0 0 0 0 0 0 0 0 0 0 0 0 0 0 0 0 0 0 0 0 0 0 0 0 0 0 0 0 0 0 0 0 0 0 0 0 0 37 37 37 37 37 37 37 37 37 0 0 0 0 0 0 0 0 0 0 0 0 0 0 0 0 0 0 0 0 0 64 0 64 64 64 0 37 64 27 27 27 27 27 27 64 0 0 54 17 17 17 17 17 17 17 17 17 17 17 17 17 17 17 17 54 0 0 41 4 4 4 4 4 41 0 0 0 69 32 69 0 0 0 0 0 0 0 0 0 0 0 0 0 0 0 0 0 0 0 0 0 0 0 0 0 0 0 0 0 0 
37 37 37 37 37 0 0 0 0 0 0 0 0 0 0 0 0 0 0 0 0 0 0 0 0 0 0 0 0 0 0 0 0 0 0 0 0 0 0 0 0 0 0 0 37 37 37 37 37 37 37 37 37 0 0 0 0 0 0 0 0 0 0 0 0 0 0 0 0 0 0 0 0 0 0 0 0 0 0 0 0 0 0 0 64 0 37 64 27 27 64 27 64 27 64 0 54 17 17 17 17 17 17 17 17 17 17 17 17 17 17 17 17 17 54 0 0 0 41 4 4 4 4 41 0 0 69 32 69 69 0 0 0 0 0 0 0 0 0 0 0 0 0 0 0 0 0 0 0 0 0 0 0 0 0 0 0 0 0 0 
37 0 0 0 37 37 37 0 0 0 0 0 0 0 0 0 0 0 0 0 0 0 0 0 0 0 0 0 0 0 0 0 0 0 0 0 0 37 37 37 37 37 37 37 37 0 0 0 0 0 0 0 37 0 0 0 0 0 0 0 0 0 0 0 0 0 0 0 0 0 0 0 0 0 0 0 0 0 0 0 0 0 0 0 0 0 64 27 27 64 0 64 0 64 0 0 54 17 17 17 17 17 17 17 17 17 17 17 17 17 17 17 17 17 54 0 0 0 41 41 41 4 4 41 0 0 69 69 0 0 0 0 0 0 0 0 0 0 0 0 0 0 0 0 0 0 0 0 0 0 0 0 0 0 0 0 0 0 0 37 
0 0 0 0 37 37 37 37 37 0 0 0 0 0 0 0 0 0 0 0 0 0 0 0 0 0 0 0 0 0 37 37 37 37 37 37 37 37 0 0 0 0 0 0 0 0 0 0 0 0 0 0 37 37 0 0 0 0 0 0 0 0 0 0 0 0 0 0 0 0 0 0 62 0 0 0 0 0 0 0 64 0 64 64 64 64 27 27 64 0 0 64 0 64 0 0 0 54 17 17 54 17 17 17 17 17 17 17 17 17 17 17 17 54 0 0 0 0 0 0 0 41 41 0 0 0 0 0 0 0 0 0 0 0 0 0 0 0 0 0 0 0 0 0 0 0 0 0 0 0 0 0 0 0 0 0 0 0 0 37 
0 0 0 0 0 37 0 0 37 37 37 0 0 0 0 0 0 0 0 0 0 0 0 37 37 37 37 37 37 37 37 0 0 0 0 0 0 0 0 0 0 0 0 0 0 0 0 0 0 47 0 0 0 37 37 0 0 47 0 0 0 0 0 0 0 0 0 0 0 62 62 62 62 0 0 0 0 0 0 0 64 64 64 64 0 64 27 27 64 0 0 64 0 64 64 0 0 54 54 54 0 54 17 17 17 17 17 17 17 17 17 17 54 0 0 0 0 0 0 0 0 41 41 0 0 0 0 0 0 0 0 0 0 0 0 0 0 0 0 0 0 0 0 0 0 0 0 0 0 0 0 0 0 0 0 0 0 0 37 37 
0 0 0 0 0 37 37 0 0 0 37 37 0 0 0 0 37 37 37 37 37 37 37 37 0 0 0 0 0 0 0 0 0 0 0 0 0 0 0 0 0 0 0 0 0 0 0 0 0 47 0 0 0 0 37 37 0 47 0 47 47 0 0 0 0 0 0 0 0 0 0 0 62 0 0 0 0 0 0 0 0 0 0 0 0 0 64 64 64 0 0 64 0 0 0 0 0 0 0 0 0 54 17 17 17 54 17 17 17 17 17 17 17 54 0 0 0 0 0 0 0 0 41 0 0 0 0 0 0 0 0 0 0 0 0 0 0 0 0 0 0 0 0 0 0 0 0 0 0 0 0 0 0 0 0 0 0 0 37 0 
0 0 0 0 0 0 37 0 0 37 37 37 37 37 37 37 37 0 0 0 0 0 0 0 0 0 0 0 0 0 0 0 0 0 0 0 0 0 0 0 0 0 0 0 0 0 0 0 0 47 47 47 47 47 0 37 37 47 47 10 47 0 0 0 0 0 0 0 0 0 0 0 62 0 0 0 0 0 0 0 0 0 0 0 0 0 64 37 64 0 0 0 0 0 0 0 0 0 0 0 0 0 54 17 54 0 54 17 54 17 17 17 17 54 0 0 0 0 0 0 0 0 41 0 0 0 0 0 0 0 0 0 0 0 0 0 0 0 0 0 0 0 0 0 0 0 0 0 0 0 0 0 0 0 0 0 0 37 37 0 
0 0 37 37 37 37 37 37 37 37 0 0 0 37 37 37 0 0 0 0 0 0 0 0 0 0 0 0 0 0 0 0 0 0 0 0 0 0 0 0 0 0 0 0 0 0 0 0 0 0 47 10 47 0 0 0 47 47 47 47 47 0 0 0 0 0 0 0 0 0 62 62 62 0 0 0 0 0 0 0 0 0 0 0 0 0 0 37 37 0 0 0 0 0 0 0 0 0 0 0 0 0 54 17 54 0 54 54 0 54 54 17 17 54 0 0 0 0 0 0 0 0 41 0 0 0 0 0 0 0 0 0 0 0 0 0 0 0 0 0 0 0 0 0 0 0 0 0 0 0 0 0 0 0 0 0 37 37 0 0 
37 37 37 0 0 0 0 37 0 0 0 0 0 0 0 37 37 37 0 0 0 0 0 0 0 0 0 0 0 0 0 0 0 0 0 0 0 0 0 0 47 0 0 0 0 0 0 0 0 0 47 10 10 47 0 0 47 37 0 0 0 0 0 0 0 0 62 62 0 62 25 25 25 62 0 0 0 0 0 0 0 0 0 0 0 0 0 0 37 0 0 0 0 0 0 0 0 0 0 0 0 0 54 17 54 0 54 54 0 0 0 54 54 54 0 0 0 0 0 0 0 0 0 0 0 0 0 0 0 0 0 0 0 0 0 0 0 0 0 0 0 0 0 0 0 0 0 0 0 0 0 0 0 0 0 37 37 37 37 37 
0 0 0 0 0 0 0 37 37 0 0 0 0 0 0 0 0 37 37 37 0 0 0 0 0 0 0 0 0 0 0 0 0 0 0 0 0 0 0 0 47 0 0 47 0 47 47 47 0 0 47 10 10 10 47 47 47 37 47 0 0 0 0 0 0 62 25 25 62 25 25 25 25 62 0 0 62 62 62 62 62 0 0 0 0 0 0 0 37 0 0 0 0 0 0 0 0 0 0 0 0 0 54 54 0 0 0 0 0 0 0 0 0 0 0 0 0 0 0 0 0 0 0 0 0 0 0 0 0 0 0 0 0 0 0 0 0 0 0 0 0 0 0 0 0 0 0 37 37 37 37 37 37 37 37 37 37 0 0 0 
0 0 0 0 0 0 0 0 37 0 0 0 0 0 0 0 0 0 0 37 37 37 0 0 0 0 0 0 0 0 0 0 0 0 0 0 0 0 0 0 47 0 47 47 0 0 47 47 0 47 10 10 10 10 10 10 10 47 10 47 47 47 0 62 62 25 25 25 25 25 25 25 62 0 0 0 0 62 62 62 62 0 0 0 0 0 0 0 37 0 0 0 0 0 0 0 0 0 0 0 0 0 0 0 0 0 0 0 0 0 0 0 0 0 0 0 0 0 0 0 0 0 0 0 0 0 0 0 0 0 0 0 0 0 0 0 0 0 0 0 37 37 37 37 37 37 37 37 0 0 0 0 0 0 0 37 0 0 0 0 
0 0 0 0 0 0 0 0 37 37 0 0 0 0 0 0 0 0 0 0 0 37 37 37 0 0 0 0 0 0 0 0 0 0 0 0 0 0 0 0 47 0 0 47 47 47 10 10 47 10 10 10 10 10 10 10 47 47 47 47 37 0 0 62 25 25 25 25 62 62 62 62 0 0 0 0 62 62 0 0 0 0 0 0 0 0 0 0 37 0 0 0 0 0 0 0 0 0 0 0 0 0 0 0 0 0 56 56 56 56 0 0 56 0 0 0 0 0 0 0 0 0 0 0 0 0 0 0 0 0 0 0 0 37 37 37 37 37 37 37 37 0 0 0 0 0 0 0 0 0 0 0 0 0 37 37 0 0 0 0 
0 0 0 0 0 0 0 0 0 37 0 0 0 0 0 0 0 0 0 0 0 0 0 37 37 0 0 0 0 0 0 0 0 0 0 0 0 0 0 47 47 0 0 47 10 10 10 10 10 10 10 10 10 10 10 47 0 0 0 0 37 37 0 0 62 25 25 62 0 0 0 62 0 0 0 0 62 25 62 0 0 0 0 0 0 0 0 0 37 37 0 0 0 0 0 0 0 0 0 0 0 0 0 0 0 0 0 56 56 0 0 0 56 56 56 0 0 0 0 0 0 0 0 0 0 0 37 37 37 37 37 37 37 37 0 0 0 0 0 0 0 0 0 0 0 0 0 0 0 0 0 0 0 37 37 0 0 0 0 0 
0 0 0 0 0 0 0 0 0 37 37 0 0 0 0 0 0 0 0 0 0 0 0 0 37 37 37 0 0 0 0 0 0 0 0 0 0 0 47 47 47 47 47 47 47 47 10 10 10 10 10 10 10 10 10 47 0 47 47 47 0 37 37 0 0 62 62 62 0 0 62 25 62 62 62 0 62 62 0 0 0 0 0 0 0 0 0 0 0 37 0 0 0 0 0 0 0 0 0 0 0 0 0 0 0 56 56 56 56 0 0 0 56 19 56 0 0 0 56 37 37 37 37 37 37 37 37 0 0 0 0 0 0 0 0 0 0 0 0 0 0 0 0 0 0 0 0 0 0 0 0 0 0 37 0 0 0 0 0 0 
0 0 0 0 0 0 0 0 0 0 37 0 0 0 0 0 0 0 0 0 0 0 0 0 0 0 37 37 37 0 0 0 0 0 0 0 0 0 0 0 0 47 0 0 0 0 47 47 10 10 10 10 10 10 10 10 47 10 10 10 47 47 47 0 0 0 0 0 0 0 0 62 62 0 0 0 62 62 0 0 62 0 0 62 0 0 0 0 0 37 0 0 0 0 0 0 0 0 0 0 0 0 0 56 56 56 56 0 56 0 0 0 37 56 56 37 37 56 19 56 0 0 0 0 0 0 0 0 0 0 0 0 0 0 0 0 0 0 0 0 0 0 0 0 0 0 0 0 0 0 0 0 37 37 0 0 0 0 0 0 
0 0 0 0 0 0 0 0 0 0 37 37 0 0 0 0 0 0 0 0 0 0 0 0 0 0 0 0 37 37 37 0 0 0 0 0 0 0 0 0 0 0 0 0 47 0 0 0 47 10 10 10 10 10 10 10 10 10 10 10 47 47 47 37 0 0 62 62 62 62 62 25 62 0 62 62 25 25 62 62 25 62 62 62 0 0 0 0 0 37 0 0 0 0 0 0 0 0 0 0 0 0 0 0 0 37 37 37 56 56 56 37 37 56 19 56 0 0 56 0 0 0 0 56 0 0 0 0 0 0 0 0 0 0 0 0 0 0 0 0 0 0 0 0 0 0 0 0 0 0 0 37 37 0 0 0 0 0 0 0 
0 0 0 0 0 0 0 0 0 0 0 37 0 0 0 0 0 0 0 0 0 0 0 0 0 0 0 0 0 0 37 37 37 0 0 0 0 0 0 0 0 0 0 47 10 47 47 47 10 10 47 10 47 47 10 10 10 10 10 47 0 0 47 37 37 0 62 0 0 0 62 25 62 0 62 25 25 25 25 25 25 25 25 25 62 0 0 0 0 37 37 0 0 0 0 0 0 0 37 37 37 37 56 56 56 37 56 56 56 0 0 0 0 56 56 56 56 0 56 0 0 0 0 56 56 56 0 0 0 0 0 0 0 0 0 0 0 0 0 0 0 0 0 0 0 0 0 0 0 0 0 37 0 0 0 0 0 0 0 0 
0 0 0 0 0 0 0 0 0 0 0 37 0 0 0 0 0 0 0 0 0 0 0 0 0 0 0 0 0 0 0 0 37 37 37 0 0 0 47 47 0 47 47 10 10 10 10 10 10 47 0 47 0 0 47 10 10 10 10 47 0 0 0 0 37 37 0 0 0 0 62 25 25 62 25 25 25 25 25 25 25 25 25 25 25 62 62 62 62 0 37 37 37 37 37 37 37 37 37 0 0 0 56 0 56 56 19 56 56 0 0 0 0 0 0 0 56 56 56 0 0 0 0 0 56 19 56 0 0 0 0 0 0 0 0 0 0 0 0 0 0 0 0 0 0 0 0 0 0 0 37 37 0 0 0 0 0 0 0 0 
0 0 0 0 0 0 0 0 0 0 0 37 37 0 0 0 0 0 0 0 0 0 0 0 0 0 0 0 0 0 0 0 0 0 37 37 37 47 10 10 47 10 10 10 10 10 10 10 47 47 0 47 0 0 47 10 10 10 10 10 47 47 0 0 0 37 37 0 62 0 62 25 25 25 25 25 25 25 25 25 25 25 25 25 25 25 62 0 0 0 37 0 0 0 0 0 0 0 0 0 0 0 56 0 56 56 56 0 56 56 56 0 0 0 56 56 56 0 0 0 0 0 0 0 56 19 19 56 56 0 0 0 0 0 0 0 0 0 0 0 0 0 0 0 0 0 0 0 0 0 37 0 0 0 0 0 0 0 0 0 
0 0 0 0 0 0 0 0 0 0 0 0 37 0 0 0 0 0 0 0 0 0 0 0 0 0 0 0 0 0 0 0 0 0 0 0 37 37 47 47 47 47 10 47 10 10 10 47 0 0 0 0 0 0 47 10 10 10 10 10 10 10 47 47 47 47 37 37 62 62 25 25 25 25 25 25 25 25 25 25 25 25 25 25 62 62 62 62 62 62 37 0 0 0 0 0 0 0 0 0 0 0 0 0 0 0 56 0 0 0 56 0 0 0 56 56 0 0 0 0 0 56 56 56 19 19 19 56 0 0 0 0 0 0 0 0 0 0 0 0 0 0 0 0 0 0 0 0 0 37 37 0 0 0 0 0 0 0 0 0 
0 0 0 0 0 0 0 0 0 0 0 0 37 37 0 0 0 0 0 0 0 0 0 0 0 0 0 0 0 0 0 0 0 0 0 0 0 47 47 37 0 0 47 0 47 47 10 47 0 0 0 0 0 0 47 47 10 10 10 47 10 10 10 47 0 0 0 62 25 25 25 25 25 25 25 25 25 25 25 25 25 25 25 62 0 0 0 0 62 62 37 37 0 0 0 0 0 0 0 0 0 0 0 0 0 0 0 0 0 0 56 0 0 0 56 0 0 0 0 56 56 19 19 19 19 19 19 56 56 0 0 0 0 0 0 0 0 0 0 0 0 0 0 0 0 0 0 0 37 37 0 0 0 0 0 0 0 0 0 0 
0 0 0 0 0 0 0 0 0 0 0 0 0 37 0 0 0 0 0 0 0 0 0 0 0 0 0 0 0 0 0 0 0 0 0 0 0 0 0 37 37 37 0 0 0 0 47 47 0 0 0 0 0 0 47 0 47 10 47 0 47 10 10 47 0 0 0 62 62 25 25 25 25 25 25 25 62 25 25 25 25 25 25 62 0 0 0 0 0 62 0 37 0 0 0 0 0 0 0 0 56 56 56 0 0 0 0 0 0 56 19 56 0 0 56 0 0 56 0 0 56 56 19 56 56 56 56 0 56 0 0 0 0 0 0 0 0 0 0 0 0 0 0 0 0 0 0 0 37 0 0 0 0 0 0 0 0 0 0 0 
0 0 0 0 0 0 0 0 0 0 0 0 0 37 37 0 0 0 0 0 0 0 0 0 0 0 0 0 0 0 0 0 0 0 0 44 0 0 44 0 0 37 37 37 0 0 47 47 0 0 0 0 0 47 47 0 47 10 47 0 47 10 10 10 47 47 0 0 37 62 25 25 25 62 25 62 0 62 62 25 25 25 25 25 62 62 0 0 0 0 0 37 0 0 0 0 0 0 0 0 56 56 0 0 0 0 0 0 0 56 56 0 0 56 56 56 56 56 0 0 0 0 56 0 0 0 0 0 0 0 0 0 0 0 0 0 0 0 0 0 0 0 0 0 0 0 0 37 37 0 0 0 0 0 0 0 0 0 0 0 
0 0 0 0 0 0 0 0 0 0 0 0 0 0 37 0 0 0 0 0 0 0 0 0 0 0 0 0 0 0 0 0 0 44 44 7 44 0 44 0 0 0 0 37 37 37 0 47 0 0 0 0 47 10 47 0 47 10 47 0 47 10 47 47 10 47 0 0 0 62 25 25 62 0 62 62 0 0 0 62 25 25 25 25 25 25 62 62 62 0 0 37 0 0 0 0 0 0 0 0 56 56 56 0 0 56 0 0 0 56 0 0 0 0 0 0 0 56 0 0 0 56 19 56 56 0 0 0 0 0 0 0 0 0 0 0 0 0 0 0 0 0 0 0 0 0 37 37 0 0 0 0 0 0 0 0 0 0 0 0 
0 0 0 0 0 0 0 0 0 0 0 0 0 0 37 37 0 0 0 0 0 0 0 0 0 0 0 0 0 0 0 0 0 0 44 7 7 44 7 44 0 0 0 0 0 37 37 37 0 0 47 47 10 10 47 0 47 10 47 0 0 47 0 0 47 47 0 0 0 62 25 62 0 0 62 62 0 62 62 25 25 25 25 25 25 25 25 62 62 0 0 37 37 0 0 0 0 0 0 0 56 0 56 56 56 19 56 0 56 19 56 0 56 0 0 56 56 56 0 0 0 0 56 19 19 56 0 0 0 0 0 0 0 0 0 0 0 0 0 0 0 0 0 0 0 0 37 0 0 0 0 0 0 0 0 0 0 0 0 0 
0 0 0 0 0 0 0 0 0 0 0 0 0 0 0 37 0 0 0 0 0 0 0 0 0 0 0 0 0 0 0 0 0 44 7 44 7 7 7 44 0 0 0 0 44 0 0 37 37 37 47 47 47 47 0 0 47 47 0 0 0 47 0 0 0 0 0 0 0 62 62 37 0 0 62 62 0 62 62 25 25 25 25 62 25 25 62 0 0 0 0 0 37 0 0 0 0 0 0 0 0 0 56 56 19 19 56 0 56 19 56 0 56 56 56 56 0 56 56 0 0 0 0 56 56 56 0 0 0 0 0 0 0 0 0 0 0 0 0 0 0 0 0 0 0 37 37 0 0 0 0 0 0 0 0 0 0 0 0 0 
0 0 0 0 0 0 0 0 0 0 0 0 0 0 0 37 37 0 0 0 0 0 0 0 0 0 0 0 0 0 0 0 0 0 44 0 44 7 44 0 0 0 0 44 44 0 0 0 0 37 37 37 0 0 0 0 47 10 47 0 0 0 0 0 0 0 0 0 62 62 62 62 37 0 0 62 0 62 0 62 25 25 62 0 62 25 25 62 0 0 0 0 37 0 0 0 0 56 56 56 56 0 0 0 56 56 0 0 56 19 56 0 56 56 0 0 0 0 56 56 56 0 0 56 0 0 0 0 0 0 0 0 0 0 0 0 0 0 0 0 0 0 0 0 0 37 0 0 0 0 0 0 0 0 0 0 0 0 0 0 
0 0 0 0 0 0 0 0 0 0 0 0 0 0 0 0 37 0 0 0 0 0 0 0 0 0 0 0 0 0 0 0 0 0 0 0 44 7 7 44 44 44 44 7 44 0 44 44 0 0 0 44 37 0 0 47 47 10 47 0 0 0 0 0 0 0 0 62 62 0 0 62 37 37 0 0 0 0 0 0 62 25 62 0 0 62 25 62 0 0 0 0 37 0 0 0 0 56 56 19 19 56 0 56 56 0 0 56 19 19 19 56 19 19 56 0 56 0 56 56 56 56 0 56 0 0 0 0 0 0 0 0 0 0 0 0 0 0 0 0 0 0 0 0 37 37 0 0 0 0 0 0 0 0 0 0 0 0 0 0 
0 0 0 0 0 0 0 0 0 0 0 0 0 0 0 0 37 37 0 0 0 0 0 0 0 0 0 0 0 0 44 44 0 44 0 44 7 7 7 7 7 7 7 7 7 44 7 7 44 44 44 44 37 37 37 47 0 47 47 0 0 0 0 0 0 0 0 0 0 0 62 62 0 37 37 0 0 0 0 0 62 62 62 0 0 62 25 25 62 0 0 0 37 0 0 0 0 0 0 56 56 19 56 19 19 56 56 19 56 56 56 56 19 19 56 0 56 56 56 0 0 56 56 56 56 0 0 0 0 0 0 0 0 0 0 0 0 0 0 0 0 0 0 37 37 0 0 0 0 0 0 0 0 0 0 0 0 0 0 0 
0 0 0 0 0 0 0 0 0 0 0 0 0 0 0 0 0 37 0 0 0 0 0 0 0 0 0 0 0 0 0 44 44 7 44 7 7 7 7 7 7 7 7 7 7 7 7 7 7 7 7 44 0 0 37 37 37 47 0 0 0 0 0 0 0 0 0 0 0 0 0 0 0 0 37 46 0 0 0 62 62 0 62 0 0 62 25 62 0 0 0 0 37 37 0 0 0 0 0 0 0 56 0 56 56 0 0 56 0 0 0 0 56 56 0 0 0 0 56 56 0 0 0 0 56 0 0 0 0 0 0 0 0 0 0 0 0 0 0 0 0 0 0 37 0 0 0 0 0 0 0 0 0 0 0 0 0 0 0 0 
0 0 0 0 0 0 0 0 0 0 0 0 0 0 0 0 0 37 37 0 0 0 0 0 0 0 0 0 0 0 0 0 44 7 7 7 7 7 7 7 7 7 7 7 7 7 7 7 7 7 7 7 44 0 0 47 47 47 37 0 0 0 0 0 0 0 46 46 0 0 0 0 0 0 46 9 46 0 0 62 0 0 62 0 0 0 62 62 0 0 0 0 0 37 0 0 0 0 56 56 56 56 0 56 56 0 0 0 0 0 56 0 56 56 0 0 0 0 56 19 56 56 56 0 0 0 0 0 0 0 0 0 0 0 0 0 0 0 0 0 0 0 37 37 0 0 0 0 0 0 0 0 0 0 0 0 0 0 0 0 
0 0 0 0 0 0 0 0 0 0 0 0 0 0 0 0 0 0 37 0 0 0 0 0 0 0 0 0 0 0 0 0 44 7 7 7 7 7 7 7 7 7 7 7 7 7 7 7 7 7 7 44 0 0 0 0 37 47 37 37 37 37 37 37 37 37 46 46 0 0 0 0 0 0 46 9 46 46 0 0 0 0 0 0 0 0 0 0 0 0 0 0 0 37 0 0 0 0 56 0 0 0 0 56 56 0 0 56 56 56 56 0 56 0 0 0 0 0 0 56 56 56 0 0 0 0 0 0 0 0 0 0 0 0 0 0 0 0 0 0 0 37 37 0 0 0 0 0 0 0 0 0 0 0 0 0 0 0 0 0 
0 0 0 0 0 0 0 0 0 0 0 0 0 0 0 0 0 0 37 37 0 0 0 0 0 0 0 0 0 0 44 44 7 7 7 7 7 7 7 7 7 7 7 7 7 7 7 7 7 7 7 44 37 37 37 37 37 0 0 46 37 37 37 0 0 46 9 9 46 0 0 0 0 46 9 46 37 46 0 0 0 0 0 0 0 0 0 0 0 0 0 0 0 37 0 0 0 0 0 0 0 56 56 19 56 0 0 0 0 0 56 56 19 56 56 0 0 0 0 56 0 56 0 0 0 0 0 0 0 0 0 0 0 0 0 0 0 0 0 0 0 37 0 0 0 0 0 0 0 0 0 0 0 0 0 0 0 0 0 0 
0 0 0 0 0 0 0 0 0 0 0 0 0 0 0 0 0 0 0 37 0 0 0 0 0 0 0 0 0 0 0 44 7 7 7 7 7 7 7 7 7 7 7 7 7 7 7 7 7 7 7 7 44 44 44 44 0 0 0 46 46 0 37 37 37 46 46 9 46 0 0 0 0 46 9 46 0 46 37 0 0 0 0 0 0 0 0 0 0 0 0 0 0 37 37 0 0 0 0 0 0 0 0 56 0 0 0 56 56 0 56 19 56 0 0 0 0 0 0 56 0 56 0 0 0 0 0 0 0 0 0 0 0 0 0 0 0 0 0 0 37 37 0 0 0 0 0 0 0 0 0 0 0 0 0 0 0 0 0 0 
0 0 0 0 0 0 0 0 0 0 0 0 0 0 0 0 0 0 0 37 37 0 0 0 0 0 0 0 37 37 37 44 7 7 7 7 7 7 7 7 7 7 7 7 7 7 7 7 7 7 7 7 44 44 7 44 0 0 0 46 9 46 46 0 37 37 37 46 46 0 46 46 46 46 46 46 0 0 37 37 0 0 0 0 0 0 0 0 0 0 0 0 0 0 37 0 0 0 0 0 0 0 56 56 0 0 0 56 19 56 56 56 56 56 56 0 0 0 56 56 0 56 0 0 0 0 0 0 0 0 0 0 0 0 0 0 0 0 0 0 37 0 0 0 0 0 0 0 0 0 0 0 0 0 0 0 0 0 0 0 
0 0 0 61 61 0 0 0 0 0 0 0 0 0 0 0 0 0 0 37 37 37 37 37 37 37 37 37 37 0 44 7 7 7 7 7 7 7 7 7 7 7 7 7 7 7 7 7 7 7 7 44 0 0 44 44 0 0 0 0 46 9 9 46 46 0 46 9 46 0 46 9 46 0 0 0 0 0 0 37 37 0 0 0 0 0 0 0 0 0 0 0 0 0 37 0 0 0 0 0 0 0 0 0 0 0 0 0 56 0 0 0 0 0 56 56 56 0 0 0 0 56 0 0 0 0 0 0 0 0 0 0 0 0 0 0 0 0 0 37 37 0 0 0 0 0 0 0 0 0 0 0 0 0 0 0 0 0 0 0 
0 0 61 24 61 0 0 0 0 0 37 37 37 37 37 37 37 37 37 37 37 0 0 0 0 0 0 0 44 44 7 7 7 44 7 7 7 7 7 7 7 7 7 7 7 7 7 44 44 44 44 7 44 0 44 0 0 0 0 0 46 9 46 9 9 46 9 9 9 46 9 46 0 0 0 0 0 0 0 0 37 37 0 0 0 0 0 0 0 0 0 0 0 0 37 0 0 0 0 0 0 0 0 0 0 0 0 0 0 0 0 0 0 56 56 0 0 0 0 0 0 56 0 0 0 0 0 0 0 0 0 0 0 0 0 0 0 0 37 37 0 0 0 0 0 0 61 61 61 61 0 61 0 0 0 0 0 0 0 0 
61 37 61 61 37 37 37 37 37 37 37 0 0 0 0 0 0 0 0 0 37 37 0 0 0 0 0 0 44 44 7 44 44 0 44 7 7 7 7 7 7 7 7 7 44 7 44 0 0 0 0 44 0 0 0 0 0 46 0 0 46 46 0 46 46 9 9 9 9 9 46 37 0 46 46 0 0 0 0 0 0 37 0 0 0 0 0 0 0 0 0 0 0 0 37 37 0 0 0 55 0 55 0 0 0 0 0 0 0 0 0 0 56 56 56 56 0 0 0 0 0 56 56 56 56 0 0 0 0 0 0 0 0 0 0 0 0 0 37 0 0 0 0 0 0 0 0 61 24 24 61 24 61 0 0 0 0 0 0 0 
61 61 24 61 0 0 0 0 0 0 0 0 0 0 0 0 0 0 0 0 0 37 0 50 0 0 0 0 44 0 44 0 0 0 44 7 7 7 7 7 7 7 7 44 0 44 44 0 0 0 0 0 0 0 0 0 46 9 46 46 9 46 0 0 0 46 9 9 9 9 46 37 46 9 9 46 46 46 0 0 0 37 37 0 0 0 0 0 0 0 0 0 0 0 0 37 0 0 55 18 55 55 0 0 0 0 0 0 0 0 0 0 0 0 0 0 0 0 0 0 0 56 0 0 0 0 0 0 0 0 0 0 0 0 0 0 0 37 37 0 0 0 0 0 0 0 0 0 61 24 24 61 37 37 37 37 37 37 37 37 
0 61 24 24 61 0 0 0 0 0 0 0 0 0 0 0 0 0 0 0 0 37 50 50 0 0 0 0 0 0 0 0 0 0 44 7 7 7 7 7 7 7 44 0 0 0 0 0 0 0 0 0 46 0 0 0 46 9 9 9 46 0 0 0 0 46 9 9 9 9 9 46 9 9 46 37 0 46 46 0 0 0 37 37 0 0 0 0 0 0 0 0 0 0 0 37 0 0 0 55 55 55 55 55 0 0 0 0 0 55 55 0 55 0 0 0 55 55 0 0 0 0 0 0 0 0 0 0 0 0 0 0 0 0 0 0 37 37 0 0 0 0 0 37 37 37 37 37 37 61 24 61 37 0 0 0 0 0 0 0 
0 61 24 61 0 0 61 0 0 0 0 0 0 0 0 0 0 0 0 0 50 50 50 13 50 0 0 0 0 0 0 0 0 44 44 7 7 7 7 7 7 44 44 0 0 0 0 0 0 0 0 46 9 46 0 0 46 9 9 9 9 46 0 0 0 0 46 9 9 9 9 9 46 46 46 46 37 37 0 0 0 0 0 37 37 0 0 0 0 0 0 0 0 0 0 37 0 0 0 55 0 0 55 18 55 55 0 0 0 55 18 55 55 0 0 0 0 55 0 0 0 0 0 0 55 0 0 0 0 0 0 0 0 37 37 37 37 37 37 37 37 37 37 37 0 0 61 0 0 61 24 24 61 0 0 61 0 0 0 0 
0 61 24 24 61 61 61 0 0 0 0 0 0 0 0 0 0 0 0 0 0 0 37 50 0 0 0 0 0 0 0 0 0 44 0 44 7 7 7 7 44 0 44 0 0 0 46 46 0 0 0 46 9 46 46 0 46 9 9 46 46 46 0 0 46 0 46 9 46 46 9 46 0 0 0 46 46 46 46 46 46 0 0 0 37 37 0 0 0 0 0 0 0 0 0 37 37 0 0 0 0 0 55 55 55 0 0 0 0 55 55 0 55 55 0 55 55 55 0 0 0 55 55 0 55 37 37 37 37 37 37 37 37 37 0 37 37 0 0 0 0 0 0 0 0 61 24 61 61 24 24 24 61 0 61 24 61 61 61 61 
0 61 24 24 24 24 61 0 0 0 0 0 50 0 0 0 0 50 50 50 50 0 0 50 0 0 0 0 0 0 0 0 0 0 0 0 44 44 7 7 44 0 0 0 46 46 46 0 0 0 0 0 46 0 0 0 46 9 46 0 0 46 0 46 9 46 9 46 0 0 46 9 46 0 0 0 0 46 0 46 46 0 0 0 0 37 37 0 0 0 0 0 0 0 0 0 37 0 0 0 0 55 55 0 0 0 0 0 0 0 55 0 0 0 0 55 55 55 37 37 55 55 18 55 55 55 0 55 55 0 0 0 0 0 0 37 0 0 0 0 0 0 0 0 61 24 24 24 24 24 24 24 24 61 24 24 24 61 0 61 
0 61 24 24 24 24 61 0 0 50 50 0 50 0 0 0 50 13 50 0 0 0 0 50 50 0 0 0 0 0 0 0 0 0 0 0 44 0 44 44 44 0 0 0 46 9 46 0 0 0 0 0 46 46 46 46 46 9 46 0 0 46 0 46 46 46 9 46 0 0 46 9 9 46 46 0 46 46 0 0 37 37 37 0 0 0 37 0 0 0 0 0 0 0 55 55 55 0 0 0 0 55 18 55 0 0 37 37 37 37 55 37 55 37 37 37 0 55 55 0 0 0 55 0 0 55 55 18 18 55 0 0 52 0 37 37 0 0 0 0 0 0 0 61 24 24 24 24 24 24 24 24 24 24 24 24 61 0 0 0 
0 61 24 24 24 24 24 61 0 50 0 0 50 50 0 0 0 50 13 50 50 50 50 13 50 0 0 0 0 50 50 50 50 50 0 0 44 0 44 0 0 0 0 0 46 46 0 0 0 0 0 0 46 9 46 0 0 46 46 0 0 46 0 0 0 0 46 9 46 0 0 46 9 46 46 0 0 46 0 0 0 0 37 37 37 0 37 37 0 0 0 0 0 0 0 0 55 37 37 55 37 55 55 55 37 37 37 55 0 0 55 55 55 0 0 0 55 18 18 55 0 0 55 55 0 55 55 55 18 55 0 0 52 52 37 0 0 0 0 0 0 0 0 61 24 24 24 24 24 24 24 24 24 24 24 24 24 61 0 0 
0 61 24 24 24 24 24 61 0 50 0 0 50 0 0 0 0 0 50 13 13 50 0 50 50 37 0 0 50 13 50 13 13 13 50 0 0 0 0 0 0 0 0 0 0 46 0 0 0 0 46 0 46 46 0 0 0 46 37 37 0 0 0 46 46 0 46 9 46 0 0 46 46 0 0 0 0 0 0 0 0 0 0 0 37 37 37 37 37 37 37 37 37 37 37 37 55 37 0 55 55 55 0 0 0 0 55 18 55 55 55 0 0 0 0 0 0 55 18 55 0 0 55 55 0 0 0 0 55 55 0 0 0 52 52 52 0 0 0 0 0 0 0 0 61 61 61 24 24 24 24 24 24 24 24 24 61 0 0 0 
61 24 24 24 24 24 24 61 0 50 50 0 50 0 0 0 50 0 50 13 50 0 0 50 50 37 0 0 50 50 0 50 13 50 0 0 0 0 0 0 0 0 0 0 0 46 0 0 46 46 46 46 9 46 0 0 46 46 0 37 0 0 0 46 9 46 9 46 0 0 46 9 9 46 46 46 0 0 37 37 37 37 37 37 37 37 37 37 37 0 0 0 0 0 0 0 55 55 0 55 18 18 55 0 55 0 0 55 0 55 55 0 0 0 0 0 37 55 18 18 55 55 55 0 0 0 0 0 0 0 0 0 52 15 52 0 0 0 0 0 0 0 0 0 0 0 0 61 24 24 24 24 24 24 24 24 24 61 61 61 
24 24 24 24 24 24 61 0 0 50 50 50 13 50 0 50 50 0 50 13 13 50 0 50 50 37 37 50 50 50 0 0 50 50 50 0 0 0 0 0 0 0 0 46 0 46 46 46 46 0 0 0 46 46 0 0 0 46 0 37 0 0 0 0 46 9 9 46 0 46 9 9 46 46 46 37 37 37 37 0 0 0 0 0 0 0 0 0 37 37 37 0 0 0 0 55 55 55 55 18 18 18 18 55 18 55 0 0 0 55 0 0 0 0 0 0 0 55 18 18 18 18 18 55 0 0 0 0 0 0 0 52 52 15 15 52 0 0 0 0 0 0 0 0 0 0 61 24 24 24 61 24 24 24 24 24 24 24 24 24 
24 24 24 24 24 24 61 0 0 0 0 0 50 13 50 13 50 0 50 13 50 0 0 0 0 0 37 50 0 50 50 0 0 0 50 50 0 0 0 0 46 0 0 46 46 46 46 46 0 0 0 0 46 46 46 0 0 46 46 37 46 37 37 37 46 46 46 46 37 37 46 46 0 0 46 0 0 0 0 0 0 0 0 0 0 0 0 0 0 0 37 37 37 0 0 55 0 0 55 18 18 18 18 18 18 55 0 55 55 55 0 55 0 0 0 55 55 18 18 18 55 55 55 0 0 0 0 0 0 0 0 52 37 52 15 15 52 0 0 0 0 0 0 0 0 0 0 61 24 61 0 61 61 24 24 24 24 24 24 24 
24 24 24 24 24 24 24 61 0 0 0 0 50 50 50 50 13 50 13 50 0 0 0 0 0 0 50 50 0 0 0 0 0 50 13 50 0 0 0 0 46 46 46 46 0 0 0 46 46 0 0 0 46 0 0 0 0 46 9 46 46 0 0 0 0 0 0 0 0 0 0 0 0 46 46 0 0 0 0 0 0 0 0 0 0 0 0 0 0 0 0 0 37 37 0 55 0 0 55 18 18 18 18 18 18 18 55 18 18 18 55 55 0 0 55 18 18 18 55 55 0 0 0 0 0 0 40 40 40 40 37 37 0 52 15 15 15 52 0 0 0 0 52 0 0 0 61 24 24 61 0 61 0 61 24 24 24 24 24 24 
24 24 24 24 24 24 24 61 61 61 0 0 0 0 0 0 50 13 50 0 0 0 0 0 0 0 50 13 50 0 0 0 0 0 50 50 0 0 0 0 46 0 0 46 0 0 46 46 46 0 0 0 46 46 0 46 46 46 46 46 37 0 0 58 0 0 0 58 0 0 0 0 0 0 0 0 0 0 0 0 0 0 0 0 0 0 0 0 0 0 0 0 0 37 37 37 0 55 55 55 55 55 18 55 55 18 18 18 18 18 18 18 55 0 55 18 18 55 0 37 37 40 40 40 40 0 0 40 3 40 37 40 0 52 15 15 15 15 52 0 0 0 52 52 52 0 0 61 61 0 0 0 0 0 61 61 24 24 24 24 
24 24 24 24 24 24 61 0 0 0 0 0 0 0 0 0 50 50 0 0 50 50 50 0 50 0 50 50 37 0 0 0 0 50 13 50 0 0 0 0 0 0 0 0 0 0 0 0 0 0 0 0 0 46 0 46 0 0 0 46 46 0 0 58 58 0 58 21 58 0 58 0 58 58 0 0 58 58 0 0 0 0 0 0 0 0 0 0 0 0 0 0 0 0 0 55 55 55 0 0 0 0 55 0 0 55 55 55 55 18 18 18 18 55 18 18 18 55 0 0 37 40 40 0 0 0 0 40 3 3 40 40 0 52 52 15 15 15 15 52 52 52 15 15 15 52 0 61 61 0 0 0 0 0 0 0 61 24 24 24 
24 61 24 24 24 24 24 61 61 0 0 0 0 0 0 50 50 0 0 50 13 13 50 0 50 50 13 50 37 50 50 50 50 13 13 50 0 0 0 0 72 0 0 0 0 0 0 0 0 0 0 0 0 0 0 0 0 0 0 46 37 0 0 0 58 58 21 21 21 58 58 0 0 58 58 0 58 21 58 58 0 0 0 0 0 0 0 0 0 0 0 0 0 0 0 0 0 37 37 55 0 55 55 0 0 55 0 0 0 55 18 55 55 55 55 55 55 0 0 0 0 40 3 40 40 0 40 3 3 40 0 0 0 0 0 52 52 52 15 15 15 15 15 15 15 52 0 0 0 0 0 0 0 0 0 61 24 24 24 24 
61 0 61 24 24 24 24 61 0 0 0 50 50 50 50 13 50 0 0 50 13 13 13 50 13 13 13 50 37 0 50 0 0 50 13 50 0 0 0 72 72 0 0 0 0 72 72 0 0 0 58 0 0 0 0 58 0 0 0 0 37 37 0 0 58 21 58 58 58 21 21 58 58 21 21 58 58 58 21 58 0 0 0 0 0 0 0 0 0 0 0 0 0 0 0 55 55 0 0 55 55 18 18 55 0 0 0 0 55 18 55 0 0 0 0 0 0 0 0 40 40 3 3 3 40 0 40 3 40 0 0 0 0 0 52 52 0 0 52 15 15 15 15 15 15 15 52 52 0 0 0 52 0 0 61 61 24 24 24 24 
61 0 61 24 61 61 24 61 0 0 0 50 13 13 13 13 13 50 50 13 13 50 50 13 13 13 50 50 37 37 0 0 50 13 13 50 0 0 0 72 72 0 0 72 0 72 72 0 0 0 58 58 0 58 58 21 58 58 0 58 0 58 58 0 58 58 0 0 0 58 58 21 21 58 58 0 0 0 58 58 58 0 0 0 0 0 0 0 0 0 0 0 0 0 55 18 18 55 0 0 0 55 55 37 0 0 0 55 18 18 55 0 0 0 0 0 0 40 40 3 3 3 3 3 3 40 3 3 3 40 0 40 40 0 52 0 0 0 52 15 15 15 15 15 15 15 15 15 52 0 0 52 52 0 0 0 61 61 24 24 
0 0 61 61 0 0 61 61 0 0 50 13 50 13 13 13 13 13 13 13 50 0 0 50 13 50 0 0 0 50 0 0 0 50 50 50 0 0 0 72 35 72 0 72 72 35 35 72 72 0 0 58 58 58 21 58 0 58 58 21 58 21 58 0 0 58 58 58 0 58 0 58 58 0 0 0 0 0 0 0 0 0 0 0 0 0 0 0 0 0 0 55 0 0 0 55 18 18 55 0 55 18 55 37 37 37 0 0 55 55 0 0 40 0 0 40 40 3 3 3 3 3 3 3 3 3 3 3 3 3 40 40 0 0 0 0 0 0 0 52 15 15 15 15 15 15 15 15 15 52 52 15 15 52 0 0 0 0 61 61 
0 0 0 61 0 0 61 61 0 0 50 50 0 50 13 13 13 13 13 50 0 0 0 50 13 13 50 50 50 50 37 0 0 0 0 0 0 0 0 72 35 35 72 35 35 35 72 0 0 0 0 0 0 0 58 58 0 0 0 58 21 58 0 0 0 58 21 58 0 0 0 0 0 0 0 0 0 0 58 0 0 0 0 0 0 0 0 0 0 0 0 55 0 0 0 55 18 18 55 0 0 55 55 0 0 37 37 37 0 0 0 0 40 40 40 3 3 3 3 3 3 3 3 3 3 3 3 3 3 3 3 3 40 40 40 40 40 0 0 52 15 15 15 15 15 15 15 15 15 15 15 15 15 52 0 0 0 0 61 0 
0 0 0 61 0 0 61 61 0 0 0 0 0 50 50 50 50 13 13 13 50 50 0 50 13 13 13 13 13 50 37 0 0 0 0 0 0 0 0 72 35 35 35 35 35 35 35 72 0 0 0 0 0 0 0 0 0 58 0 0 58 21 58 58 58 21 21 58 0 0 0 0 0 0 0 58 0 58 58 0 0 0 0 0 0 0 0 0 0 0 55 18 55 55 0 55 18 18 18 55 55 18 55 55 0 0 0 37 37 40 0 40 3 3 3 3 3 3 3 3 3 3 3 3 3 3 3 40 3 40 40 3 3 40 40 0 0 0 52 15 15 15 15 15 15 15 15 15 15 15 15 15 15 15 52 52 0 61 61 0 
0 49 0 0 0 0 61 61 0 0 0 0 50 50 0 0 0 50 13 13 50 0 0 50 13 13 13 13 13 13 50 50 0 0 0 0 0 0 0 72 72 35 35 35 35 35 35 72 0 0 0 0 0 0 0 0 0 58 58 0 58 58 21 21 21 21 21 21 58 58 58 0 0 58 58 21 58 58 58 0 0 0 0 0 0 0 0 0 0 0 55 55 55 18 55 55 18 18 18 18 55 55 0 0 0 40 40 0 37 40 40 3 3 3 3 3 3 3 3 3 3 3 3 40 40 3 40 37 40 0 0 40 40 0 40 0 0 0 52 15 15 15 15 15 15 15 15 15 15 15 15 15 15 15 52 52 0 0 0 0 
0 49 49 49 0 0 0 0 0 0 0 0 0 50 50 0 0 50 13 13 13 50 0 0 50 50 13 13 13 13 50 50 0 0 0 0 72 72 0 0 0 72 35 35 72 35 72 0 0 0 0 0 0 0 0 0 58 21 58 0 0 0 58 21 21 21 21 21 21 21 21 58 58 58 21 21 58 0 0 0 0 0 0 0 0 0 0 0 0 0 0 0 0 55 55 0 55 55 18 55 0 55 0 0 40 3 3 40 40 3 3 3 3 3 3 3 3 3 3 40 40 3 40 0 37 40 0 37 0 0 0 40 40 0 0 0 52 52 15 15 15 15 15 15 15 15 15 15 15 15 15 15 15 52 0 0 0 0 49 0 
49 12 12 49 0 0 0 49 0 0 0 70 0 0 0 0 50 13 13 50 50 0 0 50 50 0 50 50 13 50 0 37 37 0 0 0 0 72 72 0 0 0 72 72 0 72 35 72 72 0 0 0 0 0 0 0 58 21 58 58 0 58 21 21 21 21 21 21 58 21 58 58 0 0 58 58 0 0 58 58 0 0 0 0 0 0 0 0 0 0 0 0 0 0 0 0 0 0 55 55 0 0 0 0 0 40 3 3 3 3 3 3 3 3 3 3 3 3 40 0 0 40 40 37 37 0 0 43 37 0 0 0 0 0 0 0 52 52 15 15 15 15 15 15 15 15 15 15 15 15 15 15 15 15 52 0 0 0 49 0 
12 12 12 12 49 49 49 49 0 0 0 70 0 0 0 0 0 50 50 0 0 0 50 13 50 0 0 0 50 50 0 0 37 0 0 0 0 72 72 0 0 72 35 72 0 72 35 72 0 0 0 0 0 0 0 0 58 58 0 58 58 21 58 21 21 21 21 58 0 58 0 58 58 0 0 58 0 0 58 58 0 0 0 0 0 0 0 0 0 0 0 0 0 0 55 55 0 0 55 55 0 0 40 40 40 3 3 3 3 3 3 3 3 3 3 3 3 3 40 40 0 0 0 37 0 43 0 43 43 43 43 0 0 0 0 0 0 0 52 52 15 15 15 15 15 15 15 15 15 15 15 15 15 15 52 0 49 49 12 49 
12 12 12 12 12 12 12 49 0 0 0 70 70 70 70 0 0 50 13 50 0 0 50 50 13 50 0 0 0 50 0 0 72 72 72 0 72 72 0 0 72 35 72 0 0 0 72 35 72 72 72 0 0 0 0 58 58 0 0 0 58 58 37 58 21 21 58 0 0 58 0 0 0 0 58 58 0 0 58 21 58 58 0 0 0 0 0 0 0 0 0 0 0 0 55 55 55 55 55 55 0 0 40 3 3 3 3 3 3 3 3 3 3 3 3 3 3 40 0 0 0 0 37 43 43 43 0 43 6 6 6 43 43 43 43 43 43 0 0 0 52 15 15 15 15 15 15 15 15 15 15 15 15 52 0 0 0 49 12 12 
12 12 12 12 12 12 12 49 0 0 70 33 33 33 33 70 0 50 50 0 0 0 0 0 50 50 0 0 0 0 0 0 72 72 0 0 72 72 0 0 0 72 35 72 0 0 72 72 72 35 72 0 0 0 58 21 58 0 0 0 0 0 0 37 58 21 58 0 0 0 0 0 58 58 21 21 58 58 21 58 0 0 0 0 0 0 0 0 0 0 0 0 0 0 55 0 0 0 0 0 0 40 3 3 3 3 3 3 3 3 3 3 3 3 3 3 40 40 40 0 0 43 43 6 6 6 43 6 6 6 6 6 6 6 6 6 6 43 0 0 52 52 15 15 15 15 15 15 15 15 15 15 15 15 52 52 0 49 12 12 
12 12 12 12 12 12 12 12 49 0 70 33 33 33 70 0 0 0 0 0 0 50 50 0 50 50 0 0 0 0 0 0 72 35 72 0 72 72 0 72 0 0 72 72 0 0 0 0 0 72 72 0 0 0 58 21 58 0 0 0 0 0 0 37 58 21 58 0 0 0 0 0 58 21 21 21 21 21 21 58 0 0 0 0 0 0 0 0 0 0 0 0 0 0 0 0 0 0 0 40 40 3 3 3 3 3 3 3 3 3 3 3 3 3 3 40 0 0 0 0 43 6 6 6 6 6 6 6 6 6 6 6 6 6 6 6 6 43 0 0 0 0 52 15 15 15 15 15 15 15 15 15 15 15 15 52 0 49 12 12 
12 12 12 12 12 12 12 12 49 0 70 33 33 33 33 70 70 70 70 0 0 50 50 50 50 13 50 0 0 0 0 0 0 72 35 72 35 35 72 35 72 72 35 72 72 72 0 0 0 0 0 0 0 0 0 58 58 0 0 0 0 0 0 37 0 58 21 58 0 0 0 0 58 21 58 21 21 21 21 58 58 0 0 0 0 0 0 0 0 0 0 0 0 0 0 0 40 40 40 3 3 3 3 3 3 3 3 3 3 3 3 3 3 3 40 40 0 0 43 43 6 6 6 6 6 6 6 6 6 6 6 6 6 6 6 6 6 6 43 0 0 0 0 52 15 15 15 15 15 15 15 15 15 15 15 52 0 49 12 12 
12 12 12 12 12 12 12 12 49 0 70 33 33 33 33 33 33 33 70 0 0 0 0 0 0 50 50 0 0 0 72 72 0 72 35 35 35 35 35 35 35 35 72 0 0 0 0 0 72 72 0 0 0 0 0 58 58 0 0 0 0 0 0 37 58 21 21 58 0 0 0 0 58 58 0 58 21 21 58 0 0 0 0 0 0 0 0 0 0 0 0 0 0 0 0 0 0 40 3 40 3 40 3 3 3 3 3 40 40 3 3 3 3 40 0 0 0 43 6 6 6 6 6 6 6 6 6 6 6 6 6 6 6 6 6 6 6 6 43 43 0 0 52 15 15 15 15 15 15 15 15 15 15 15 15 52 0 49 12 12 
12 12 12 12 12 12 12 12 49 0 0 70 33 33 33 33 33 33 33 70 0 70 0 0 0 50 50 0 72 72 72 72 72 72 72 35 35 35 35 35 35 35 35 72 72 72 72 72 72 0 0 0 0 0 58 58 0 0 0 0 0 0 0 0 37 58 21 58 0 0 0 0 0 0 0 0 58 21 58 0 0 0 0 0 0 0 0 0 0 0 0 0 0 0 0 0 0 0 40 0 40 0 40 3 3 3 40 0 0 40 3 3 40 0 0 0 43 6 6 6 6 6 6 6 6 6 6 6 6 6 6 6 6 6 6 6 6 43 0 0 0 0 52 52 15 15 15 15 15 52 15 15 15 15 15 52 0 49 12 12 
12 12 12 12 12 12 12 12 49 0 0 70 33 33 33 33 33 33 33 33 70 70 0 0 0 0 50 0 0 0 0 0 0 0 0 72 35 35 35 35 35 72 72 0 0 72 0 72 35 72 0 0 0 0 0 0 0 0 0 0 0 0 0 0 37 58 21 21 58 0 58 58 58 0 58 58 21 21 58 0 0 0 0 0 0 0 0 0 0 0 0 0 0 0 0 0 0 40 40 0 0 0 0 40 40 40 40 0 0 40 40 40 40 0 43 43 6 6 6 6 6 6 6 6 6 6 6 6 6 6 6 6 6 6 6 6 6 43 0 0 39 0 0 0 52 52 52 52 52 0 52 15 15 15 15 52 0 49 12 12 
12 12 12 12 12 12 12 12 49 0 0 70 33 33 33 33 33 33 33 33 33 33 70 0 0 0 0 0 0 0 0 0 0 0 72 35 35 35 35 35 72 0 0 0 72 72 0 0 72 0 0 0 0 0 0 0 0 0 0 0 0 58 0 0 37 0 58 21 21 58 58 21 58 0 0 0 58 21 58 58 0 0 0 0 0 0 0 0 0 0 0 0 0 0 0 40 40 3 3 40 0 0 0 0 0 0 0 0 0 0 0 0 0 0 43 43 6 6 6 6 6 6 6 6 6 6 6 6 6 6 6 6 6 6 6 6 43 0 0 0 39 39 0 0 0 0 0 0 0 0 52 52 15 15 15 52 0 49 12 12 
12 12 12 12 12 12 12 12 49 0 0 70 33 33 33 33 33 33 33 33 33 33 70 0 0 0 0 0 0 0 72 72 0 0 72 35 35 35 35 35 35 72 0 0 72 72 72 0 0 0 0 0 0 0 0 0 0 0 0 0 0 58 58 0 58 58 21 21 58 0 0 58 0 0 58 58 21 58 0 58 0 0 0 0 0 0 0 0 0 0 0 0 0 0 0 0 0 40 40 0 0 0 65 0 0 0 65 0 65 0 0 0 0 0 43 0 43 6 6 6 6 6 6 6 6 6 6 6 6 6 6 6 6 6 6 43 43 0 0 0 39 0 0 0 0 0 0 39 0 0 0 0 52 52 15 52 0 49 12 12 
12 12 12 12 12 12 12 12 49 0 0 70 33 33 33 33 33 33 33 33 33 33 33 70 70 70 0 0 0 72 35 72 72 0 0 72 35 35 35 35 35 72 0 0 0 0 0 0 0 0 0 0 0 0 0 0 0 0 0 0 0 0 58 58 58 37 58 58 0 0 0 58 0 0 58 0 58 0 0 58 0 0 0 0 0 0 0 0 0 0 0 0 0 0 0 0 0 0 0 0 0 65 65 0 65 0 65 65 65 0 0 0 0 0 43 0 43 43 43 6 6 6 6 6 6 6 6 6 6 6 6 6 6 6 43 0 37 37 39 39 2 39 0 39 0 39 39 39 0 39 39 0 52 0 52 0 0 49 12 12 
12 12 12 12 12 12 12 12 49 0 0 70 33 33 33 33 33 33 33 33 33 33 33 33 33 33 70 70 0 0 72 0 0 0 72 35 35 35 35 35 35 35 72 0 0 72 72 0 0 0 0 0 0 0 0 0 0 0 0 0 0 0 0 0 0 37 0 58 58 0 0 0 0 0 58 0 0 0 58 58 0 0 0 0 0 0 0 0 0 0 59 0 0 0 0 0 0 0 0 0 0 65 65 0 65 65 28 28 28 65 65 65 0 0 0 0 37 37 0 43 6 6 6 6 6 6 6 6 6 6 6 6 6 6 43 0 0 39 2 2 2 2 39 2 39 2 2 2 39 2 39 0 0 0 0 0 0 49 12 12 
12 12 12 12 12 12 12 12 12 49 0 0 70 33 33 33 33 33 33 33 33 33 33 33 33 33 70 0 0 0 72 0 0 0 72 35 35 35 35 35 35 35 72 72 72 72 0 0 0 0 0 0 0 0 0 0 0 0 0 0 0 0 0 0 0 37 0 58 0 0 0 0 0 0 0 0 0 0 0 0 0 0 0 0 0 0 0 0 0 0 59 59 0 0 0 0 59 59 0 0 0 65 28 65 28 28 28 28 28 28 65 0 0 0 0 37 37 43 43 6 6 6 6 6 6 6 6 6 6 6 6 6 6 6 43 0 0 39 2 2 2 2 2 2 2 2 2 2 2 2 39 0 39 0 0 0 0 49 12 12 
12 12 12 12 12 12 12 12 12 49 0 0 70 33 33 33 33 33 33 33 33 33 33 33 33 33 33 70 0 0 72 72 72 72 35 35 35 35 35 35 35 72 0 0 72 72 72 0 0 0 0 0 0 0 0 0 0 0 0 0 0 0 0 0 0 37 58 58 58 0 0 0 0 0 0 0 0 0 0 0 0 0 0 0 0 0 0 0 0 0 59 0 0 0 0 0 0 59 59 0 0 65 28 28 28 28 28 28 28 28 65 0 0 0 0 37 0 0 43 6 6 6 6 6 6 6 6 6 6 6 6 6 6 6 43 0 0 39 2 2 2 2 2 2 2 2 2 2 2 2 2 39 2 39 39 0 0 49 12 12 
12 12 12 12 12 12 12 12 12 12 49 0 70 33 33 33 33 33 33 33 33 33 33 33 33 33 70 0 0 0 72 72 35 35 72 35 35 35 35 35 35 35 72 0 0 0 0 0 0 0 0 0 0 0 0 0 0 0 0 0 0 0 0 0 0 0 58 0 58 58 0 0 0 0 0 0 0 0 0 0 0 0 0 0 0 0 0 0 0 0 59 59 59 0 0 59 0 59 59 0 65 28 28 28 28 28 28 28 28 28 28 65 65 0 37 37 0 43 6 6 6 6 6 6 6 6 6 6 6 6 6 6 6 6 6 43 0 39 2 2 2 2 2 2 2 2 2 2 2 2 2 2 2 39 0 0 0 49 12 12 
12 12 12 12 12 12 12 12 12 12 49 0 70 33 33 33 33 33 33 33 33 33 33 33 33 33 33 70 0 0 0 0 72 72 0 72 35 72 35 35 35 35 35 72 0 0 0 0 0 0 0 0 0 0 0 0 0 0 0 0 0 0 0 0 0 0 58 0 58 58 0 0 0 0 0 0 0 0 0 0 0 0 0 0 0 0 0 0 0 0 59 59 0 0 0 59 0 59 59 0 65 28 28 28 28 28 28 28 28 28 28 28 28 65 65 65 0 43 43 43 43 43 43 6 6 6 6 6 43 43 43 6 6 6 43 0 0 39 2 2 2 2 2 2 2 2 2 2 2 2 2 2 2 39 0 0 0 49 12 12 
12 12 12 12 12 12 12 12 12 12 49 0 0 70 33 33 33 33 33 33 33 33 33 33 33 33 33 33 70 0 0 0 0 0 0 72 72 0 72 35 35 35 72 0 0 0 0 0 0 0 0 0 0 0 0 0 0 0 0 0 0 0 0 0 0 0 37 0 0 58 0 0 0 0 0 0 0 0 0 0 0 0 0 0 0 0 0 0 0 59 22 59 0 0 0 59 59 22 59 0 65 28 28 28 28 28 28 28 28 28 28 28 28 28 28 65 0 0 0 0 0 0 0 43 6 6 6 43 0 0 0 43 6 43 43 0 39 2 2 2 2 2 2 2 2 2 2 2 2 2 2 2 2 2 39 39 0 49 12 12 
12 12 12 12 12 12 12 12 12 12 49 0 0 0 70 33 33 33 33 33 33 33 33 33 33 33 33 33 70 0 70 0 0 0 0 72 72 0 0 72 35 35 35 72 0 0 0 0 0 0 0 0 0 0 0 0 0 0 0 0 0 0 0 0 0 0 37 37 0 58 0 0 0 0 0 0 0 0 0 0 0 0 0 0 0 0 0 0 0 0 59 59 0 0 59 22 22 22 59 0 65 28 28 28 28 28 28 28 28 28 28 28 28 28 28 28 65 65 65 65 0 65 0 0 43 6 43 43 0 0 43 43 43 0 43 0 39 2 2 2 2 2 2 2 2 2 2 2 2 2 2 2 2 2 2 39 0 49 12 12 
12 12 12 12 12 12 12 12 12 12 12 49 0 0 70 33 33 33 33 33 33 33 33 33 33 33 33 33 33 70 33 70 0 0 72 72 0 0 0 0 72 72 35 72 0 0 0 0 0 0 0 0 0 0 0 0 0 0 0 0 0 0 0 68 0 0 0 37 0 0 0 0 0 0 0 0 0 0 0 0 0 0 0 0 0 0 0 0 0 0 59 22 59 0 59 22 22 22 59 0 65 28 28 28 28 28 28 28 28 28 28 28 28 28 28 28 28 28 28 28 65 65 0 0 43 43 0 0 0 0 0 0 0 0 0 0 39 2 2 2 2 2 2 2 2 2 2 2 2 2 2 2 2 2 39 0 0 49 12 12 
12 12 12 12 12 12 12 12 12 49 12 49 0 0 70 33 33 70 33 33 33 33 33 33 33 33 33 33 33 33 33 70 0 0 72 0 0 0 0 0 0 0 72 35 72 0 0 0 0 0 0 0 0 0 0 0 0 0 0 0 0 0 0 68 0 0 0 37 0 0 0 0 0 0 0 0 0 0 0 0 0 0 0 0 0 0 0 0 0 59 22 22 59 0 59 22 22 22 59 0 65 28 28 28 28 28 28 28 28 28 28 28 28 28 28 28 28 28 28 28 65 0 0 0 0 37 37 0 0 57 57 57 57 57 57 0 0 39 2 2 2 2 2 2 2 2 2 2 2 2 2 2 2 2 39 0 0 49 12 12 
12 12 12 12 12 12 12 12 49 0 49 0 0 0 70 33 70 0 70 33 33 33 33 33 33 33 33 33 33 33 70 0 0 72 35 72 72 72 0 0 0 0 0 72 35 72 0 0 0 0 0 0 0 0 0 0 0 0 0 0 0 0 68 68 0 0 68 68 0 0 0 0 0 0 0 0 0 0 0 0 0 0 0 0 0 0 0 0 0 0 59 22 59 0 59 22 22 22 59 0 65 28 28 28 28 28 28 28 28 28 28 28 28 28 28 28 28 28 28 28 65 0 0 0 0 0 37 0 0 57 20 20 20 20 20 57 0 39 2 2 2 2 2 2 2 2 2 2 2 2 2 2 2 2 39 0 0 49 12 12 
12 12 12 12 12 12 49 49 0 0 49 49 0 0 70 70 0 0 70 33 70 33 33 33 33 33 33 33 33 33 70 0 72 72 35 72 35 72 0 0 0 0 0 72 72 0 0 0 0 0 0 0 0 0 0 0 0 0 0 0 68 0 68 31 68 68 31 31 68 0 0 0 0 0 0 0 0 0 0 0 0 0 0 0 0 0 0 0 0 0 59 22 22 59 22 22 22 22 59 0 65 28 28 28 28 28 28 28 28 28 28 28 28 28 28 28 28 28 28 65 0 0 0 57 57 57 57 37 57 20 20 20 20 20 57 37 37 39 2 2 2 2 2 2 2 2 2 2 2 2 2 2 2 2 2 39 0 49 12 12 
12 12 49 12 12 49 0 0 0 0 0 0 0 0 70 70 0 0 70 70 0 70 33 33 33 70 33 33 70 70 70 0 0 0 72 0 72 72 0 72 0 0 0 72 72 0 0 0 0 0 0 0 0 0 0 0 0 0 68 68 68 0 68 68 31 31 31 68 37 0 0 0 0 0 0 0 0 0 0 0 0 0 0 0 0 0 0 0 0 0 0 59 22 22 22 22 22 22 59 0 65 28 28 28 28 28 28 28 28 28 28 28 28 28 28 28 28 28 65 0 0 0 0 0 0 57 20 57 20 20 20 20 20 20 20 57 0 39 39 2 2 2 2 2 2 2 2 2 2 2 2 2 2 2 2 39 0 49 12 12 
49 49 0 49 49 49 0 0 0 0 0 0 0 0 0 0 0 0 70 70 0 0 70 33 70 0 70 70 0 0 70 70 0 0 0 0 0 72 72 72 0 0 0 0 72 0 0 0 0 0 0 0 0 0 0 0 0 68 68 31 68 0 0 0 68 31 68 0 37 0 0 0 0 0 0 0 0 0 0 0 0 0 0 0 0 0 0 0 0 0 0 59 22 22 22 22 22 22 59 0 65 28 28 28 28 28 28 28 28 28 28 28 28 28 65 28 65 65 0 0 57 57 57 0 0 57 20 20 20 20 20 20 20 20 20 57 0 0 0 39 2 2 2 2 2 2 2 2 2 2 2 2 2 2 2 39 0 49 49 49 
0 49 0 0 0 0 0 0 0 0 53 53 0 53 0 0 0 0 0 0 0 0 70 33 70 0 70 70 0 0 0 0 0 0 0 0 0 72 0 72 0 0 0 0 0 0 0 0 0 0 0 0 0 0 0 0 0 0 0 68 0 0 0 0 68 31 68 0 68 68 0 0 68 68 68 0 0 0 0 0 0 0 0 0 0 0 0 0 0 0 59 22 22 22 22 22 22 22 59 0 65 28 28 28 28 28 28 28 28 28 28 28 28 65 0 65 0 65 65 0 57 57 20 57 57 20 20 20 20 20 20 20 20 20 20 20 57 0 0 39 39 39 39 2 2 2 2 2 2 2 2 2 2 2 2 39 0 49 0 0 
0 49 0 0 0 0 0 0 0 0 53 53 0 53 53 0 0 53 53 53 0 0 70 70 70 0 0 70 70 70 0 0 0 0 0 0 0 0 0 0 0 0 0 0 0 0 0 0 0 0 0 0 0 0 0 0 0 0 0 68 68 0 68 68 31 31 68 0 68 0 0 68 31 31 68 0 0 0 0 0 0 0 0 0 0 0 0 0 0 0 0 59 22 22 22 22 22 22 59 0 65 28 28 28 28 28 28 28 28 28 28 28 28 65 0 0 0 0 0 0 57 37 57 20 20 20 20 20 20 20 20 20 20 20 20 20 20 57 0 0 0 0 0 39 2 39 2 2 2 2 2 2 2 2 2 39 0 49 49 0 
0 0 0 0 0 0 0 0 0 0 53 53 53 53 0 0 53 16 53 0 0 0 70 0 70 0 70 70 0 0 0 0 0 0 0 0 0 0 0 0 0 0 0 0 0 0 0 0 0 0 0 0 0 0 0 0 0 0 0 68 68 0 68 31 31 31 31 68 68 37 68 31 31 31 68 0 0 0 0 0 0 0 0 0 0 0 0 0 0 0 0 59 22 22 22 22 22 22 59 0 65 28 28 28 28 28 28 28 65 65 28 28 65 0 0 0 37 37 37 37 37 0 0 57 20 20 20 20 20 20 20 20 20 20 20 20 20 57 0 0 57 57 0 39 39 0 39 39 39 2 2 2 2 2 2 39 0 49 0 0 
0 53 53 53 0 53 0 0 0 0 0 0 53 16 53 53 16 16 53 0 0 0 0 0 0 0 0 70 70 0 0 0 0 0 0 0 0 0 0 0 0 0 0 0 0 0 0 0 0 0 0 0 0 0 0 0 0 0 0 0 68 68 31 31 31 31 31 31 68 37 68 31 31 68 0 0 0 0 0 0 0 0 0 0 0 0 0 0 0 0 0 59 22 22 22 22 22 22 59 0 65 28 28 28 28 28 28 65 0 0 65 28 65 37 37 37 37 71 0 0 0 57 57 20 20 20 20 20 20 20 20 20 20 20 20 20 20 20 57 57 20 57 0 0 0 0 0 0 0 39 2 2 2 2 2 39 0 0 0 53 
0 53 16 53 0 53 53 0 0 0 53 53 16 16 16 16 16 16 53 53 53 53 0 0 0 0 0 0 0 0 0 0 0 0 0 0 0 0 0 0 0 0 0 0 0 0 0 0 0 0 0 0 0 0 0 0 0 0 0 0 68 31 31 31 31 31 31 31 31 68 68 68 68 0 0 0 0 0 0 0 0 0 0 0 0 0 0 0 0 0 0 59 22 22 22 22 22 22 59 0 65 65 28 65 28 28 28 65 0 65 28 65 37 37 0 0 71 34 71 0 0 0 57 20 20 20 20 20 20 20 20 20 20 20 20 20 20 20 20 20 20 20 57 57 0 57 57 0 0 39 2 2 2 2 39 39 0 0 0 53 
53 16 16 16 53 16 53 0 53 0 53 16 16 16 16 16 16 53 0 53 0 0 0 0 0 0 0 0 0 60 0 0 0 0 0 0 0 0 0 0 0 0 0 0 0 0 0 0 0 0 0 0 0 0 0 0 0 0 0 0 0 68 31 31 31 31 68 31 68 68 0 0 0 0 0 0 0 0 0 0 0 0 0 0 0 0 0 0 0 0 0 59 22 22 22 22 22 22 59 0 0 0 65 0 65 28 28 65 37 65 65 0 0 0 71 71 34 34 71 0 0 0 57 57 57 57 57 20 20 20 20 20 20 20 20 20 20 20 20 20 20 20 20 20 57 20 57 0 39 39 2 2 39 39 0 39 39 0 0 53 
53 16 16 16 16 16 16 53 16 53 16 16 16 16 16 16 16 53 0 0 0 0 0 0 0 0 0 0 0 60 0 60 0 0 0 0 0 0 0 0 0 0 0 0 0 0 0 0 0 0 0 0 68 68 0 0 0 68 68 0 0 0 68 31 31 68 0 68 0 68 68 0 0 0 0 0 0 0 0 0 0 0 0 0 0 0 0 0 0 0 0 59 22 22 22 22 22 22 59 0 0 0 37 37 65 28 28 65 0 0 0 0 71 71 34 34 34 71 0 0 0 0 0 0 0 0 0 57 57 57 20 20 20 20 20 20 20 20 20 20 20 20 20 20 20 20 57 0 0 0 39 39 0 39 37 0 39 39 0 0 
53 16 16 16 16 16 16 16 16 16 16 16 16 16 16 16 16 53 0 0 0 53 0 0 0 0 0 0 60 23 60 60 0 0 0 0 0 0 0 0 0 0 0 0 0 0 0 0 0 0 0 0 68 68 0 0 0 68 0 0 0 68 31 31 31 68 0 0 0 0 37 0 0 0 0 0 0 0 0 0 0 0 0 0 0 0 0 0 0 0 59 22 22 22 22 22 22 22 22 59 37 37 37 0 37 65 28 65 0 71 71 71 34 34 34 34 34 34 71 71 71 71 0 71 0 0 0 0 0 0 57 20 20 20 20 20 20 20 20 20 20 20 20 20 20 20 57 0 0 0 0 0 0 0 37 37 0 0 0 0 
53 16 16 16 16 16 16 16 16 16 16 16 16 16 16 16 16 53 0 53 0 53 53 0 0 0 0 60 23 23 23 23 60 0 0 0 0 0 0 0 0 0 37 37 0 0 0 0 0 0 68 0 68 68 0 68 68 68 0 68 0 68 31 31 31 31 68 68 68 68 68 68 68 0 68 0 0 0 0 0 0 0 0 0 0 0 0 0 0 0 59 22 22 22 22 22 22 22 22 22 59 59 59 0 0 0 65 65 0 0 0 71 34 34 34 34 34 34 34 34 34 34 71 34 71 71 71 71 71 0 57 57 57 20 20 20 20 20 20 20 20 20 20 20 20 20 57 0 0 0 0 0 66 66 66 66 66 0 0 0 
53 16 16 16 16 16 16 16 16 16 16 16 16 16 16 16 16 16 53 16 53 16 53 0 0 0 0 0 60 23 23 60 0 0 0 0 0 0 0 0 0 0 37 0 0 0 0 0 0 0 68 0 0 68 68 31 31 31 68 68 68 68 68 68 31 31 31 68 0 68 31 31 31 68 68 0 0 0 0 0 0 0 0 0 0 0 0 0 0 59 22 22 22 22 22 22 22 22 22 22 22 22 59 0 65 65 28 65 0 0 0 0 71 34 34 34 34 34 34 34 34 34 34 34 34 34 34 34 71 0 0 0 37 57 20 20 20 20 20 20 20 20 20 20 20 20 57 0 66 0 0 0 66 29 29 29 66 0 0 0 
16 16 16 16 16 16 16 16 16 16 16 16 16 16 16 16 16 16 16 16 16 16 53 0 0 0 0 60 23 23 23 60 0 0 0 0 0 0 0 0 0 37 37 0 0 0 0 0 0 0 68 68 68 68 31 31 31 68 0 0 0 0 0 0 68 31 31 68 0 68 31 68 68 0 68 68 0 0 0 0 0 0 0 0 0 0 0 37 37 37 59 22 22 22 22 22 22 22 22 22 22 22 59 0 0 65 65 0 0 0 0 0 0 71 34 34 34 34 34 34 34 34 34 34 34 34 34 34 71 0 57 57 57 20 20 20 20 20 20 20 20 20 20 20 20 20 57 0 66 66 66 66 29 29 29 29 66 37 0 53 
16 16 16 16 16 16 16 16 16 16 16 16 16 16 16 16 16 16 16 16 16 53 53 0 0 0 60 23 23 23 23 60 0 0 0 0 0 0 0 0 0 37 0 0 0 0 0 0 0 68 68 0 0 0 68 31 31 31 68 0 0 0 0 0 0 68 31 68 0 68 68 37 0 0 0 68 68 0 0 0 0 0 0 37 37 37 37 37 0 0 0 59 22 22 22 22 22 22 22 22 22 22 59 0 0 0 0 0 0 0 73 73 0 71 71 34 34 34 34 34 34 34 34 34 34 34 34 34 71 0 0 57 20 20 20 20 20 20 20 20 20 20 20 20 20 20 57 0 66 29 29 29 29 29 29 29 66 37 53 16 
16 16 16 16 16 16 16 16 16 16 16 16 16 16 16 16 16 16 16 16 53 0 0 0 0 0 60 23 23 23 23 60 0 0 0 0 0 0 0 0 37 37 0 0 0 0 0 0 0 68 68 0 0 0 68 68 31 68 0 0 0 0 68 0 0 0 68 68 0 0 0 37 0 0 0 68 0 0 0 0 37 37 37 37 0 0 0 0 59 59 59 22 22 22 22 22 22 22 22 22 22 22 59 0 0 0 0 0 0 73 73 0 0 0 0 71 34 34 34 34 34 34 34 34 34 34 34 34 34 71 0 57 20 20 20 20 20 57 20 20 20 57 57 20 20 57 57 0 0 66 29 29 29 29 29 29 66 0 53 16 
16 16 16 16 16 16 16 16 16 16 16 16 16 16 16 16 16 16 16 53 0 0 0 0 0 0 0 60 23 23 23 60 0 0 0 0 0 0 0 37 37 0 0 0 0 0 0 0 0 0 68 0 0 0 0 0 68 31 68 68 0 0 68 68 68 68 68 0 0 0 0 37 0 0 0 68 68 37 37 37 37 0 0 0 0 0 0 0 0 0 0 59 22 22 22 22 22 22 22 22 22 22 59 0 0 0 0 0 0 73 73 0 0 71 71 34 34 34 34 34 34 34 34 34 34 34 34 34 71 0 0 0 57 20 20 20 57 0 57 20 57 0 0 57 57 0 57 0 66 29 29 29 29 29 29 29 66 0 0 53 
16 16 16 16 16 53 16 16 16 16 16 16 16 16 16 16 16 16 16 53 0 0 0 0 60 60 0 60 23 23 23 60 0 0 0 0 0 0 0 37 0 0 0 0 0 0 0 0 0 0 0 0 0 0 0 0 68 31 31 68 0 0 0 0 68 31 31 68 68 0 0 37 0 68 68 68 68 68 68 0 0 0 0 0 0 0 0 0 0 0 0 59 22 22 22 22 22 22 22 22 59 59 0 0 0 0 0 0 0 73 36 73 0 0 71 34 34 34 34 34 34 34 34 34 34 34 34 34 34 71 0 0 0 57 20 20 57 0 57 20 57 0 0 0 0 0 0 0 66 29 29 29 29 29 29 29 66 0 0 53 
16 16 16 16 53 0 53 53 53 53 53 53 53 16 16 16 16 16 53 0 0 0 0 0 60 60 0 60 23 23 23 60 0 0 0 0 0 0 37 37 0 0 0 0 0 0 0 0 0 0 0 0 0 0 0 0 68 68 31 68 68 68 68 0 68 31 68 0 0 37 37 37 37 37 0 0 0 68 0 0 0 0 0 0 0 0 0 0 0 0 59 22 22 22 22 22 22 22 22 59 0 59 59 0 0 0 0 73 73 36 73 73 73 0 71 71 34 34 34 34 34 34 34 34 34 34 34 34 34 34 71 71 0 0 57 57 0 0 57 20 20 57 57 0 66 66 66 66 29 29 29 29 29 29 29 29 66 0 53 16 
16 16 16 16 53 0 0 0 0 0 0 0 0 53 53 53 53 53 53 0 0 0 0 0 60 60 0 60 23 23 23 60 0 60 0 0 0 37 37 0 0 0 0 0 0 60 0 0 0 0 0 0 0 0 68 68 68 0 68 0 68 0 0 0 68 31 31 68 68 37 0 0 37 0 0 0 0 0 0 0 0 0 0 0 0 0 0 0 0 0 59 22 22 22 22 22 22 22 22 59 0 59 59 0 0 73 0 73 36 73 0 0 0 0 0 0 71 71 34 34 34 34 34 34 34 34 34 34 34 34 71 71 0 0 0 37 37 0 57 57 57 0 0 0 66 29 29 29 29 29 29 29 29 29 29 29 66 0 53 16 
16 16 16 53 53 53 0 0 0 0 0 0 0 53 0 0 0 0 53 0 0 0 60 60 23 23 60 23 23 23 23 60 0 60 0 60 60 37 0 0 0 0 0 0 60 60 0 0 0 0 0 0 0 0 0 0 0 0 0 0 0 0 37 68 68 31 31 31 31 68 68 0 37 0 0 0 0 0 0 0 0 0 0 0 0 0 0 0 0 59 22 22 22 22 22 59 22 22 59 59 0 0 0 0 0 73 73 36 36 36 73 73 73 73 0 0 71 0 71 34 34 34 34 34 34 34 34 34 34 71 0 0 0 0 71 0 37 0 0 0 57 0 0 0 66 29 29 29 29 29 29 29 29 29 29 29 66 0 0 53 
16 53 53 37 37 0 0 0 0 0 0 0 0 53 53 0 0 0 0 0 0 0 0 60 23 23 23 23 23 23 23 23 60 23 60 23 23 60 60 60 60 60 60 60 23 60 0 0 0 0 0 0 0 0 0 0 0 0 37 37 37 37 37 68 0 68 31 31 31 68 68 0 37 0 0 0 0 0 0 0 0 0 0 0 0 0 0 59 59 22 22 22 22 22 59 0 59 59 0 59 59 0 0 0 0 73 36 36 36 36 36 36 36 36 73 0 0 0 71 34 34 34 34 34 34 34 34 34 34 34 71 0 71 0 71 0 37 37 0 0 0 0 0 66 29 29 29 29 29 29 29 29 29 29 29 29 66 0 53 16 
53 0 53 53 37 42 42 0 0 0 0 0 0 0 0 0 0 0 0 0 0 0 60 23 23 23 23 23 23 23 23 23 23 23 23 23 23 23 23 23 23 60 23 23 60 0 0 0 0 0 0 0 0 0 37 37 37 37 37 0 0 0 0 68 0 68 31 31 68 0 68 68 37 37 0 0 0 0 0 0 0 0 0 0 0 0 0 59 22 22 22 59 22 22 59 0 0 59 0 59 59 0 0 0 73 36 36 36 36 36 36 36 36 36 73 0 0 0 71 34 34 34 34 34 34 34 34 34 34 34 34 71 34 71 34 71 0 37 71 0 0 0 0 66 29 29 29 29 29 29 29 29 29 29 29 29 66 0 53 53 
53 0 0 0 0 42 5 42 0 0 0 42 0 0 42 42 0 42 0 0 0 0 60 23 23 23 23 23 23 23 23 23 23 23 23 60 60 60 60 60 60 0 60 60 0 0 0 0 0 0 0 37 37 37 37 0 0 0 0 0 0 0 0 68 0 0 68 31 68 0 68 0 0 37 0 0 0 0 0 0 0 0 0 0 0 0 0 0 59 22 59 0 59 22 59 0 0 0 0 0 59 0 0 0 0 73 36 36 36 36 36 36 36 36 36 73 0 0 71 71 34 34 34 34 34 34 34 34 34 34 34 34 34 34 34 34 71 71 71 0 0 0 66 29 29 29 29 29 29 29 29 29 29 29 29 29 66 0 53 0 
0 0 0 0 0 37 42 42 0 0 0 42 0 0 0 42 0 42 0 0 0 60 23 23 23 23 23 23 23 23 23 23 23 23 60 37 0 0 0 0 60 0 0 0 0 0 0 37 37 37 37 37 0 0 0 0 0 0 0 0 0 0 0 0 0 68 31 68 68 0 68 0 0 37 0 0 0 0 0 0 0 0 0 0 0 0 0 0 59 59 0 0 59 59 0 0 0 38 38 0 0 0 0 0 73 36 36 36 36 36 36 36 36 36 36 36 73 0 0 0 71 71 71 34 34 34 34 34 34 34 34 34 34 34 34 34 34 34 34 71 0 0 0 66 29 29 29 29 29 29 29 29 29 29 29 29 66 0 0 0 
0 0 0 0 0 42 5 5 42 42 42 5 42 42 42 5 42 42 0 0 0 0 60 23 23 23 23 23 23 23 23 23 23 23 60 60 0 0 0 0 0 0 0 37 37 37 37 37 0 0 0 0 0 0 0 0 0 0 0 0 0 0 0 68 68 31 68 0 0 0 68 68 0 37 0 0 0 0 0 0 0 0 0 0 0 0 0 0 59 0 0 59 59 59 0 0 0 0 38 38 0 73 73 73 36 36 36 36 36 36 36 36 36 36 36 36 36 73 73 0 0 0 0 71 71 71 71 34 34 34 34 34 34 34 34 34 34 34 34 71 0 0 66 29 29 29 29 29 29 29 29 29 29 29 29 29 29 66 0 0 
42 42 42 42 42 5 5 5 5 5 5 5 5 5 5 5 5 42 0 0 0 0 60 23 23 23 23 23 23 23 23 23 23 60 37 0 0 0 0 0 37 37 37 37 0 0 0 0 0 0 0 0 0 0 0 0 0 0 0 0 0 68 68 31 31 68 68 0 0 0 68 0 0 37 37 0 0 0 0 0 0 0 0 0 0 0 0 0 0 0 0 0 0 59 0 0 0 0 38 38 0 0 0 73 36 36 36 36 36 36 36 36 36 36 36 36 36 36 36 73 0 73 0 0 0 0 0 71 34 34 34 34 34 34 34 34 34 34 71 37 0 0 66 29 29 29 29 29 29 29 29 29 29 29 29 29 66 0 0 0 
5 5 5 5 5 5 5 5 5 5 5 5 5 5 5 5 5 42 0 0 0 0 60 23 23 23 23 23 23 23 60 23 23 23 60 60 60 37 37 37 37 0 0 0 0 0 0 0 0 0 0 0 0 0 0 0 0 0 0 0 0 0 0 68 68 0 68 68 0 0 68 68 0 0 37 0 0 0 0 0 0 0 0 0 0 0 0 0 0 0 0 0 59 59 0 0 0 0 38 38 0 38 0 73 36 73 36 36 36 36 36 36 36 36 36 36 36 36 36 73 0 73 73 73 73 73 0 0 71 34 71 34 34 34 34 34 34 34 71 71 0 0 66 29 29 29 29 29 29 29 29 29 29 29 29 29 66 66 0 42 
5 5 5 5 5 5 5 5 5 5 5 5 5 5 5 5 5 42 0 0 60 60 23 23 23 23 23 23 23 60 0 60 23 60 23 23 60 0 0 0 0 0 0 0 0 0 0 0 0 0 0 0 0 0 0 0 0 0 0 0 0 0 0 0 0 0 68 31 68 0 68 0 0 0 37 0 0 0 0 0 0 0 0 0 0 0 0 0 0 0 0 0 0 59 0 0 0 38 1 1 38 38 0 0 73 0 73 36 36 36 36 36 36 36 36 36 36 36 36 73 0 73 36 36 36 36 73 0 0 71 0 71 34 34 71 71 71 71 0 37 37 0 66 29 29 29 29 29 29 29 29 29 29 29 29 66 0 0 0 42 
5 5 5 5 5 5 5 5 5 5 5 5 5 5 5 5 5 42 0 0 0 60 23 23 23 23 23 23 23 60 37 37 60 37 60 60 23 60 0 0 0 0 0 0 0 0 0 0 0 0 0 0 0 0 0 0 0 0 0 0 0 0 0 0 0 68 68 68 0 0 68 68 0 0 37 0 0 0 0 0 0 0 0 0 0 0 0 0 0 0 0 0 0 0 0 0 0 38 1 1 1 1 38 0 0 0 73 73 36 36 73 36 36 36 36 36 36 36 36 36 73 36 36 36 36 36 73 0 0 0 0 0 71 71 0 0 0 0 0 0 37 0 66 29 29 29 29 29 29 29 29 29 29 29 29 66 0 42 42 5 
5 5 5 5 5 5 5 5 5 5 5 5 5 5 5 5 5 5 42 0 0 0 60 23 23 23 23 23 23 23 60 37 60 0 0 0 60 0 0 0 0 0 0 0 0 0 0 0 0 0 0 0 0 0 0 0 0 0 0 0 0 0 0 0 0 0 0 0 0 68 68 0 0 0 37 37 0 0 0 0 0 0 0 0 0 0 0 0 0 0 0 0 0 0 0 0 38 1 1 1 1 1 38 0 0 0 73 0 73 73 0 73 36 36 36 36 36 36 36 36 36 36 36 36 36 36 36 73 73 0 0 0 0 0 0 0 0 0 0 73 37 66 29 29 29 29 29 29 29 29 29 29 29 29 29 66 0 0 42 42 
42 5 5 5 5 5 5 5 5 5 5 5 5 5 5 5 5 5 42 0 0 60 60 23 23 23 23 23 23 23 60 37 0 0 0 0 0 0 0 0 0 0 0 0 0 0 0 0 0 0 0 0 0 0 0 0 0 0 0 0 0 0 0 0 0 0 0 0 0 0 0 0 0 0 0 37 0 0 0 0 0 0 0 0 0 0 0 0 0 0 0 0 0 0 0 0 38 1 1 1 1 1 38 0 0 0 0 0 0 0 0 73 36 73 36 36 36 36 36 36 36 36 36 36 36 36 36 36 36 73 73 73 73 0 0 73 73 0 73 73 0 66 29 29 29 29 29 29 29 29 29 29 29 29 29 66 0 0 0 0 
5 5 5 5 5 5 5 5 5 5 5 5 5 5 5 5 5 5 5 42 37 37 37 60 23 23 23 23 23 23 60 0 60 0 0 0 0 0 0 0 0 0 0 0 0 0 0 0 0 0 0 0 0 0 0 0 0 0 0 0 0 0 0 0 0 0 0 0 0 0 0 0 0 0 0 37 0 0 0 0 0 0 0 0 0 0 0 0 0 0 0 0 0 0 0 0 38 1 1 1 1 1 38 0 0 0 0 67 0 0 0 73 73 0 73 36 36 36 36 36 36 36 36 36 36 36 36 36 36 36 36 36 36 73 73 36 36 73 36 73 0 66 29 29 29 29 29 29 29 29 66 66 29 29 29 66 0 0 0 42 
5 5 5 5 5 5 5 5 5 5 5 5 5 5 5 5 5 5 5 5 42 0 0 0 60 23 23 23 23 23 23 60 60 0 0 0 0 0 0 0 0 0 0 0 0 0 0 0 0 0 0 0 0 0 0 0 0 0 0 0 0 0 0 0 0 0 0 0 0 0 0 0 0 0 0 37 0 0 0 0 0 0 0 0 0 0 0 0 0 0 0 0 0 0 0 0 38 1 1 1 1 1 38 0 0 0 67 30 67 67 0 0 0 0 0 73 73 73 73 73 73 36 36 36 36 36 36 36 36 36 36 36 36 36 36 36 36 73 73 0 0 66 29 29 29 29 29 29 29 66 0 0 66 66 66 0 0 0 0 42 
5 5 5 5 5 5 5 5 5 5 5 5 5 5 5 5 5 5 5 42 0 0 0 60 23 23 60 23 23 23 23 60 0 0 0 0 0 0 0 0 0 0 0 0 0 0 0 0 0 0 0 0 0 0 0 0 0 0 0 0 0 0 0 0 0 0 0 0 0 0 0 0 0 0 0 37 0 0 0 0 0 0 0 0 0 0 0 0 48 0 0 0 0 0 0 0 38 1 1 1 1 1 1 38 0 67 30 67 0 0 0 67 67 67 0 0 0 0 0 0 0 73 73 73 73 73 36 36 36 36 36 36 36 36 36 36 73 0 0 0 0 66 66 29 29 29 29 29 29 66 0 0 0 0 66 0 0 42 42 5 
5 5 5 5 5 5 5 5 5 5 5 5 5 5 5 5 5 5 42 5 42 0 0 0 60 60 0 60 23 23 23 60 60 60 0 0 0 0 0 0 0 0 0 0 0 0 0 0 0 0 0 0 0 0 0 0 0 0 0 0 0 0 0 0 0 0 0 0 0 0 0 0 0 0 0 37 37 0 0 0 0 0 0 0 0 0 0 0 48 48 0 0 0 0 0 0 38 1 1 1 1 1 38 0 0 67 30 67 0 67 67 30 30 67 0 0 0 0 0 0 0 0 0 0 0 0 73 73 36 36 36 36 36 73 73 73 73 0 0 0 0 66 0 66 29 29 29 66 66 66 0 0 0 0 66 0 42 5 5 5 
5 42 5 42 42 5 5 5 5 5 5 5 5 5 5 5 5 42 0 42 0 0 0 0 60 60 0 60 23 23 60 0 0 0 0 0 0 0 0 0 0 0 0 0 0 0 0 0 0 0 0 0 0 0 0 0 0 0 0 0 0 0 0 0 0 0 0 0 0 0 0 0 0 0 0 0 37 0 0 0 0 0 0 0 0 0 0 0 48 0 0 0 0 0 0 38 1 1 1 1 1 1 1 38 0 67 30 30 67 30 30 30 30 30 67 67 67 0 0 0 0 67 0 67 0 0 73 0 73 36 36 36 73 0 0 0 73 0 0 0 0 0 0 66 29 29 66 0 0 0 0 0 0 0 0 0 0 42 5 5 
42 37 42 37 0 42 5 5 5 5 5 5 5 5 5 5 42 42 0 0 0 0 0 0 0 60 37 37 60 60 0 0 60 0 0 0 0 0 0 0 0 0 0 0 0 0 0 0 0 0 0 0 0 0 0 0 0 0 0 0 0 0 0 0 0 0 0 0 0 0 0 0 0 0 0 0 37 0 0 0 48 0 0 0 0 0 48 48 48 0 0 0 48 0 0 38 1 1 1 1 1 1 1 38 0 0 67 30 30 30 30 30 30 30 30 30 30 67 67 0 67 30 67 30 67 0 0 0 73 36 73 73 0 0 0 0 0 0 51 51 0 0 0 66 29 29 66 0 0 0 0 0 0 0 0 0 0 42 5 42 
37 0 0 0 0 42 5 5 5 5 5 5 5 5 5 42 0 42 37 0 0 0 0 0 0 0 37 0 0 60 60 60 60 0 0 0 0 0 0 0 0 0 0 0 0 0 0 0 0 0 0 0 0 0 0 0 0 0 0 0 0 0 0 0 0 0 0 0 0 0 0 0 0 0 0 0 37 0 0 48 48 0 0 0 48 0 48 11 48 0 0 0 48 0 0 38 1 1 1 1 1 1 1 38 0 0 0 67 30 30 30 30 30 30 30 30 30 30 30 67 30 30 30 30 67 0 0 0 0 73 0 0 0 0 0 0 0 0 51 51 0 51 0 66 29 29 66 0 0 0 0 51 51 0 0 0 37 37 42 37 
0 0 0 45 0 42 5 42 5 5 5 5 42 5 42 0 0 0 37 37 0 0 0 0 0 37 37 60 60 23 23 23 60 0 0 0 0 0 0 0 0 0 0 0 0 0 0 0 0 0 0 0 0 0 0 0 0 0 0 0 0 0 0 0 0 0 0 0 0 0 0 0 0 0 0 0 37 37 48 11 48 0 0 0 48 48 11 11 11 48 0 48 48 0 0 38 1 1 1 1 1 1 1 1 38 0 0 67 30 30 30 30 30 30 30 30 30 30 30 30 30 30 30 30 67 0 0 0 0 0 0 0 0 0 0 0 0 0 51 51 0 51 0 0 66 66 0 0 0 0 0 51 51 37 37 37 37 0 0 0 
0 0 45 45 0 42 42 0 42 5 5 42 0 42 0 0 63 63 0 37 0 0 0 0 37 37 0 60 60 60 23 60 0 0 0 0 0 0 0 0 0 0 0 0 0 0 0 0 0 0 0 0 0 0 0 0 0 0 0 0 0 0 0 0 0 0 0 0 0 0 0 0 0 0 0 0 0 37 48 11 48 0 48 48 11 11 11 11 11 11 48 11 48 0 38 1 1 1 1 1 1 1 1 1 38 0 67 30 30 30 30 30 30 30 30 30 30 30 30 30 30 30 30 30 30 67 67 67 0 67 0 0 0 0 0 0 0 51 14 14 51 51 0 0 0 66 0 0 0 37 37 51 51 37 0 0 0 0 0 0 
45 0 45 45 0 42 42 0 0 42 42 42 0 42 0 0 63 63 0 63 63 0 0 63 37 0 0 0 0 0 60 0 0 0 0 0 0 0 0 0 0 0 0 0 0 0 0 0 0 0 0 0 0 0 0 0 0 0 0 0 0 0 0 0 0 0 0 0 0 0 0 0 0 0 0 48 0 48 11 11 11 48 11 11 11 11 11 11 11 11 11 48 48 0 38 1 1 1 1 1 1 1 1 1 38 0 0 67 30 30 30 30 30 30 30 30 30 30 30 30 30 30 30 30 30 30 30 30 67 67 0 0 0 0 0 0 0 0 51 14 14 14 51 0 0 37 37 37 37 37 0 51 51 0 0 0 0 0 0 0 
45 0 45 45 0 0 42 0 0 42 0 42 0 0 0 0 63 26 63 63 37 37 0 63 63 0 0 0 0 0 60 0 0 0 0 0 0 0 0 0 0 0 0 0 0 0 0 0 0 0 0 0 0 0 0 0 0 0 0 0 0 0 0 0 0 0 0 0 0 0 0 0 0 0 0 48 0 48 11 11 11 11 11 11 11 11 11 11 11 11 48 0 0 0 38 1 1 1 1 1 1 1 1 1 1 38 0 67 30 30 30 30 30 30 30 30 30 30 30 30 30 30 30 30 30 30 30 30 67 67 67 0 0 0 0 0 0 51 14 14 14 14 51 37 37 37 51 51 0 51 51 14 51 0 0 0 0 0 0 0 
8 45 8 45 0 0 0 0 0 0 0 0 0 63 63 63 26 26 26 63 0 37 63 26 63 0 0 0 0 0 60 0 0 0 0 0 0 0 0 0 0 0 0 0 0 0 0 0 0 0 0 0 0 0 0 0 0 0 0 0 0 0 0 0 0 0 0 0 0 0 0 0 0 0 0 48 48 11 11 11 11 11 11 11 11 11 11 11 11 11 48 0 0 0 38 1 1 1 1 1 1 1 1 1 1 38 0 67 30 30 30 30 30 30 30 30 30 30 30 30 30 30 30 30 30 30 30 67 0 0 0 0 0 69 69 0 0 51 14 14 14 14 51 0 51 51 14 51 0 51 14 14 51 0 0 0 0 0 0 45 
8 8 8 8 45 45 45 0 0 0 0 0 63 26 26 26 26 26 26 26 63 63 26 26 63 0 0 0 0 0 0 0 0 0 0 0 0 0 0 0 0 0 0 0 0 0 0 0 0 0 0 0 0 0 0 0 0 0 0 0 0 0 0 0 0 0 0 0 0 0 0 0 0 0 0 48 11 11 11 11 11 11 11 11 11 11 11 11 11 11 11 48 0 0 38 1 1 1 1 1 1 1 1 1 1 38 0 0 67 30 30 30 30 30 30 30 30 30 30 30 30 30 30 30 30 30 30 67 0 0 69 0 0 69 32 69 0 51 14 14 14 14 51 0 0 51 14 14 51 14 14 14 51 0 0 45 45 0 0 45 
8 8 8 8 8 8 45 0 0 0 0 0 63 26 26 26 26 26 26 26 26 26 26 26 63 0 0 0 0 0 0 0 0 0 0 0 0 0 0 0 0 0 0 0 0 0 0 0 0 0 0 0 0 0 0 0 0 0 0 0 0 0 0 0 0 0 0 0 0 0 0 0 0 0 0 48 11 11 11 11 11 11 11 11 11 11 11 11 11 11 11 48 0 0 38 1 1 1 1 1 1 1 1 1 1 38 0 0 67 30 30 30 30 30 30 30 30 30 30 30 30 30 30 30 30 30 30 30 67 0 69 69 0 0 69 69 0 51 14 14 14 14 14 51 51 14 14 14 14 14 14 14 51 0 0 45 45 0 45 8 
8 8 8 8 8 8 45 0 0 0 0 0 63 26 26 26 26 26 26 26 26 26 26 26 63 0 0 0 0 0 0 0 0 0 0 0 0 0 0 0 0 0 0 0 0 0 0 0 0 0 0 0 0 0 0 0 0 0 0 0 0 0 0 0 0 0 0 0 0 0 0 0 0 0 0 48 11 11 11 11 11 11 11 11 11 11 11 11 11 11 11 48 0 0 38 1 1 1 1 1 1 1 1 1 1 38 0 67 30 30 30 30 30 30 30 30 30 30 30 30 30 30 30 30 30 30 30 67 0 0 0 69 69 0 69 69 0 0 51 14 14 14 14 14 14 14 14 14 14 14 14 14 51 0 0 45 8 45 8 8 
