    0 -221.192    0.000  317.000    0.000   56.000    0.000    1.000    0.000 
    1 -231.950    0.453  316.000    0.000   64.000    0.000    1.109    0.000 
    2 -242.784    0.281  320.000    0.000   65.000    0.000    1.078    0.000 
    3 -254.334    0.281  328.000    0.000   69.000    0.000    1.144    0.000 
    4 -250.278    0.281  334.000    0.000   71.000    0.000    1.183    0.000 
    5 -260.093    0.203  335.000    0.000   72.000    0.000    1.183    0.000 
    6 -261.901    0.219  339.000    0.000   71.000    0.000    1.183    0.000 
    7 -263.204    0.125  339.000    0.000   73.000    0.000    1.106    0.000 
    8 -260.615    0.250  339.000    0.000   71.000    0.000    1.186    0.000 
    9 -266.320    0.203  342.000    0.000   71.000    0.000    1.183    0.000 
   10 -263.165    0.234  345.000    0.000   72.000    0.000    1.183    0.000 
   11 -256.838    0.172  342.000    0.000   74.000    0.000    1.138    0.000 
   12 -269.034    0.281  348.000    0.000   73.000    0.000    1.142    0.000 
   13 -269.123    0.188  344.000    0.000   72.000    0.000    1.142    0.000 
   14 -267.099    0.250  348.000    0.000   70.000    0.000    1.131    0.000 
   15 -271.387    0.203  341.000    0.000   72.000    0.000    1.131    0.000 
   16 -274.833    0.219  343.000    0.000   74.000    0.000    1.131    0.000 
   17 -275.766    0.219  345.000    0.000   73.000    0.000    1.171    0.000 
   18 -278.528    0.141  346.000    0.000   76.000    0.000    1.251    0.000 
   19 -280.204    0.188  346.000    0.000   74.000    0.000    1.251    0.000 
   20 -279.661    0.141  349.000    0.000   76.000    0.000    1.190    0.000 
   21 -273.365    0.156  345.000    0.000   74.000    0.000    1.252    0.000 
   22 -270.070    0.125  347.000    0.000   77.000    0.000    1.245    0.000 
   23 -274.643    0.156  343.000    0.000   77.000    0.000    1.171    0.000 
   24 -264.395    0.250  349.000    0.000   76.000    0.000    1.129    0.000 
   25 -264.712    0.266  348.000    0.000   74.000    0.000    1.175    0.000 
   26 -262.020    0.266  351.000    0.000   77.000    0.000    1.317    0.000 
   27 -260.031    0.266  352.000    0.000   78.000    0.000    1.317    0.000 
   28 -266.611    0.141  349.000    0.000   77.000    0.000    1.217    0.000 
   29 -270.236    0.172  348.000    0.000   78.000    0.000    1.241    0.000 
   30 -273.411    0.109  345.000    0.000   78.000    0.000    1.199    0.000 
   31 -270.923    0.250  343.000    0.000   80.000    0.000    1.344    0.000 
   32 -271.924    0.172  346.000    0.000   81.000    0.000    1.344    0.000 
   33 -272.207    0.156  346.000    0.000   82.000    0.000    1.343    0.000 
   34 -272.700    0.094  344.000    0.000   82.000    0.000    1.476    0.000 
   35 -273.695    0.219  342.000    0.000   84.000    0.000    1.129    0.000 
   36 -267.902    0.266  343.000    0.000   83.000    0.000    1.129    0.000 
   37 -268.176    0.250  343.000    0.000   78.000    0.000    1.354    0.000 
   38 -270.422    0.156  345.000    0.000   76.000    0.000    1.354    0.000 
   39 -267.805    0.125  347.000    0.000   79.000    0.000    1.346    0.000 
   40 -269.254    0.281  349.000    0.000   80.000    0.000    1.294    0.000 
   41 -273.108    0.188  349.000    0.000   82.000    0.000    1.294    0.000 
   42 -263.747    0.203  354.000    0.000   80.000    0.000    1.294    0.000 
   43 -265.248    0.172  355.000    0.000   84.000    0.000    1.362    0.000 
   44 -270.271    0.250  353.000    0.000   85.000    0.000    1.400    0.000 
   45 -273.252    0.203  354.000    0.000   81.000    0.000    1.400    0.000 
   46 -272.672    0.172  357.000    0.000   79.000    0.000    1.400    0.000 
   47 -271.295    0.188  355.000    0.000   80.000    0.000    1.400    0.000 
   48 -271.939    0.281  355.000    0.000   77.000    0.000    1.465    0.000 
   49 -278.452    0.203  354.000    0.000   75.000    0.000    1.465    0.000 
   50 -275.350    0.281  360.000    0.000   78.000    0.000    1.522    0.000 
   51 -277.213    0.234  363.000    0.000   76.000    0.000    1.452    0.000 
   52 -280.868    0.219  361.000    0.000   74.000    0.000    1.537    0.000 
   53 -280.470    0.250  363.000    0.000   75.000    0.000    1.576    0.000 
   54 -282.705    0.188  365.000    0.000   77.000    0.000    1.319    0.000 
   55 -273.519    0.094  365.000    0.000   80.000    0.000    1.319    0.000 
   56 -271.373    0.156  367.000    0.000   79.000    0.000    1.332    0.000 
   57 -275.459    0.141  366.000    0.000   76.000    0.000    1.397    0.000 
   58 -279.713    0.219  362.000    0.000   76.000    0.000    1.397    0.000 
   59 -284.865    0.125  360.000    0.000   75.000    0.000    1.401    0.000 
   60 -279.054    0.125  360.000    0.000   75.000    0.000    1.401    0.000 
   61 -276.111    0.234  361.000    0.000   78.000    0.000    1.411    0.000 
   62 -278.419    0.156  357.000    0.000   80.000    0.000    1.500    0.000 
   63 -273.622    0.312  357.000    0.000   82.000    0.000    1.362    0.000 
   64 -275.020    0.234  358.000    0.000   80.000    0.000    1.428    0.000 
   65 -276.819    0.219  354.000    0.000   79.000    0.000    1.428    0.000 
   66 -269.556    0.250  352.000    0.000   81.000    0.000    1.428    0.000 
   67 -272.395    0.328  349.000    0.000   76.000    0.000    1.428    0.000 
   68 -274.247    0.344  353.000    0.000   76.000    0.000    1.381    0.000 
   69 -274.456    0.172  354.000    0.000   77.000    0.000    1.329    0.000 
   70 -280.818    0.219  352.000    0.000   74.000    0.000    1.429    0.000 
   71 -276.412    0.156  356.000    0.000   75.000    0.000    1.373    0.000 
   72 -276.047    0.266  353.000    0.000   76.000    0.000    1.596    0.000 
   73 -274.059    0.094  353.000    0.000   77.000    0.000    1.596    0.000 
   74 -280.575    0.172  348.000    0.000   75.000    0.000    1.373    0.000 
   75 -279.761    0.266  351.000    0.000   76.000    0.000    1.373    0.000 
   76 -273.881    0.203  348.000    0.000   76.000    0.000    1.296    0.000 
   77 -275.803    0.188  350.000    0.000   75.000    0.000    1.296    0.000 
   78 -277.651    0.281  348.000    0.000   79.000    0.000    1.377    0.000 
   79 -278.186    0.172  349.000    0.000   78.000    0.000    1.296    0.000 
   80 -277.895    0.172  344.000    0.000   76.000    0.000    1.296    0.000 
   81 -270.858    0.203  341.000    0.000   81.000    0.000    1.205    0.000 
   82 -269.391    0.234  348.000    0.000   84.000    0.000    1.242    0.000 
   83 -275.174    0.250  352.000    0.000   80.000    0.000    1.377    0.000 
   84 -275.297    0.141  349.000    0.000   79.000    0.000    1.242    0.000 
   85 -270.762    0.266  342.000    0.000   75.000    0.000    1.242    0.000 
   86 -271.815    0.141  343.000    0.000   76.000    0.000    1.320    0.000 
   87 -275.378    0.297  350.000    0.000   77.000    0.000    1.320    0.000 
   88 -260.586    0.281  356.000    0.000   77.000    0.000    1.320    0.000 
   89 -263.720    0.172  355.000    0.000   76.000    0.000    1.537    0.000 
   90 -262.883    0.141  356.000    0.000   78.000    0.000    1.320    0.000 
   91 -278.414    0.281  352.000    0.000   76.000    0.000    1.537    0.000 
   92 -278.778    0.219  350.000    0.000   78.000    0.000    1.531    0.000 
   93 -281.089    0.172  345.000    0.000   76.000    0.000    1.296    0.000 
   94 -282.822    0.078  346.000    0.000   77.000    0.000    1.296    0.000 
   95 -278.289    0.266  353.000    0.000   81.000    0.000    1.631    0.000 
   96 -283.016    0.141  354.000    0.000   82.000    0.000    1.693    0.000 
   97 -286.948    0.250  354.000    0.000   79.000    0.000    1.631    0.000 
   98 -286.612    0.234  355.000    0.000   80.000    0.000    1.407    0.000 
   99 -283.140    0.234  354.000    0.000   82.000    0.000    1.407    0.000 
  100 -280.164    0.219  354.000    0.000   83.000    0.000    1.447    0.000 
  101 -286.065    0.250  356.000    0.000   78.000    0.000    1.693    0.000 
  102 -285.836    0.156  354.000    0.000   80.000    0.000    1.693    0.000 
  103 -281.245    0.156  350.000    0.000   78.000    0.000    1.453    0.000 
  104 -282.228    0.266  349.000    0.000   80.000    0.000    1.570    0.000 
  105 -284.924    0.141  346.000    0.000   81.000    0.000    1.570    0.000 
  106 -282.283    0.156  344.000    0.000   81.000    0.000    1.618    0.000 
  107 -277.249    0.125  344.000    0.000   79.000    0.000    1.570    0.000 
  108 -272.957    0.172  345.000    0.000   80.000    0.000    1.570    0.000 
  109 -272.270    0.141  340.000    0.000   77.000    0.000    1.462    0.000 
  110 -266.256    0.250  340.000    0.000   76.000    0.000    1.477    0.000 
  111 -270.864    0.266  345.000    0.000   81.000    0.000    1.588    0.000 
  112 -274.367    0.188  349.000    0.000   84.000    0.000    1.588    0.000 
  113 -278.198    0.156  355.000    0.000   83.000    0.000    1.598    0.000 
  114 -278.212    0.172  352.000    0.000   82.000    0.000    1.598    0.000 
  115 -278.486    0.250  352.000    0.000   83.000    0.000    1.598    0.000 
  116 -288.836    0.188  352.000    0.000   85.000    0.000    1.652    0.000 
  117 -293.749    0.172  351.000    0.000   85.000    0.000    1.685    0.000 
  118 -295.584    0.188  351.000    0.000   84.000    0.000    1.652    0.000 
  119 -292.815    0.172  354.000    0.000   81.000    0.000    1.652    0.000 
  120 -295.496    0.219  352.000    0.000   82.000    0.000    1.598    0.000 
  121 -298.588    0.141  351.000    0.000   82.000    0.000    1.751    0.000 
  122 -298.326    0.188  351.000    0.000   80.000    0.000    1.751    0.000 
  123 -298.326    0.000  351.000    0.000   80.000    0.000    1.751    0.000 
  124 -298.592    0.078  350.000    0.000   81.000    0.000    1.757    0.000 
  125 -297.914    0.109  353.000    0.000   81.000    0.000    1.757    0.000 
  126 -292.681    0.203  352.000    0.000   81.000    0.000    1.757    0.000 
  127 -292.286    0.250  358.000    0.000   84.000    0.000    1.757    0.000 
  128 -293.597    0.234  359.000    0.000   82.000    0.000    1.685    0.000 
  129 -292.868    0.344  359.000    0.000   80.000    0.000    1.819    0.000 
  130 -290.497    0.125  361.000    0.000   81.000    0.000    1.757    0.000 
  131 -296.745    0.094  359.000    0.000   82.000    0.000    1.695    0.000 
  132 -295.486    0.047  362.000    0.000   84.000    0.000    1.751    0.000 
  133 -294.531    0.156  356.000    0.000   82.000    0.000    1.751    0.000 
  134 -293.681    0.125  358.000    0.000   82.000    0.000    1.602    0.000 
  135 -289.152    0.172  365.000    0.000   80.000    0.000    1.542    0.000 
  136 -288.943    0.156  363.000    0.000   85.000    0.000    1.651    0.000 
  137 -288.637    0.141  358.000    0.000   85.000    0.000    1.651    0.000 
  138 -289.469    0.125  356.000    0.000   82.000    0.000    1.651    0.000 
  139 -286.925    0.094  358.000    0.000   84.000    0.000    1.535    0.000 
  140 -286.949    0.281  360.000    0.000   82.000    0.000    1.490    0.000 
  141 -290.534    0.172  359.000    0.000   79.000    0.000    1.516    0.000 
  142 -290.236    0.094  357.000    0.000   79.000    0.000    1.561    0.000 
  143 -289.980    0.281  357.000    0.000   76.000    0.000    1.561    0.000 
  144 -292.309    0.234  354.000    0.000   78.000    0.000    1.561    0.000 
  145 -289.440    0.281  354.000    0.000   81.000    0.000    1.609    0.000 
  146 -288.502    0.219  354.000    0.000   81.000    0.000    1.561    0.000 
  147 -290.168    0.062  352.000    0.000   79.000    0.000    1.561    0.000 
  148 -288.085    0.219  346.000    0.000   77.000    0.000    1.561    0.000 
  149 -287.924    0.281  350.000    0.000   79.000    0.000    1.561    0.000 
  150 -287.842    0.219  350.000    0.000   81.000    0.000    1.664    0.000 
  151 -285.372    0.219  352.000    0.000   82.000    0.000    1.651    0.000 
  152 -288.949    0.250  354.000    0.000   85.000    0.000    1.678    0.000 
  153 -285.265    0.250  356.000    0.000   84.000    0.000    1.766    0.000 
  154 -291.150    0.406  358.000    0.000   82.000    0.000    1.588    0.000 
  155 -288.183    0.172  363.000    0.000   82.000    0.000    1.841    0.000 
  156 -287.049    0.109  362.000    0.000   80.000    0.000    1.893    0.000 
  157 -291.666    0.188  358.000    0.000   80.000    0.000    1.729    0.000 
  158 -295.484    0.203  353.000    0.000   80.000    0.000    1.813    0.000 
  159 -290.186    0.141  356.000    0.000   79.000    0.000    1.813    0.000 
  160 -295.533    0.188  358.000    0.000   82.000    0.000    1.783    0.000 
  161 -291.439    0.188  366.000    0.000   84.000    0.000    1.783    0.000 
  162 -288.585    0.141  367.000    0.000   84.000    0.000    1.783    0.000 
  163 -287.997    0.188  369.000    0.000   84.000    0.000    1.947    0.000 
  164 -293.278    0.125  369.000    0.000   86.000    0.000    1.872    0.000 
  165 -293.140    0.125  365.000    0.000   85.000    0.000    1.872    0.000 
  166 -286.221    0.250  369.000    0.000   82.000    0.000    1.760    0.000 
  167 -283.487    0.031  369.000    0.000   81.000    0.000    1.760    0.000 
  168 -284.955    0.281  363.000    0.000   85.000    0.000    1.760    0.000 
  169 -283.745    0.281  353.000    0.000   78.000    0.000    1.588    0.000 
  170 -283.031    0.281  347.000    0.000   77.000    0.000    1.777    0.000 
  171 -280.881    0.203  348.000    0.000   76.000    0.000    1.777    0.000 
  172 -276.777    0.266  347.000    0.000   81.000    0.000    1.777    0.000 
  173 -285.052    0.172  346.000    0.000   80.000    0.000    1.723    0.000 
  174 -288.937    0.266  349.000    0.000   80.000    0.000    1.550    0.000 
  175 -288.451    0.203  350.000    0.000   82.000    0.000    1.550    0.000 
  176 -288.930    0.172  355.000    0.000   83.000    0.000    1.662    0.000 
  177 -285.527    0.172  362.000    0.000   83.000    0.000    1.617    0.000 
  178 -279.545    0.281  358.000    0.000   86.000    0.000    1.617    0.000 
  179 -280.564    0.297  359.000    0.000   83.000    0.000    1.617    0.000 
  180 -281.722    0.250  361.000    0.000   87.000    0.000    1.760    0.000 
  181 -285.193    0.219  357.000    0.000   87.000    0.000    1.706    0.000 
  182 -287.258    0.172  356.000    0.000   86.000    0.000    1.795    0.000 
  183 -288.248    0.328  359.000    0.000   80.000    0.000    1.729    0.000 
  184 -291.024    0.219  359.000    0.000   85.000    0.000    1.741    0.000 
  185 -287.182    0.188  359.000    0.000   84.000    0.000    1.609    0.000 
  186 -284.527    0.203  352.000    0.000   79.000    0.000    1.617    0.000 
  187 -286.711    0.266  357.000    0.000   79.000    0.000    1.561    0.000 
  188 -291.268    0.219  359.000    0.000   81.000    0.000    1.678    0.000 
  189 -291.681    0.141  362.000    0.000   82.000    0.000    1.635    0.000 
  190 -290.934    0.047  361.000    0.000   81.000    0.000    1.651    0.000 
  191 -289.578    0.125  361.000    0.000   80.000    0.000    1.766    0.000 
  192 -292.405    0.172  358.000    0.000   81.000    0.000    1.635    0.000 
  193 -298.504    0.172  353.000    0.000   79.000    0.000    1.678    0.000 
  194 -295.112    0.094  351.000    0.000   77.000    0.000    1.625    0.000 
  195 -291.489    0.125  345.000    0.000   76.000    0.000    1.625    0.000 
  196 -288.259    0.188  345.000    0.000   75.000    0.000    1.625    0.000 
  197 -296.080    0.172  346.000    0.000   79.000    0.000    1.625    0.000 
  198 -290.720    0.188  344.000    0.000   81.000    0.000    1.575    0.000 
  199 -296.174    0.172  349.000    0.000   81.000    0.000    1.651    0.000 
  200 -297.017    0.188  349.000    0.000   78.000    0.000    1.651    0.000 
  201 -294.461    0.219  349.000    0.000   76.000    0.000    1.731    0.000 
  202 -288.247    0.203  352.000    0.000   77.000    0.000    1.939    0.000 
  203 -293.181    0.219  352.000    0.000   79.000    0.000    1.939    0.000 
  204 -296.016    0.219  348.000    0.000   80.000    0.000    1.715    0.000 
  205 -291.424    0.172  349.000    0.000   81.000    0.000    1.588    0.000 
  206 -294.430    0.234  346.000    0.000   82.000    0.000    1.890    0.000 
  207 -300.817    0.266  339.000    0.000   79.000    0.000    1.968    0.000 
  208 -299.102    0.203  340.000    0.000   78.000    0.000    1.890    0.000 
  209 -293.316    0.156  338.000    0.000   76.000    0.000    1.836    0.000 
  210 -293.157    0.203  335.000    0.000   75.000    0.000    1.849    0.000 
  211 -293.832    0.188  335.000    0.000   75.000    0.000    1.738    0.000 
  212 -293.585    0.234  336.000    0.000   77.000    0.000    1.702    0.000 
  213 -294.089    0.234  339.000    0.000   78.000    0.000    1.702    0.000 
  214 -296.495    0.156  343.000    0.000   81.000    0.000    1.773    0.000 
  215 -296.842    0.125  339.000    0.000   79.000    0.000    1.702    0.000 
  216 -292.063    0.141  334.000    0.000   76.000    0.000    1.702    0.000 
  217 -292.285    0.156  336.000    0.000   74.000    0.000    1.747    0.000 
  218 -291.487    0.219  338.000    0.000   77.000    0.000    1.789    0.000 
  219 -289.239    0.328  345.000    0.000   81.000    0.000    2.000    0.000 
  220 -293.325    0.141  342.000    0.000   80.000    0.000    2.000    0.000 
  221 -291.965    0.203  347.000    0.000   81.000    0.000    1.887    0.000 
  222 -288.562    0.188  351.000    0.000   83.000    0.000    1.737    0.000 
  223 -286.326    0.219  353.000    0.000   86.000    0.000    1.737    0.000 
  224 -286.892    0.281  355.000    0.000   85.000    0.000    1.837    0.000 
  225 -291.078    0.266  358.000    0.000   85.000    0.000    1.837    0.000 
  226 -291.136    0.219  356.000    0.000   82.000    0.000    1.737    0.000 
  227 -292.985    0.172  349.000    0.000   82.000    0.000    1.831    0.000 
  228 -290.240    0.219  351.000    0.000   81.000    0.000    1.831    0.000 
  229 -282.444    0.188  353.000    0.000   84.000    0.000    1.837    0.000 
  230 -281.595    0.266  352.000    0.000   83.000    0.000    1.887    0.000 
  231 -289.034    0.281  352.000    0.000   83.000    0.000    1.837    0.000 
  232 -285.806    0.219  356.000    0.000   81.000    0.000    1.837    0.000 
  233 -284.336    0.312  356.000    0.000   77.000    0.000    1.997    0.000 
  234 -291.447    0.266  353.000    0.000   76.000    0.000    1.831    0.000 
  235 -288.730    0.125  353.000    0.000   77.000    0.000    1.988    0.000 
  236 -289.524    0.156  353.000    0.000   78.000    0.000    1.988    0.000 
  237 -285.201    0.172  352.000    0.000   74.000    0.000    1.869    0.000 
  238 -288.479    0.266  351.000    0.000   79.000    0.000    1.869    0.000 
  239 -289.257    0.234  354.000    0.000   78.000    0.000    1.829    0.000 
  240 -290.481    0.219  348.000    0.000   76.000    0.000    1.829    0.000 
  241 -286.470    0.219  348.000    0.000   78.000    0.000    1.805    0.000 
  242 -288.118    0.188  352.000    0.000   81.000    0.000    1.829    0.000 
  243 -282.861    0.203  349.000    0.000   84.000    0.000    1.730    0.000 
  244 -284.354    0.297  356.000    0.000   87.000    0.000    1.829    0.000 
  245 -288.532    0.250  362.000    0.000   82.000    0.000    1.783    0.000 
  246 -289.916    0.219  358.000    0.000   82.000    0.000    1.783    0.000 
  247 -285.083    0.203  359.000    0.000   80.000    0.000    1.783    0.000 
  248 -285.733    0.172  360.000    0.000   84.000    0.000    1.783    0.000 
  249 -288.729    0.188  356.000    0.000   86.000    0.000    1.768    0.000 
  250 -287.588    0.234  353.000    0.000   87.000    0.000    1.716    0.000 
  251 -287.117    0.219  357.000    0.000   86.000    0.000    1.810    0.000 
  252 -284.803    0.250  353.000    0.000   91.000    0.000    1.803    0.000 
  253 -289.760    0.297  362.000    0.000   86.000    0.000    1.795    0.000 
  254 -293.847    0.234  359.000    0.000   87.000    0.000    1.807    0.000 
  255 -301.320    0.188  355.000    0.000   86.000    0.000    1.807    0.000 
  256 -292.621    0.172  354.000    0.000   84.000    0.000    1.911    0.000 
  257 -296.170    0.281  360.000    0.000   88.000    0.000    1.860    0.000 
  258 -296.803    0.172  359.000    0.000   90.000    0.000    2.173    0.000 
  259 -290.721    0.203  354.000    0.000   92.000    0.000    2.121    0.000 
  260 -291.953    0.281  354.000    0.000   93.000    0.000    2.669    0.000 
  261 -295.260    0.203  363.000    0.000   97.000    0.000    2.192    0.000 
  262 -298.282    0.156  363.000    0.000  104.000    0.000    2.615    0.000 
  263 -291.178    0.219  361.000    0.000  102.000    0.000    3.157    0.000 
  264 -287.863    0.281  363.000    0.000  100.000    0.000    3.157    0.000 
  265 -293.070    0.328  362.000    0.000   95.000    0.000    2.548    0.000 
  266 -287.372    0.250  360.000    0.000   97.000    0.000    2.548    0.000 
  267 -290.573    0.203  363.000    0.000   97.000    0.000    1.913    0.000 
  268 -296.094    0.219  363.000    0.000   97.000    0.000    2.070    0.000 
  269 -294.896    0.250  363.000    0.000   93.000    0.000    2.548    0.000 
  270 -293.782    0.156  361.000    0.000   91.000    0.000    2.313    0.000 
  271 -296.246    0.250  361.000    0.000   92.000    0.000    2.548    0.000 
  272 -301.715    0.250  361.000    0.000   94.000    0.000    2.404    0.000 
  273 -298.490    0.219  363.000    0.000   97.000    0.000    2.042    0.000 
  274 -296.410    0.156  361.000    0.000   98.000    0.000    2.042    0.000 
  275 -299.123    0.172  362.000    0.000   98.000    0.000    2.207    0.000 
  276 -301.307    0.172  361.000    0.000   98.000    0.000    2.731    0.000 
  277 -300.209    0.172  366.000    0.000   97.000    0.000    2.867    0.000 
  278 -304.847    0.188  364.000    0.000   97.000    0.000    2.636    0.000 
  279 -302.448    0.188  366.000    0.000   97.000    0.000    3.196    0.000 
  280 -304.402    0.250  372.000    0.000   99.000    0.000    2.380    0.000 
  281 -305.600    0.312  370.000    0.000  102.000    0.000    2.312    0.000 
  282 -308.370    0.156  368.000    0.000  107.000    0.000    2.312    0.000 
  283 -312.843    0.219  360.000    0.000  106.000    0.000    2.312    0.000 
  284 -316.717    0.234  361.000    0.000  109.000    0.000    2.251    0.000 
  285 -319.496    0.203  360.000    0.000  109.000    0.000    2.313    0.000 
  286 -320.277    0.266  361.000    0.000  116.000    0.000    2.376    0.000 
  287 -316.896    0.125  361.000    0.000  117.000    0.000    2.376    0.000 
  288 -316.632    0.281  359.000    0.000  116.000    0.000    2.376    0.000 
  289 -317.839    0.266  360.000    0.000  123.000    0.000    2.601    0.000 
  290 -322.414    0.234  361.000    0.000  125.000    0.000    2.601    0.000 
  291 -318.837    0.188  365.000    0.000  128.000    0.000    2.500    0.000 
  292 -313.492    0.203  368.000    0.000  130.000    0.000    2.354    0.000 
  293 -314.576    0.125  366.000    0.000  132.000    0.000    2.501    0.000 
  294 -315.084    0.172  369.000    0.000  127.000    0.000    2.501    0.000 
  295 -318.121    0.172  368.000    0.000  129.000    0.000    2.501    0.000 
  296 -325.336    0.234  361.000    0.000  124.000    0.000    2.501    0.000 
  297 -328.536    0.141  358.000    0.000  128.000    0.000    2.501    0.000 
  298 -332.340    0.156  358.000    0.000  126.000    0.000    2.563    0.000 
  299 -333.301    0.141  357.000    0.000  131.000    0.000    2.626    0.000 
  300 -334.261    0.250  361.000    0.000  130.000    0.000    2.688    0.000 
  301 -336.960    0.156  355.000    0.000  126.000    0.000    2.688    0.000 
  302 -344.702    0.219  357.000    0.000  127.000    0.000    2.750    0.000 
  303 -347.655    0.219  357.000    0.000  125.000    0.000    2.812    0.000 
  304 -349.702    0.094  357.000    0.000  127.000    0.000    2.813    0.000 
  305 -343.900    0.172  358.000    0.000  126.000    0.000    2.812    0.000 
  306 -347.373    0.172  357.000    0.000  125.000    0.000    2.813    0.000 
  307 -348.768    0.156  355.000    0.000  124.000    0.000    3.001    0.000 
  308 -347.420    0.047  354.000    0.000  124.000    0.000    3.001    0.000 
  309 -337.310    0.141  359.000    0.000  121.000    0.000    3.001    0.000 
  310 -341.551    0.250  351.000    0.000  123.000    0.000    3.067    0.000 
  311 -345.383    0.156  349.000    0.000  118.000    0.000    3.067    0.000 
  312 -351.257    0.141  350.000    0.000  118.000    0.000    3.134    0.000 
  313 -358.751    0.234  349.000    0.000  119.000    0.000    3.134    0.000 
  314 -360.275    0.172  354.000    0.000  123.000    0.000    3.134    0.000 
  315 -365.573    0.188  358.000    0.000  122.000    0.000    3.200    0.000 
  316 -366.405    0.203  357.000    0.000  125.000    0.000    3.134    0.000 
  317 -371.003    0.156  361.000    0.000  125.000    0.000    3.429    0.000 
  318 -375.168    0.109  362.000    0.000  127.000    0.000    3.693    0.000 
  319 -375.906    0.219  360.000    0.000  126.000    0.000    3.693    0.000 
  320 -368.213    0.141  359.000    0.000  126.000    0.000    3.693    0.000 
  321 -372.620    0.141  358.000    0.000  126.000    0.000    3.693    0.000 
  322 -371.106    0.062  360.000    0.000  126.000    0.000    3.693    0.000 
  323 -374.193    0.156  358.000    0.000  127.000    0.000    3.693    0.000 
  324 -372.040    0.125  358.000    0.000  128.000    0.000    3.693    0.000 
  325 -375.019    0.172  361.000    0.000  126.000    0.000    3.693    0.000 
  326 -369.840    0.219  355.000    0.000  126.000    0.000    3.429    0.000 
  327 -369.603    0.266  356.000    0.000  129.000    0.000    4.084    0.000 
  328 -382.695    0.234  355.000    0.000  129.000    0.000    3.126    0.000 
  329 -384.453    0.156  355.000    0.000  129.000    0.000    3.125    0.000 
  330 -387.413    0.141  352.000    0.000  128.000    0.000    3.571    0.000 
  331 -384.678    0.172  353.000    0.000  128.000    0.000    3.571    0.000 
  332 -392.764    0.297  352.000    0.000  133.000    0.000    3.572    0.000 
  333 -393.885    0.156  350.000    0.000  131.000    0.000    3.572    0.000 
  334 -394.428    0.141  351.000    0.000  131.000    0.000    3.126    0.000 
  335 -392.358    0.109  354.000    0.000  131.000    0.000    3.126    0.000 
  336 -397.363    0.188  348.000    0.000  136.000    0.000    3.334    0.000 
  337 -393.897    0.094  350.000    0.000  133.000    0.000    3.334    0.000 
  338 -398.521    0.141  347.000    0.000  138.000    0.000    3.572    0.000 
  339 -401.222    0.172  346.000    0.000  137.000    0.000    3.572    0.000 
  340 -399.546    0.219  350.000    0.000  139.000    0.000    3.572    0.000 
  341 -404.679    0.250  348.000    0.000  138.000    0.000    3.714    0.000 
  342 -412.015    0.172  343.000    0.000  136.000    0.000    3.714    0.000 
  343 -412.809    0.109  346.000    0.000  135.000    0.000    3.786    0.000 
  344 -419.437    0.172  347.000    0.000  136.000    0.000    3.858    0.000 
  345 -420.761    0.125  351.000    0.000  136.000    0.000    3.858    0.000 
  346 -423.198    0.109  350.000    0.000  140.000    0.000    3.858    0.000 
  347 -423.372    0.125  346.000    0.000  142.000    0.000    3.858    0.000 
  348 -423.391    0.109  345.000    0.000  144.000    0.000    3.858    0.000 
  349 -432.870    0.219  347.000    0.000  146.000    0.000    3.929    0.000 
  350 -433.139    0.156  349.000    0.000  145.000    0.000    3.929    0.000 
  351 -433.980    0.125  349.000    0.000  144.000    0.000    3.929    0.000 
  352 -437.534    0.078  348.000    0.000  144.000    0.000    4.000    0.000 
  353 -440.593    0.266  341.000    0.000  144.000    0.000    4.071    0.000 
  354 -443.287    0.141  340.000    0.000  143.000    0.000    4.072    0.000 
  355 -445.965    0.234  341.000    0.000  143.000    0.000    4.072    0.000 
  356 -444.661    0.109  338.000    0.000  146.000    0.000    4.072    0.000 
  357 -447.848    0.219  338.000    0.000  144.000    0.000    4.072    0.000 
  358 -452.337    0.156  338.000    0.000  145.000    0.000    4.143    0.000 
  359 -457.026    0.203  331.000    0.000  146.000    0.000    4.215    0.000 
  360 -461.372    0.109  332.000    0.000  147.000    0.000 3601.000    0.000 
  361 -473.913    0.188  326.000    0.000  144.000    0.000 3601.000    0.000 
  362 -473.530    0.141  327.000    0.000  141.000    0.000    4.286    0.000 
  363 -473.727    0.047  328.000    0.000  141.000    0.000    4.286    0.000 
  364 -472.869    0.141  329.000    0.000  141.000    0.000    4.286    0.000 
  365 -481.642    0.203  332.000    0.000  144.000    0.000    4.286    0.000 
  366 -479.615    0.109  335.000    0.000  145.000    0.000    4.286    0.000 
  367 -476.489    0.109  336.000    0.000  144.000    0.000    4.286    0.000 
  368 -474.397    0.125  334.000    0.000  145.000    0.000    4.286    0.000 
  369 -488.262    0.156  338.000    0.000  148.000    0.000    4.286    0.000 
  370 -491.152    0.125  340.000    0.000  153.000    0.000 3601.000    0.000 
  371 -494.816    0.078  341.000    0.000  152.000    0.000 3601.000    0.000 
  372 -499.473    0.141  336.000    0.000  153.000    0.000 3601.000    0.000 
  373 -502.840    0.094  334.000    0.000  153.000    0.000 3601.000    0.000 
  374 -508.523    0.203  333.000    0.000  153.000    0.000    4.286    0.000 
  375 -508.258    0.172  340.000    0.000  156.000    0.000    4.002    0.000 
  376 -512.613    0.188  340.000    0.000  156.000    0.000    4.002    0.000 
  377 -511.670    0.172  337.000    0.000  160.000    0.000    4.002    0.000 
  378 -520.606    0.125  343.000    0.000  159.000    0.000    4.002    0.000 
  379 -517.446    0.062  343.000    0.000  158.000    0.000    4.002    0.000 
  380 -518.268    0.109  342.000    0.000  158.000    0.000    4.002    0.000 
  381 -523.161    0.188  342.000    0.000  160.000    0.000    4.002    0.000 
  382 -524.255    0.125  344.000    0.000  164.000    0.000 3601.000    0.000 
  383 -527.648    0.156  344.000    0.000  162.000    0.000    4.002    0.000 
  384 -529.380    0.109  341.000    0.000  162.000    0.000    4.002    0.000 
  385 -525.880    0.156  343.000    0.000  163.000    0.000    4.002    0.000 
  386 -529.975    0.156  343.000    0.000  165.000    0.000    4.002    0.000 
  387 -534.762    0.109  344.000    0.000  166.000    0.000    4.002    0.000 
  388 -535.007    0.125  342.000    0.000  166.000    0.000    4.002    0.000 
  389 -535.592    0.125  342.000    0.000  167.000    0.000    4.002    0.000 
  390 -534.037    0.156  342.000    0.000  166.000    0.000    4.002    0.000 
  391 -539.601    0.141  337.000    0.000  166.000    0.000    4.002    0.000 
  392 -543.051    0.141  338.000    0.000  167.000    0.000    4.288    0.000 
  393 -539.166    0.094  338.000    0.000  167.000    0.000    4.288    0.000 
  394 -541.048    0.125  336.000    0.000  166.000    0.000    4.288    0.000 
  395 -543.260    0.094  336.000    0.000  166.000    0.000    4.288    0.000 
  396 -541.053    0.094  340.000    0.000  164.000    0.000 3604.000    0.000 
  397 -541.608    0.141  335.000    0.000  164.000    0.000 3604.000    0.000 
  398 -547.541    0.156  337.000    0.000  166.000    0.000 3604.000    0.000 
  399 -544.263    0.094  335.000    0.000  166.000    0.000 3604.000    0.000 
  400 -541.664    0.109  338.000    0.000  165.000    0.000 3604.000    0.000 
  401 -539.510    0.078  337.000    0.000  166.000    0.000 3604.000    0.000 
  402 -536.481    0.109  338.000    0.000  165.000    0.000 3604.000    0.000 
  403 -541.563    0.156  336.000    0.000  166.000    0.000 3604.000    0.000 
  404 -541.938    0.109  333.000    0.000  165.000    0.000 3604.000    0.000 
  405 -541.023    0.141  336.000    0.000  165.000    0.000 3604.000    0.000 
  406 -545.260    0.094  336.000    0.000  168.000    0.000    4.288    0.000 
  407 -547.820    0.094  336.000    0.000  167.000    0.000 3604.000    0.000 
  408 -549.086    0.234  337.000    0.000  166.000    0.000 3604.000    0.000 
  409 -550.230    0.078  336.000    0.000  168.000    0.000 3604.000    0.000 
  410 -552.351    0.156  336.000    0.000  166.000    0.000 3604.000    0.000 
  411 -559.166    0.094  334.000    0.000  167.000    0.000 3604.000    0.000 
  412 -564.503    0.109  335.000    0.000  170.000    0.000 3604.000    0.000 
  413 -559.947    0.156  333.000    0.000  174.000    0.000 3604.000    0.000 
  414 -563.922    0.141  336.000    0.000  173.000    0.000 3604.000    0.000 
  415 -565.881    0.109  337.000    0.000  174.000    0.000 3604.000    0.000 
  416 -566.476    0.109  332.000    0.000  177.000    0.000 3604.000    0.000 
  417 -561.205    0.156  338.000    0.000  181.000    0.000 3604.000    0.000 
  418 -565.450    0.172  339.000    0.000  180.000    0.000 3604.000    0.000 
  419 -567.129    0.109  338.000    0.000  177.000    0.000 3604.000    0.000 
  420 -565.637    0.047  341.000    0.000  177.000    0.000 3604.000    0.000 
  421 -565.453    0.047  340.000    0.000  177.000    0.000 3604.000    0.000 
  422 -567.892    0.078  339.000    0.000  177.000    0.000 3604.000    0.000 
  423 -569.716    0.141  338.000    0.000  176.000    0.000 3604.000    0.000 
  424 -569.950    0.109  335.000    0.000  178.000    0.000 3604.000    0.000 
  425 -567.843    0.078  334.000    0.000  178.000    0.000 3604.000    0.000 
  426 -571.224    0.109  337.000    0.000  178.000    0.000 3604.000    0.000 
  427 -570.978    0.109  334.000    0.000  176.000    0.000 3604.000    0.000 
  428 -573.300    0.109  333.000    0.000  174.000    0.000 3604.000    0.000 
  429 -573.773    0.156  339.000    0.000  177.000    0.000 3604.000    0.000 
  430 -579.245    0.094  341.000    0.000  177.000    0.000 3604.000    0.000 
  431 -579.131    0.109  342.000    0.000  179.000    0.000 3604.000    0.000 
  432 -577.765    0.078  343.000    0.000  181.000    0.000 3604.000    0.000 
  433 -577.773    0.109  340.000    0.000  183.000    0.000 3604.000    0.000 
  434 -580.685    0.109  341.000    0.000  181.000    0.000 3604.000    0.000 
  435 -587.684    0.094  341.000    0.000  180.000    0.000 3604.000    0.000 
  436 -592.163    0.078  344.000    0.000  179.000    0.000 3604.000    0.000 
  437 -592.614    0.094  342.000    0.000  179.000    0.000 3604.000    0.000 
  438 -596.699    0.141  339.000    0.000  177.000    0.000    4.288    0.000 
  439 -596.851    0.078  342.000    0.000  177.000    0.000    4.288    0.000 
  440 -594.658    0.125  340.000    0.000  177.000    0.000 3604.000    0.000 
  441 -593.436    0.062  340.000    0.000  178.000    0.000 3604.000    0.000 
  442 -596.762    0.141  341.000    0.000  180.000    0.000 3604.000    0.000 
  443 -598.103    0.125  343.000    0.000  184.000    0.000    4.288    0.000 
  444 -596.954    0.094  343.000    0.000  185.000    0.000    4.288    0.000 
  445 -599.471    0.062  341.000    0.000  186.000    0.000    4.288    0.000 
  446 -598.265    0.078  342.000    0.000  188.000    0.000   30.017    0.000 
  447 -599.463    0.078  343.000    0.000  188.000    0.000   30.017    0.000 
  448 -599.472    0.219  345.000    0.000  183.000    0.000   30.017    0.000 
  449 -601.562    0.141  342.000    0.000  183.000    0.000   30.017    0.000 
  450 -607.369    0.141  349.000    0.000  184.000    0.000   30.017    0.000 
  451 -609.597    0.125  351.000    0.000  184.000    0.000   30.017    0.000 
  452 -608.823    0.062  349.000    0.000  183.000    0.000   30.017    0.000 
  453 -609.709    0.125  347.000    0.000  183.000    0.000    4.288    0.000 
  454 -612.095    0.062  347.000    0.000  185.000    0.000    4.288    0.000 
  455 -612.644    0.062  351.000    0.000  186.000    0.000 3604.000    0.000 
  456 -611.859    0.047  350.000    0.000  187.000    0.000 3604.000    0.000 
  457 -610.366    0.094  348.000    0.000  188.000    0.000    4.618    0.000 
  458 -611.313    0.125  346.000    0.000  187.000    0.000 3604.000    0.000 
  459 -615.106    0.125  346.000    0.000  185.000    0.000    4.618    0.000 
  460 -616.443    0.125  342.000    0.000  187.000    0.000    4.618    0.000 
  461 -617.806    0.125  340.000    0.000  185.000    0.000    5.003    0.000 
  462 -614.314    0.125  342.000    0.000  185.000    0.000    4.618    0.000 
  463 -614.830    0.031  342.000    0.000  185.000    0.000    4.618    0.000 
  464 -612.059    0.094  340.000    0.000  187.000    0.000    4.618    0.000 
  465 -614.783    0.047  337.000    0.000  186.000    0.000    4.618    0.000 
  466 -613.472    0.156  335.000    0.000  191.000    0.000    4.618    0.000 
  467 -616.051    0.062  335.000    0.000  191.000    0.000   30.017    0.000 
  468 -617.627    0.094  333.000    0.000  188.000    0.000   30.017    0.000 
  469 -615.416    0.078  336.000    0.000  189.000    0.000   30.017    0.000 
  470 -617.262    0.109  339.000    0.000  186.000    0.000   30.017    0.000 
  471 -613.107    0.031  339.000    0.000  188.000    0.000   30.017    0.000 
  472 -616.424    0.078  340.000    0.000  188.000    0.000    6.003    0.000 
  473 -614.319    0.062  342.000    0.000  187.000    0.000    6.003    0.000 
  474 -615.269    0.109  341.000    0.000  187.000    0.000    6.003    0.000 
  475 -615.205    0.156  339.000    0.000  190.000    0.000 3604.000    0.000 
  476 -621.020    0.156  345.000    0.000  189.000    0.000 3604.000    0.000 
  477 -620.329    0.031  345.000    0.000  189.000    0.000 3604.000    0.000 
  478 -617.656    0.078  344.000    0.000  190.000    0.000    4.618    0.000 
  479 -617.378    0.062  348.000    0.000  189.000    0.000 3604.000    0.000 
  480 -618.306    0.109  349.000    0.000  192.000    0.000 3604.000    0.000 
  481 -621.072    0.094  349.000    0.000  191.000    0.000 3604.000    0.000 
  482 -619.238    0.109  350.000    0.000  193.000    0.000 3604.000    0.000 
  483 -619.962    0.016  351.000    0.000  192.000    0.000    4.618    0.000 
  484 -617.506    0.062  353.000    0.000  192.000    0.000    4.618    0.000 
  485 -621.483    0.078  354.000    0.000  192.000    0.000    4.618    0.000 
  486 -626.335    0.141  347.000    0.000  192.000    0.000    4.618    0.000 
  487 -625.823    0.062  343.000    0.000  193.000    0.000    5.003    0.000 
  488 -624.998    0.234  340.000    0.000  192.000    0.000    5.003    0.000 
  489 -623.105    0.031  338.000    0.000  195.000    0.000 3604.000    0.000 
  490 -626.486    0.125  336.000    0.000  196.000    0.000 3604.000    0.000 
  491 -624.028    0.109  337.000    0.000  193.000    0.000 3604.000    0.000 
  492 -627.348    0.094  337.000    0.000  194.000    0.000    5.003    0.000 
  493 -630.879    0.109  338.000    0.000  193.000    0.000    4.618    0.000 
  494 -630.236    0.078  339.000    0.000  193.000    0.000    4.618    0.000 
  495 -630.558    0.094  339.000    0.000  189.000    0.000    4.618    0.000 
  496 -629.249    0.141  340.000    0.000  190.000    0.000    4.618    0.000 
  497 -624.411    0.094  340.000    0.000  194.000    0.000 3604.000    0.000 
  498 -631.161    0.156  340.000    0.000  193.000    0.000   60.033    0.000 
  499 -632.936    0.125  340.000    0.000  195.000    0.000   60.033    0.000 
  500 -637.984    0.094  340.000    0.000  193.000    0.000 3604.000    0.000 
  501 -633.260    0.078  341.000    0.000  195.000    0.000 3604.000    0.000 
  502 -632.978    0.062  341.000    0.000  193.000    0.000 3604.000    0.000 
  503 -634.130    0.078  340.000    0.000  193.000    0.000 3604.000    0.000 
  504 -633.569    0.109  339.000    0.000  193.000    0.000   30.017    0.000 
  505 -634.661    0.156  341.000    0.000  194.000    0.000    6.003    0.000 
  506 -633.193    0.094  343.000    0.000  193.000    0.000    5.458    0.000 
  507 -635.328    0.062  343.000    0.000  193.000    0.000    5.458    0.000 
  508 -636.750    0.172  344.000    0.000  192.000    0.000    5.458    0.000 
  509 -634.749    0.031  342.000    0.000  193.000    0.000    5.458    0.000 
  510 -634.500    0.125  342.000    0.000  192.000    0.000    5.458    0.000 
  511 -635.876    0.078  339.000    0.000  194.000    0.000   60.033    0.000 
  512 -639.319    0.062  339.000    0.000  195.000    0.000   60.033    0.000 
  513 -642.845    0.078  336.000    0.000  196.000    0.000   60.033    0.000 
  514 -642.203    0.109  335.000    0.000  195.000    0.000   60.033    0.000 
  515 -641.704    0.078  334.000    0.000  196.000    0.000   60.033    0.000 
  516 -646.250    0.203  331.000    0.000  198.000    0.000   60.033    0.000 
  517 -647.516    0.047  330.000    0.000  197.000    0.000   60.033    0.000 
  518 -650.210    0.125  332.000    0.000  197.000    0.000   60.033    0.000 
  519 -654.270    0.141  329.000    0.000  198.000    0.000   60.033    0.000 
  520 -651.690    0.109  332.000    0.000  197.000    0.000   60.033    0.000 
  521 -650.604    0.141  329.000    0.000  197.000    0.000   60.033    0.000 
  522 -651.037    0.094  329.000    0.000  197.000    0.000   60.033    0.000 
  523 -653.516    0.109  330.000    0.000  201.000    0.000   60.033    0.000 
  524 -659.104    0.078  331.000    0.000  202.000    0.000   60.033    0.000 
  525 -658.179    0.062  331.000    0.000  203.000    0.000   60.033    0.000 
  526 -655.693    0.047  330.000    0.000  204.000    0.000   60.033    0.000 
  527 -657.664    0.094  330.000    0.000  203.000    0.000   60.033    0.000 
  528 -660.068    0.062  334.000    0.000  202.000    0.000   60.033    0.000 
  529 -655.329    0.062  336.000    0.000  202.000    0.000   60.033    0.000 
  530 -654.634    0.016  337.000    0.000  202.000    0.000   60.033    0.000 
  531 -654.313    0.078  340.000    0.000  203.000    0.000   30.017    0.000 
  532 -652.095    0.094  344.000    0.000  201.000    0.000   30.017    0.000 
  533 -654.046    0.172  341.000    0.000  201.000    0.000   30.017    0.000 
  534 -652.469    0.031  341.000    0.000  200.000    0.000   30.017    0.000 
  535 -652.287    0.047  340.000    0.000  199.000    0.000   30.017    0.000 
  536 -649.999    0.078  343.000    0.000  200.000    0.000   30.017    0.000 
  537 -650.635    0.094  341.000    0.000  200.000    0.000 3604.000    0.000 
  538 -655.835    0.109  340.000    0.000  200.000    0.000 3604.000    0.000 
  539 -657.993    0.078  341.000    0.000  204.000    0.000 3604.000    0.000 
  540 -662.748    0.047  340.000    0.000  201.000    0.000 3604.000    0.000 
  541 -665.849    0.031  338.000    0.000  200.000    0.000 3604.000    0.000 
  542 -663.348    0.031  340.000    0.000  198.000    0.000 3604.000    0.000 
  543 -662.669    0.031  340.000    0.000  200.000    0.000 3604.000    0.000 
  544 -659.491    0.125  338.000    0.000  201.000    0.000 3604.000    0.000 
  545 -662.055    0.031  338.000    0.000  200.000    0.000 3604.000    0.000 
  546 -663.010    0.062  338.000    0.000  200.000    0.000 3604.000    0.000 
  547 -660.930    0.062  336.000    0.000  201.000    0.000 3604.000    0.000 
  548 -665.561    0.062  334.000    0.000  200.000    0.000 3604.000    0.000 
  549 -668.207    0.047  335.000    0.000  199.000    0.000 3604.000    0.000 
  550 -663.244    0.062  335.000    0.000  202.000    0.000   60.033    0.000 
  551 -661.166    0.078  336.000    0.000  204.000    0.000   60.033    0.000 
  552 -659.862    0.031  336.000    0.000  205.000    0.000   60.033    0.000 
  553 -669.713    0.094  332.000    0.000  203.000    0.000   60.033    0.000 
  554 -668.961    0.094  330.000    0.000  205.000    0.000   60.033    0.000 
  555 -671.747    0.109  331.000    0.000  205.000    0.000   60.033    0.000 
  556 -674.027    0.125  331.000    0.000  205.000    0.000   60.033    0.000 
  557 -674.035    0.016  330.000    0.000  205.000    0.000   60.033    0.000 
  558 -671.522    0.078  327.000    0.000  206.000    0.000 3604.000    0.000 
  559 -678.549    0.141  326.000    0.000  205.000    0.000 3604.000    0.000 
  560 -676.728    0.125  324.000    0.000  205.000    0.000 3604.000    0.000 
  561 -678.529    0.047  325.000    0.000  204.000    0.000 3604.000    0.000 
  562 -680.348    0.109  326.000    0.000  201.000    0.000    5.458    0.000 
  563 -678.236    0.062  324.000    0.000  202.000    0.000    5.458    0.000 
  564 -679.922    0.078  323.000    0.000  200.000    0.000    5.458    0.000 
  565 -677.045    0.109  322.000    0.000  204.000    0.000    6.003    0.000 
  566 -678.565    0.062  318.000    0.000  203.000    0.000    6.003    0.000 
  567 -678.236    0.047  317.000    0.000  203.000    0.000    6.003    0.000 
