    0  -32.106    0.000  317.000    0.000   56.000    0.000    1.000    0.000 
    1  -26.495    0.594  319.000    0.000   61.000    0.000    1.102    0.000 
    2  -23.232    0.516  320.000    0.000   65.000    0.000    1.101    0.000 
    3  -20.169    0.469  320.000    0.000   65.000    0.000    1.118    0.000 
    4  -20.567    0.531  320.000    0.000   67.000    0.000    1.193    0.000 
    5  -22.069    0.656  318.000    0.000   63.000    0.000    1.217    0.000 
    6  -25.839    0.547  313.000    0.000   65.000    0.000    1.196    0.000 
    7  -21.876    0.734  320.000    0.000   68.000    0.000    1.196    0.000 
    8  -24.257    0.500  314.000    0.000   63.000    0.000    1.247    0.000 
    9  -23.350    0.484  323.000    0.000   63.000    0.000    1.084    0.000 
   10  -27.453    0.453  318.000    0.000   64.000    0.000    1.131    0.000 
   11  -27.428    0.516  319.000    0.000   61.000    0.000    1.164    0.000 
   12  -26.435    0.406  317.000    0.000   63.000    0.000    1.113    0.000 
   13  -22.685    0.547  314.000    0.000   68.000    0.000    1.226    0.000 
   14  -23.143    0.453  319.000    0.000   71.000    0.000    1.191    0.000 
   15  -20.944    0.406  321.000    0.000   68.000    0.000    1.293    0.000 
   16  -26.971    0.422  320.000    0.000   69.000    0.000    1.306    0.000 
   17  -23.369    0.531  316.000    0.000   66.000    0.000    1.265    0.000 
   18  -20.218    0.469  318.000    0.000   68.000    0.000    1.271    0.000 
   19  -16.530    0.484  319.000    0.000   68.000    0.000    1.172    0.000 
   20  -17.102    0.562  313.000    0.000   66.000    0.000    1.220    0.000 
   21  -16.212    0.547  316.000    0.000   64.000    0.000    1.226    0.000 
   22  -19.295    0.688  318.000    0.000   63.000    0.000    1.279    0.000 
   23  -20.374    0.625  314.000    0.000   65.000    0.000    1.159    0.000 
   24  -13.418    0.609  321.000    0.000   67.000    0.000    1.210    0.000 
   25  -19.162    0.562  317.000    0.000   70.000    0.000    1.207    0.000 
   26  -14.265    0.609  320.000    0.000   70.000    0.000    1.281    0.000 
   27  -17.565    0.422  315.000    0.000   71.000    0.000    1.320    0.000 
   28  -11.271    0.438  321.000    0.000   73.000    0.000    1.439    0.000 
   29  -11.467    0.547  322.000    0.000   75.000    0.000    1.306    0.000 
   30  -17.675    0.469  314.000    0.000   69.000    0.000    1.340    0.000 
   31  -16.211    0.516  321.000    0.000   70.000    0.000    1.229    0.000 
   32  -11.491    0.562  321.000    0.000   72.000    0.000    1.308    0.000 
   33  -18.126    0.438  317.000    0.000   69.000    0.000    1.176    0.000 
   34  -11.572    0.641  318.000    0.000   72.000    0.000    1.138    0.000 
   35   -9.786    0.672  319.000    0.000   72.000    0.000    1.460    0.000 
   36  -12.727    0.547  318.000    0.000   72.000    0.000    1.106    0.000 
   37  -22.210    0.469  322.000    0.000   68.000    0.000    1.481    0.000 
   38  -15.519    0.547  321.000    0.000   72.000    0.000    1.094    0.000 
   39  -21.374    0.375  317.000    0.000   73.000    0.000    1.399    0.000 
   40  -14.401    0.297  320.000    0.000   76.000    0.000    1.417    0.000 
   41  -18.053    0.250  322.000    0.000   72.000    0.000    1.359    0.000 
   42  -17.019    0.406  324.000    0.000   73.000    0.000    1.056    0.000 
   43  -13.471    0.453  321.000    0.000   75.000    0.000    1.213    0.000 
   44  -14.195    0.469  321.000    0.000   72.000    0.000    1.168    0.000 
   45  -16.398    0.578  316.000    0.000   75.000    0.000    1.260    0.000 
   46  -13.484    0.484  317.000    0.000   72.000    0.000    1.064    0.000 
   47  -16.805    0.609  314.000    0.000   68.000    0.000    1.442    0.000 
   48  -18.394    0.500  316.000    0.000   72.000    0.000    1.142    0.000 
   49  -13.468    0.578  321.000    0.000   74.000    0.000    1.274    0.000 
   50  -20.223    0.500  317.000    0.000   68.000    0.000    1.183    0.000 
   51   -7.910    0.562  315.000    0.000   74.000    0.000    1.187    0.000 
   52  -10.878    0.484  320.000    0.000   73.000    0.000    1.460    0.000 
   53  -19.051    0.453  317.000    0.000   67.000    0.000    1.460    0.000 
   54  -19.748    0.625  317.000    0.000   67.000    0.000    1.486    0.000 
   55  -20.444    0.547  318.000    0.000   67.000    0.000    1.575    0.000 
   56  -22.565    0.438  318.000    0.000   67.000    0.000    1.575    0.000 
   57  -14.510    0.516  315.000    0.000   67.000    0.000    1.553    0.000 
   58  -16.917    0.719  313.000    0.000   66.000    0.000    1.531    0.000 
   59  -19.270    0.609  322.000    0.000   65.000    0.000    1.434    0.000 
   60  -14.328    0.672  315.000    0.000   67.000    0.000    1.617    0.000 
   61   -3.505    0.672  314.000    0.000   78.000    0.000    1.540    0.000 
   62  -15.647    0.547  319.000    0.000   67.000    0.000    1.453    0.000 
   63  -15.094    0.578  320.000    0.000   66.000    0.000    1.357    0.000 
   64   -8.566    0.562  316.000    0.000   69.000    0.000    1.434    0.000 
   65   -6.040    0.562  322.000    0.000   71.000    0.000    1.486    0.000 
   66   -7.220    0.625  322.000    0.000   76.000    0.000    1.453    0.000 
   67  -14.689    0.500  320.000    0.000   72.000    0.000    1.500    0.000 
   68   -7.596    0.438  318.000    0.000   73.000    0.000    1.404    0.000 
   69  -14.874    0.484  317.000    0.000   73.000    0.000    1.434    0.000 
   70  -11.223    0.625  311.000    0.000   73.000    0.000    1.699    0.000 
   71   -1.946    0.641  310.000    0.000   75.000    0.000    1.500    0.000 
   72   -7.968    0.609  317.000    0.000   71.000    0.000    1.500    0.000 
   73   -9.298    0.500  317.000    0.000   68.000    0.000    1.594    0.000 
   74   -4.713    0.531  317.000    0.000   78.000    0.000    1.655    0.000 
   75  -12.874    0.703  318.000    0.000   68.000    0.000    1.446    0.000 
   76  -14.086    0.516  319.000    0.000   71.000    0.000    1.446    0.000 
   77  -13.465    0.609  318.000    0.000   70.000    0.000    1.531    0.000 
   78  -14.283    0.641  317.000    0.000   68.000    0.000    1.473    0.000 
   79  -12.809    0.578  312.000    0.000   72.000    0.000    1.473    0.000 
   80  -10.237    0.484  319.000    0.000   72.000    0.000    1.531    0.000 
   81  -16.920    0.562  317.000    0.000   69.000    0.000    1.500    0.000 
   82  -10.350    0.469  319.000    0.000   72.000    0.000    1.500    0.000 
   83  -17.103    0.703  322.000    0.000   69.000    0.000    1.515    0.000 
   84  -15.280    0.469  320.000    0.000   70.000    0.000    1.727    0.000 
   85  -14.143    0.391  319.000    0.000   71.000    0.000    1.727    0.000 
   86  -22.436    0.562  321.000    0.000   68.000    0.000    1.616    0.000 
   87  -18.344    0.469  319.000    0.000   67.000    0.000    1.647    0.000 
   88  -20.402    0.625  317.000    0.000   68.000    0.000    1.571    0.000 
   89  -16.041    0.531  319.000    0.000   67.000    0.000    1.425    0.000 
   90  -12.381    0.453  320.000    0.000   70.000    0.000    1.599    0.000 
   91   -9.878    0.578  325.000    0.000   66.000    0.000    1.472    0.000 
   92   -9.832    0.625  321.000    0.000   71.000    0.000    1.564    0.000 
   93  -13.272    0.562  311.000    0.000   71.000    0.000    1.720    0.000 
   94  -16.032    0.562  323.000    0.000   68.000    0.000    1.521    0.000 
   95  -19.948    0.516  318.000    0.000   71.000    0.000    1.603    0.000 
   96  -18.126    0.516  317.000    0.000   69.000    0.000    1.506    0.000 
   97  -14.079    0.531  315.000    0.000   71.000    0.000    1.594    0.000 
   98  -14.696    0.641  314.000    0.000   67.000    0.000    1.434    0.000 
   99  -14.471    0.625  320.000    0.000   69.000    0.000    1.521    0.000 
  100  -16.949    0.516  317.000    0.000   69.000    0.000    1.578    0.000 
  101  -24.243    0.516  316.000    0.000   64.000    0.000    1.688    0.000 
  102  -21.151    0.469  320.000    0.000   64.000    0.000    1.647    0.000 
  103  -15.444    0.594  318.000    0.000   67.000    0.000    1.618    0.000 
  104   -8.655    0.656  320.000    0.000   73.000    0.000    1.911    0.000 
  105   -7.228    0.484  319.000    0.000   76.000    0.000    1.547    0.000 
  106  -14.644    0.516  322.000    0.000   72.000    0.000    1.757    0.000 
  107  -17.425    0.438  316.000    0.000   70.000    0.000    1.867    0.000 
  108  -12.277    0.562  318.000    0.000   72.000    0.000    1.972    0.000 
  109   -7.544    0.594  320.000    0.000   73.000    0.000    2.190    0.000 
  110   -9.831    0.562  316.000    0.000   72.000    0.000    1.911    0.000 
  111   -9.449    0.531  320.000    0.000   72.000    0.000    1.816    0.000 
  112   -5.661    0.594  314.000    0.000   72.000    0.000    1.930    0.000 
  113  -11.627    0.656  314.000    0.000   71.000    0.000    1.990    0.000 
  114  -11.749    0.469  314.000    0.000   73.000    0.000    2.233    0.000 
  115  -10.735    0.547  317.000    0.000   73.000    0.000    1.723    0.000 
  116  -16.314    0.469  319.000    0.000   71.000    0.000    1.471    0.000 
  117  -15.935    0.500  317.000    0.000   72.000    0.000    1.668    0.000 
  118  -13.771    0.562  319.000    0.000   71.000    0.000    1.626    0.000 
  119  -16.318    0.516  312.000    0.000   70.000    0.000    1.735    0.000 
  120  -12.831    0.562  316.000    0.000   69.000    0.000    1.735    0.000 
  121   -7.048    0.625  320.000    0.000   70.000    0.000    1.730    0.000 
  122  -12.452    0.531  316.000    0.000   75.000    0.000    1.781    0.000 
  123  -11.249    0.500  314.000    0.000   73.000    0.000    1.570    0.000 
  124   -9.222    0.672  321.000    0.000   74.000    0.000    1.570    0.000 
  125   -7.177    0.516  314.000    0.000   74.000    0.000    1.664    0.000 
  126  -10.223    0.578  313.000    0.000   70.000    0.000    1.465    0.000 
  127  -14.665    0.578  318.000    0.000   68.000    0.000    1.412    0.000 
  128  -10.665    0.578  317.000    0.000   74.000    0.000    1.484    0.000 
  129  -12.205    0.734  318.000    0.000   71.000    0.000    1.509    0.000 
  130  -18.095    0.500  316.000    0.000   69.000    0.000    1.486    0.000 
  131  -18.100    0.531  312.000    0.000   67.000    0.000    1.436    0.000 
  132  -16.486    0.672  311.000    0.000   66.000    0.000    1.526    0.000 
  133  -13.046    0.562  317.000    0.000   70.000    0.000    1.631    0.000 
  134  -12.302    0.578  312.000    0.000   72.000    0.000    1.282    0.000 
  135  -11.097    0.688  314.000    0.000   72.000    0.000    1.270    0.000 
  136  -16.496    0.547  313.000    0.000   72.000    0.000    1.438    0.000 
  137  -13.024    0.594  321.000    0.000   67.000    0.000    1.438    0.000 
  138  -15.651    0.609  318.000    0.000   68.000    0.000    1.438    0.000 
  139  -18.517    0.609  313.000    0.000   66.000    0.000    1.533    0.000 
  140  -20.885    0.516  310.000    0.000   65.000    0.000    1.533    0.000 
  141  -21.700    0.562  314.000    0.000   68.000    0.000    1.401    0.000 
  142  -17.690    0.578  321.000    0.000   69.000    0.000    1.414    0.000 
  143  -16.132    0.516  318.000    0.000   70.000    0.000    1.411    0.000 
  144  -19.388    0.609  317.000    0.000   68.000    0.000    1.266    0.000 
  145  -17.626    0.500  317.000    0.000   69.000    0.000    1.222    0.000 
  146  -14.280    0.531  319.000    0.000   74.000    0.000    1.222    0.000 
  147   -7.862    0.578  314.000    0.000   74.000    0.000    1.260    0.000 
  148  -14.083    0.531  314.000    0.000   72.000    0.000    1.260    0.000 
  149  -16.949    0.641  317.000    0.000   69.000    0.000    1.254    0.000 
  150   -5.732    0.547  314.000    0.000   76.000    0.000    1.395    0.000 
  151  -14.253    0.562  316.000    0.000   72.000    0.000    1.554    0.000 
  152  -12.864    0.547  317.000    0.000   72.000    0.000    1.474    0.000 
  153  -16.880    0.516  318.000    0.000   69.000    0.000    1.504    0.000 
  154  -12.439    0.484  319.000    0.000   73.000    0.000    1.504    0.000 
  155  -19.827    0.531  321.000    0.000   73.000    0.000    1.622    0.000 
  156  -15.534    0.516  320.000    0.000   72.000    0.000    1.622    0.000 
  157  -17.147    0.469  320.000    0.000   69.000    0.000    1.531    0.000 
  158   -9.790    0.469  318.000    0.000   73.000    0.000    1.274    0.000 
  159  -15.430    0.516  317.000    0.000   73.000    0.000    1.638    0.000 
  160  -12.625    0.469  319.000    0.000   70.000    0.000    1.540    0.000 
  161    4.342    0.578  324.000    0.000   77.000    0.000    1.441    0.000 
  162   -1.264    0.438  322.000    0.000   78.000    0.000    1.566    0.000 
  163   -4.157    0.656  314.000    0.000   77.000    0.000    1.309    0.000 
  164   -7.199    0.594  312.000    0.000   75.000    0.000    1.345    0.000 
  165  -11.289    0.641  315.000    0.000   72.000    0.000    1.628    0.000 
  166   -5.838    0.547  318.000    0.000   74.000    0.000    1.249    0.000 
  167   -9.272    0.531  316.000    0.000   69.000    0.000    1.484    0.000 
  168  -12.401    0.594  318.000    0.000   73.000    0.000    1.484    0.000 
  169  -11.373    0.531  312.000    0.000   72.000    0.000    1.697    0.000 
  170  -12.945    0.656  316.000    0.000   71.000    0.000    1.804    0.000 
  171  -11.146    0.453  317.000    0.000   72.000    0.000    1.772    0.000 
  172   -9.720    0.547  318.000    0.000   71.000    0.000    1.804    0.000 
  173   -8.139    0.516  311.000    0.000   70.000    0.000    1.837    0.000 
  174  -16.440    0.562  317.000    0.000   65.000    0.000    1.837    0.000 
  175  -16.500    0.594  319.000    0.000   68.000    0.000    1.759    0.000 
  176  -19.601    0.594  315.000    0.000   67.000    0.000    1.571    0.000 
  177  -16.959    0.562  317.000    0.000   70.000    0.000    1.699    0.000 
  178  -15.485    0.594  313.000    0.000   68.000    0.000    1.838    0.000 
  179  -12.750    0.391  322.000    0.000   69.000    0.000    1.667    0.000 
  180   -7.979    0.516  323.000    0.000   72.000    0.000    1.600    0.000 
  181   -5.312    0.500  325.000    0.000   70.000    0.000    1.460    0.000 
  182   -9.509    0.516  318.000    0.000   74.000    0.000    1.500    0.000 
  183   -7.078    0.578  323.000    0.000   74.000    0.000    1.524    0.000 
  184  -10.079    0.453  318.000    0.000   72.000    0.000    1.835    0.000 
  185   -1.830    0.625  322.000    0.000   74.000    0.000    1.757    0.000 
  186  -10.321    0.641  323.000    0.000   71.000    0.000    1.731    0.000 
  187  -10.240    0.547  320.000    0.000   74.000    0.000    1.705    0.000 
  188  -18.993    0.547  315.000    0.000   71.000    0.000    1.873    0.000 
  189  -17.379    0.500  321.000    0.000   72.000    0.000    1.646    0.000 
  190   -6.172    0.703  312.000    0.000   75.000    0.000    1.526    0.000 
  191   -5.321    0.531  320.000    0.000   77.000    0.000    1.459    0.000 
  192   -6.737    0.562  322.000    0.000   75.000    0.000    1.368    0.000 
  193   -4.496    0.594  322.000    0.000   80.000    0.000    1.459    0.000 
  194   -8.041    0.500  316.000    0.000   77.000    0.000    1.459    0.000 
  195   -8.777    0.453  321.000    0.000   78.000    0.000    1.486    0.000 
  196  -14.397    0.531  313.000    0.000   70.000    0.000    1.374    0.000 
  197  -15.826    0.547  318.000    0.000   72.000    0.000    1.391    0.000 
  198  -17.439    0.594  318.000    0.000   69.000    0.000    1.384    0.000 
  199  -15.799    0.703  319.000    0.000   69.000    0.000    1.384    0.000 
  200  -17.022    0.391  320.000    0.000   67.000    0.000    1.314    0.000 
  201  -18.504    0.547  313.000    0.000   71.000    0.000    1.183    0.000 
  202  -18.376    0.562  315.000    0.000   69.000    0.000    1.314    0.000 
  203  -21.507    0.531  317.000    0.000   68.000    0.000    1.238    0.000 
  204  -23.509    0.453  318.000    0.000   66.000    0.000    1.166    0.000 
  205  -21.465    0.422  323.000    0.000   68.000    0.000    1.216    0.000 
  206  -20.032    0.453  318.000    0.000   66.000    0.000    1.210    0.000 
  207  -24.328    0.516  319.000    0.000   65.000    0.000    1.166    0.000 
  208  -27.780    0.484  314.000    0.000   65.000    0.000    1.166    0.000 
  209  -30.275    0.500  316.000    0.000   64.000    0.000    1.216    0.000 
  210  -28.822    0.484  315.000    0.000   64.000    0.000    1.243    0.000 
  211  -26.294    0.609  314.000    0.000   62.000    0.000    1.336    0.000 
  212  -18.120    0.500  316.000    0.000   70.000    0.000    1.336    0.000 
  213  -20.694    0.469  320.000    0.000   71.000    0.000    1.304    0.000 
  214  -23.915    0.484  317.000    0.000   70.000    0.000    1.254    0.000 
  215  -20.913    0.375  319.000    0.000   72.000    0.000    1.242    0.000 
  216  -22.424    0.453  312.000    0.000   71.000    0.000    1.242    0.000 
  217  -23.977    0.469  318.000    0.000   71.000    0.000    1.242    0.000 
  218  -31.097    0.344  324.000    0.000   67.000    0.000    1.281    0.000 
  219  -28.510    0.312  320.000    0.000   66.000    0.000    1.250    0.000 
  220  -29.302    0.266  317.000    0.000   69.000    0.000    1.250    0.000 
  221  -23.399    0.406  321.000    0.000   70.000    0.000    1.329    0.000 
  222  -18.559    0.375  321.000    0.000   70.000    0.000    1.281    0.000 
  223  -19.429    0.344  315.000    0.000   72.000    0.000    1.250    0.000 
  224  -18.431    0.484  316.000    0.000   71.000    0.000    1.441    0.000 
  225  -19.026    0.453  319.000    0.000   72.000    0.000    1.334    0.000 
  226  -19.419    0.547  312.000    0.000   70.000    0.000    1.439    0.000 
  227  -15.432    0.484  321.000    0.000   71.000    0.000    1.377    0.000 
  228  -19.460    0.516  318.000    0.000   72.000    0.000    1.377    0.000 
  229  -14.275    0.562  316.000    0.000   73.000    0.000    1.289    0.000 
  230  -23.216    0.484  313.000    0.000   68.000    0.000    1.514    0.000 
  231  -18.647    0.422  314.000    0.000   75.000    0.000    1.720    0.000 
  232  -22.385    0.453  317.000    0.000   72.000    0.000    1.860    0.000 
  233  -25.653    0.516  312.000    0.000   71.000    0.000    1.789    0.000 
  234  -24.431    0.562  316.000    0.000   71.000    0.000    1.526    0.000 
  235  -21.867    0.391  323.000    0.000   72.000    0.000    1.651    0.000 
  236  -22.364    0.250  321.000    0.000   72.000    0.000    1.600    0.000 
  237  -19.542    0.406  317.000    0.000   75.000    0.000    1.691    0.000 
  238  -23.108    0.391  316.000    0.000   73.000    0.000    1.516    0.000 
  239  -21.380    0.406  316.000    0.000   72.000    0.000    1.565    0.000 
  240  -20.047    0.453  317.000    0.000   72.000    0.000    1.500    0.000 
  241  -20.253    0.656  319.000    0.000   74.000    0.000    1.580    0.000 
  242  -22.721    0.469  321.000    0.000   67.000    0.000    1.773    0.000 
  243  -20.711    0.453  320.000    0.000   73.000    0.000    1.564    0.000 
  244  -17.769    0.531  318.000    0.000   76.000    0.000    1.474    0.000 
  245  -20.207    0.438  318.000    0.000   73.000    0.000    1.541    0.000 
  246   -9.105    0.547  323.000    0.000   76.000    0.000    1.647    0.000 
  247  -15.407    0.562  321.000    0.000   72.000    0.000    1.424    0.000 
  248  -21.448    0.453  316.000    0.000   69.000    0.000    1.424    0.000 
  249  -15.516    0.469  318.000    0.000   72.000    0.000    1.684    0.000 
  250  -17.876    0.531  320.000    0.000   68.000    0.000    1.551    0.000 
  251  -19.514    0.484  319.000    0.000   71.000    0.000    1.491    0.000 
  252  -21.163    0.547  314.000    0.000   68.000    0.000    1.429    0.000 
  253  -17.680    0.531  314.000    0.000   70.000    0.000    1.429    0.000 
  254  -16.516    0.562  316.000    0.000   71.000    0.000    1.284    0.000 
  255  -18.427    0.609  317.000    0.000   66.000    0.000    1.374    0.000 
  256  -12.278    0.453  322.000    0.000   72.000    0.000    1.338    0.000 
  257  -18.762    0.516  321.000    0.000   70.000    0.000    1.345    0.000 
  258  -17.954    0.469  321.000    0.000   69.000    0.000    1.304    0.000 
  259  -15.686    0.469  319.000    0.000   71.000    0.000    1.377    0.000 
  260  -10.067    0.625  317.000    0.000   69.000    0.000    1.377    0.000 
  261  -17.704    0.516  318.000    0.000   69.000    0.000    1.370    0.000 
  262  -13.885    0.625  324.000    0.000   67.000    0.000    1.370    0.000 
  263  -22.351    0.500  318.000    0.000   69.000    0.000    1.460    0.000 
  264  -19.478    0.594  308.000    0.000   65.000    0.000    1.467    0.000 
  265  -22.907    0.484  311.000    0.000   65.000    0.000    1.422    0.000 
  266  -27.528    0.484  312.000    0.000   68.000    0.000    1.895    0.000 
  267  -27.290    0.547  319.000    0.000   66.000    0.000    1.803    0.000 
  268  -24.612    0.484  316.000    0.000   65.000    0.000    1.639    0.000 
  269  -29.354    0.406  316.000    0.000   64.000    0.000    1.444    0.000 
  270  -29.732    0.422  319.000    0.000   63.000    0.000    1.335    0.000 
  271  -23.340    0.469  315.000    0.000   65.000    0.000    1.343    0.000 
  272  -25.749    0.547  314.000    0.000   65.000    0.000    1.487    0.000 
  273  -32.974    0.453  321.000    0.000   68.000    0.000    1.319    0.000 
  274  -20.783    0.328  322.000    0.000   71.000    0.000    1.319    0.000 
  275  -20.679    0.328  319.000    0.000   68.000    0.000    1.377    0.000 
  276  -29.157    0.344  319.000    0.000   68.000    0.000    1.377    0.000 
  277  -27.414    0.484  318.000    0.000   67.000    0.000    1.464    0.000 
  278  -26.925    0.484  321.000    0.000   69.000    0.000    1.389    0.000 
  279  -27.292    0.641  318.000    0.000   68.000    0.000    1.504    0.000 
  280  -24.440    0.422  323.000    0.000   70.000    0.000    1.439    0.000 
  281  -23.218    0.406  315.000    0.000   68.000    0.000    1.356    0.000 
  282  -27.437    0.422  316.000    0.000   67.000    0.000    1.468    0.000 
  283  -22.601    0.453  321.000    0.000   69.000    0.000    1.387    0.000 
  284  -24.532    0.438  315.000    0.000   68.000    0.000    1.347    0.000 
  285  -23.199    0.391  314.000    0.000   66.000    0.000    1.343    0.000 
  286  -24.723    0.391  321.000    0.000   65.000    0.000    1.343    0.000 
  287  -23.311    0.375  321.000    0.000   64.000    0.000    1.347    0.000 
  288  -16.211    0.594  319.000    0.000   69.000    0.000    1.459    0.000 
  289  -15.170    0.484  312.000    0.000   68.000    0.000    1.376    0.000 
  290  -19.128    0.672  317.000    0.000   65.000    0.000    1.325    0.000 
  291  -15.130    0.609  320.000    0.000   68.000    0.000    1.319    0.000 
  292  -12.541    0.516  317.000    0.000   73.000    0.000    1.174    0.000 
  293  -16.781    0.531  313.000    0.000   67.000    0.000    1.293    0.000 
  294  -14.462    0.531  319.000    0.000   72.000    0.000    1.293    0.000 
  295  -19.162    0.625  317.000    0.000   70.000    0.000    1.231    0.000 
  296  -17.993    0.531  319.000    0.000   68.000    0.000    1.231    0.000 
  297  -20.479    0.531  317.000    0.000   69.000    0.000    1.314    0.000 
  298  -18.677    0.453  320.000    0.000   69.000    0.000    1.321    0.000 
  299  -20.961    0.500  320.000    0.000   64.000    0.000    1.321    0.000 
  300  -12.735    0.562  324.000    0.000   72.000    0.000    1.414    0.000 
  301  -12.028    0.625  322.000    0.000   70.000    0.000    1.391    0.000 
  302  -20.069    0.531  316.000    0.000   68.000    0.000    1.243    0.000 
  303  -20.054    0.516  317.000    0.000   71.000    0.000    1.323    0.000 
  304  -21.347    0.578  316.000    0.000   63.000    0.000    1.337    0.000 
  305  -14.339    0.453  325.000    0.000   66.000    0.000    1.274    0.000 
  306  -19.173    0.516  312.000    0.000   65.000    0.000    1.309    0.000 
  307  -26.731    0.594  318.000    0.000   65.000    0.000    1.254    0.000 
  308  -25.919    0.406  320.000    0.000   65.000    0.000    1.324    0.000 
  309  -17.431    0.625  316.000    0.000   66.000    0.000    1.339    0.000 
  310  -20.336    0.484  319.000    0.000   66.000    0.000    1.270    0.000 
  311  -26.315    0.594  311.000    0.000   60.000    0.000    1.247    0.000 
  312  -22.854    0.594  321.000    0.000   63.000    0.000    1.368    0.000 
  313  -22.815    0.422  316.000    0.000   66.000    0.000    1.280    0.000 
  314  -25.353    0.500  318.000    0.000   67.000    0.000    1.349    0.000 
  315  -25.544    0.500  318.000    0.000   65.000    0.000    1.361    0.000 
  316  -27.934    0.484  315.000    0.000   66.000    0.000    1.361    0.000 
  317  -26.595    0.422  316.000    0.000   69.000    0.000    1.383    0.000 
  318  -21.786    0.547  313.000    0.000   69.000    0.000    1.476    0.000 
  319  -20.901    0.469  317.000    0.000   70.000    0.000    1.370    0.000 
  320  -21.850    0.438  315.000    0.000   71.000    0.000    1.484    0.000 
  321  -15.983    0.562  319.000    0.000   72.000    0.000    1.464    0.000 
  322  -15.468    0.578  318.000    0.000   69.000    0.000    1.633    0.000 
  323  -18.611    0.516  317.000    0.000   70.000    0.000    1.504    0.000 
  324  -19.059    0.359  320.000    0.000   69.000    0.000    1.565    0.000 
  325  -24.884    0.547  321.000    0.000   68.000    0.000    1.632    0.000 
  326  -26.021    0.406  317.000    0.000   67.000    0.000    1.566    0.000 
  327  -22.231    0.391  314.000    0.000   70.000    0.000    1.945    0.000 
  328  -19.208    0.609  317.000    0.000   68.000    0.000    1.761    0.000 
  329  -16.677    0.531  315.000    0.000   74.000    0.000    1.794    0.000 
  330  -21.216    0.531  313.000    0.000   68.000    0.000    1.794    0.000 
  331  -15.886    0.469  317.000    0.000   70.000    0.000    1.794    0.000 
  332  -10.787    0.531  321.000    0.000   72.000    0.000    1.847    0.000 
  333   -6.934    0.453  320.000    0.000   76.000    0.000    1.883    0.000 
  334  -10.184    0.484  315.000    0.000   74.000    0.000    1.802    0.000 
  335   -9.497    0.578  316.000    0.000   73.000    0.000    1.733    0.000 
  336  -18.023    0.703  315.000    0.000   70.000    0.000    1.707    0.000 
  337  -11.833    0.531  317.000    0.000   77.000    0.000    1.761    0.000 
  338  -11.582    0.609  314.000    0.000   73.000    0.000    2.000    0.000 
  339  -13.998    0.719  318.000    0.000   69.000    0.000    1.620    0.000 
  340  -18.582    0.641  317.000    0.000   70.000    0.000    1.632    0.000 
  341  -19.799    0.531  317.000    0.000   70.000    0.000    1.554    0.000 
  342  -15.303    0.641  312.000    0.000   70.000    0.000    1.550    0.000 
  343  -16.023    0.672  315.000    0.000   69.000    0.000    1.707    0.000 
  344  -10.822    0.594  315.000    0.000   71.000    0.000    1.506    0.000 
  345   -6.941    0.656  319.000    0.000   72.000    0.000    1.585    0.000 
  346   -2.704    0.547  322.000    0.000   73.000    0.000    1.766    0.000 
  347   -7.199    0.562  316.000    0.000   77.000    0.000    1.810    0.000 
  348   -7.991    0.422  315.000    0.000   76.000    0.000    2.050    0.000 
  349   -5.311    0.453  316.000    0.000   78.000    0.000    1.951    0.000 
  350   -7.314    0.625  314.000    0.000   74.000    0.000    1.847    0.000 
  351  -14.766    0.484  317.000    0.000   66.000    0.000    1.652    0.000 
  352  -13.060    0.438  319.000    0.000   70.000    0.000    1.750    0.000 
  353   -9.683    0.547  322.000    0.000   75.000    0.000    1.750    0.000 
  354  -19.753    0.516  321.000    0.000   66.000    0.000    1.720    0.000 
  355  -21.762    0.484  318.000    0.000   65.000    0.000    1.893    0.000 
  356  -18.536    0.500  316.000    0.000   69.000    0.000    1.660    0.000 
  357  -23.114    0.562  316.000    0.000   68.000    0.000    1.750    0.000 
  358  -19.253    0.547  317.000    0.000   65.000    0.000    1.622    0.000 
  359  -14.858    0.531  319.000    0.000   68.000    0.000    1.891    0.000 
  360  -10.749    0.469  323.000    0.000   71.000    0.000    1.891    0.000 
