    0 0.000000 182.324155 0.000000 0.000000 0.000000 0.000000 0.000000
    1 1.339068 195.315928 2.003906 0.729800 0.000000 2.380644 0.363281
    2 1.562889 209.808480 1.792969 0.448477 0.000000 2.874045 0.364258
    3 1.225924 209.236335 2.085938 0.741535 0.000000 2.225555 0.369141
    4 1.380257 190.740950 1.757812 0.534783 0.000000 2.471281 0.382812
    5 1.106993 182.865773 1.535156 0.587066 0.000000 2.506798 0.413086
    6 1.368211 179.763671 1.906250 0.567687 0.000000 2.404209 0.361328
    7 1.556113 185.261874 1.769531 0.506523 0.000000 2.838200 0.363281
    8 1.177124 202.401679 2.066406 0.517377 0.000000 2.671059 0.347656
    9 1.070047 188.643551 2.332031 0.391344 0.000000 2.138240 0.359375
   10 1.514456 211.906348 2.050781 0.409838 0.000000 2.437394 0.338867
   11 1.302306 190.042273 2.242188 0.577124 0.000000 2.389837 0.345703
   12 1.473815 187.982732 2.007812 0.442336 0.000000 2.559954 0.348633
   13 1.548126 189.375930 1.777344 0.454929 0.000000 2.787464 0.376953
   14 1.160629 180.000384 2.109375 0.606582 0.000000 2.571046 0.338867
   15 1.388524 187.835066 2.003906 0.472484 0.000000 2.577595 0.343750
   16 1.335935 185.442721 2.101562 0.608774 0.000000 2.529692 0.318359
   17 1.212547 194.421328 1.921875 0.656909 0.000000 2.235604 0.364258
   18 1.351882 193.217506 1.933594 0.545260 0.000000 2.497022 0.366211
   19 1.303840 186.213444 1.714844 0.444144 0.000000 2.877795 0.365234
   20 1.470217 180.469748 1.664062 0.573415 0.000000 2.896596 0.371094
   21 1.562889 189.389534 1.554688 0.492877 0.000000 3.279687 0.321289
   22 1.438482 197.012772 1.625000 0.489626 0.000000 3.072244 0.369141
   23 1.187776 193.253663 1.968750 0.464667 0.000000 2.745658 0.311523
   24 1.548126 178.682590 1.714844 0.466543 0.000000 3.109855 0.336914
   25 1.222660 189.557217 1.980469 0.355427 0.000000 2.680043 0.333984
   26 1.240347 183.314050 2.144531 0.719471 0.000000 2.621615 0.317383
   27 1.276079 192.830721 1.816406 0.406623 0.000000 2.627247 0.385742
   28 1.475127 184.000384 1.601562 0.453989 0.000000 3.195324 0.327148
   29 1.255055 201.982732 2.109375 0.345138 0.000000 2.510500 0.348633
   30 1.353514 201.614958 1.789062 0.742768 0.000000 2.531057 0.380859
   31 1.160629 194.594978 1.902344 0.361297 0.000000 2.438743 0.374023
   32 1.276079 187.042273 2.070312 0.481825 0.000000 2.267686 0.380859
   33 1.579688 204.849614 1.843750 0.506222 0.000000 2.351334 0.399414
   34 1.522271 192.736644 2.101562 0.523800 0.000000 2.267320 0.365234
   35 1.343710 194.652692 2.046875 0.414514 0.000000 2.397148 0.365234
   36 1.419116 201.110613 1.937500 0.583963 0.000000 2.419195 0.377930
   37 1.092975 201.622005 1.703125 0.599962 0.000000 2.976811 0.339844
   38 1.135756 194.740950 2.031250 0.474028 0.000000 2.297280 0.384766
   39 1.249204 196.308076 1.746094 0.472452 0.000000 2.465057 0.363281
   40 1.375000 205.225161 1.640625 0.563718 0.000000 2.533733 0.388672
   41 1.163014 188.555939 1.785156 0.557451 0.000000 2.496360 0.382812
   42 1.257410 197.655930 2.066406 0.532340 0.000000 2.309417 0.357422
   43 1.164057 186.270654 1.773438 0.611169 0.000000 2.772764 0.343750
   44 1.237656 203.509695 2.039062 0.435281 0.000000 2.499115 0.348633
   45 1.329662 194.114116 1.949219 0.456714 0.000000 2.230174 0.382812
   46 1.163014 189.444828 1.890625 0.409952 0.000000 2.457357 0.366211
   47 1.176918 183.890550 2.035156 0.568022 0.000000 2.298957 0.375977
   48 1.132410 188.004108 1.773438 0.745525 0.000000 2.649178 0.372070
   49 1.711724 191.053015 1.566406 0.527124 0.000000 3.268761 0.337891
   50 2.131004 201.648971 1.878906 0.525745 0.000000 3.070202 0.342773
   51 1.612452 189.561679 1.507812 0.449335 0.000000 3.288611 0.343750
   52 1.163014 180.489892 1.980469 0.513427 0.000000 2.676743 0.350586
   53 1.257410 176.087995 1.867188 0.571602 0.000000 2.610086 0.358398
   54 1.160629 196.562327 1.800781 0.668858 0.000000 2.623904 0.351562
   55 1.151751 188.647383 2.070312 0.658181 0.000000 2.517160 0.362305
   56 1.315587 188.085440 1.882812 0.480732 0.000000 2.488605 0.350586
   57 1.465865 179.267266 1.902344 0.461133 0.000000 3.042391 0.334961
   58 1.339068 197.963191 1.742188 0.674604 0.000000 3.001978 0.348633
   59 1.426437 206.857226 1.652344 0.617927 0.000000 3.117736 0.347656
   60 1.091335 189.555939 1.992188 0.498019 0.000000 2.448699 0.379883
   61 1.355669 180.112772 2.039062 0.564832 0.000000 2.623008 0.356445
   62 1.636734 200.719574 2.019531 0.461489 0.000000 2.876048 0.302734
   63 1.380257 191.263542 1.753906 0.493232 0.000000 3.100064 0.325195
   64 1.252775 185.529885 2.023438 0.600174 0.000000 2.408335 0.344727
   65 1.380257 184.816819 1.808594 0.577369 0.000000 2.563767 0.382812
   66 1.556113 188.630289 1.492188 0.478341 0.000000 3.331963 0.336914
   67 1.432581 202.437549 1.542969 0.656022 0.000000 3.538052 0.305664
   68 1.333333 182.592948 1.714844 0.396834 0.000000 3.215261 0.332031
   69 1.384931 193.140627 1.777344 0.432818 0.000000 2.993105 0.347656
   70 1.146563 192.545205 1.867188 0.585681 0.000000 2.415519 0.408203
   71 1.257410 180.223883 2.035156 0.406333 0.000000 2.070976 0.416016
   72 1.361560 182.223883 1.898438 0.605472 0.000000 2.630356 0.353516
   73 1.263286 193.442721 2.019531 0.549344 0.000000 2.384994 0.368164
   74 1.252775 189.550829 1.917969 0.507870 0.000000 2.436598 0.394531
   75 1.160629 186.202939 2.390625 0.534005 0.000000 2.221430 0.320312
   76 1.230325 186.995274 2.367188 0.406549 0.000000 2.297306 0.332031
   77 1.148442 211.887104 1.812500 0.563321 0.000000 2.604382 0.352539
   78 1.038291 202.691396 2.011719 0.485446 0.000000 2.165600 0.403320
   79 1.237656 186.653771 1.816406 0.543862 0.000000 2.361189 0.399414
   80 1.276079 197.533501 2.089844 0.444792 0.000000 2.481627 0.323242
   81 1.164057 198.523802 2.093750 0.606123 0.000000 2.477562 0.367188
   82 1.303840 198.231639 2.117188 0.424723 0.000000 2.154243 0.377930
   83 1.236694 195.565921 1.996094 0.633512 0.000000 2.334402 0.394531
   84 1.160629 184.636544 1.710938 0.492590 0.000000 2.404403 0.411133
   85 1.068393 189.557217 1.761719 0.657195 0.000000 2.479741 0.360352
   86 1.230325 184.418773 2.066406 0.469025 0.000000 2.303511 0.365234
   87 1.098127 192.322677 1.835938 0.605191 0.000000 2.410689 0.365234
   88 1.338111 192.340104 2.390625 0.421182 0.000000 2.179786 0.333984
   89 1.101371 185.667050 2.015625 0.442625 0.000000 2.237582 0.360352
   90 1.135292 186.142049 2.140625 0.473033 0.000000 2.138781 0.346680
   91 1.335935 206.492043 2.148438 0.465905 0.000000 2.203970 0.360352
   92 1.073807 181.459424 2.093750 0.511843 0.000000 2.263836 0.350586
   93 1.233171 193.474068 2.156250 0.444111 0.000000 2.240392 0.344727
   94 1.351882 186.947752 2.089844 0.538950 0.000000 2.692188 0.326172
   95 1.465865 171.238441 1.675781 0.345271 0.000000 3.275545 0.295898
   96 1.160629 190.277270 2.089844 0.634685 0.000000 2.286138 0.346680
   97 1.160629 177.027058 1.972656 0.479876 0.000000 2.445966 0.340820
   98 1.177124 188.699931 2.058594 0.587626 0.000000 2.441212 0.364258
   99 1.163014 181.421328 1.910156 0.492025 0.000000 2.616648 0.340820
  100 1.143544 181.667050 1.781250 0.375095 0.000000 2.456696 0.370117
  101 1.163014 191.127864 2.167969 0.426402 0.000000 2.304346 0.361328
  102 1.257410 186.597829 2.375000 0.482066 0.000000 2.236448 0.341797
  103 1.465865 188.105647 1.789062 0.501350 0.000000 2.679763 0.384766
  104 1.433587 187.688319 1.820312 0.597843 0.000000 2.982447 0.322266
  105 1.150521 194.991604 1.933594 0.582356 0.000000 2.581384 0.329102
  106 1.277016 190.809164 1.949219 0.432085 0.000000 2.458915 0.371094
  107 1.416931 202.476011 1.792969 0.508855 0.000000 2.467120 0.400391
  108 1.187776 203.263542 1.886719 0.557216 0.000000 2.546406 0.387695
  109 1.180281 191.452188 2.265625 0.532405 0.000000 2.191323 0.367188
  110 1.325825 194.007509 1.843750 0.466065 0.000000 2.400513 0.393555
  111 1.266073 189.146997 1.972656 0.591823 0.000000 2.419866 0.353516
  112 1.353514 188.897481 1.925781 0.427001 0.000000 2.150608 0.395508
  113 1.145087 192.536272 2.425781 0.744500 0.000000 2.104380 0.333984
  114 1.160629 191.163452 2.023438 0.533567 0.000000 2.298417 0.384766
  115 1.279681 190.901922 1.925781 0.404286 0.000000 2.614161 0.349609
  116 1.255055 191.572232 2.144531 0.426175 0.000000 2.305773 0.348633
  117 1.277204 196.972013 2.054688 0.436729 0.000000 2.236494 0.356445
  118 1.308906 184.091828 1.933594 0.541698 0.000000 2.430412 0.363281
  119 1.343710 204.631963 1.808594 0.450997 0.000000 2.577450 0.361328
  120 1.433587 179.769915 2.214844 0.502472 0.000000 2.449907 0.319336
  121 1.461763 185.513897 1.992188 0.437991 0.000000 2.568260 0.331055
  122 1.242730 187.087089 1.804688 0.580164 0.000000 2.775643 0.338867
  123 1.350926 208.716173 1.820312 0.519496 0.000000 2.635784 0.384766
  124 1.473815 188.105647 1.851562 0.515250 0.000000 2.493643 0.366211
  125 1.295408 191.031691 1.824219 0.347856 0.000000 3.267343 0.336914
  126 1.498717 196.825161 1.746094 0.529613 0.000000 2.816484 0.348633
  127 1.712511 189.601509 1.648438 0.591880 0.000000 2.907239 0.375977
  128 1.261062 177.206075 2.300781 0.508589 0.000000 2.417451 0.339844
  129 1.227262 195.485404 1.820312 0.488646 0.000000 2.664801 0.378906
  130 1.173231 195.586457 1.894531 0.446137 0.000000 2.928765 0.339844
  131 1.209581 189.913678 1.902344 0.495006 0.000000 2.383147 0.375000
  132 1.335935 185.158278 1.742188 0.813400 0.000000 2.600861 0.352539
  133 1.074968 186.939447 1.929688 0.440763 0.000000 2.779982 0.353516
  134 1.341641 188.091828 2.097656 0.608803 0.000000 2.301679 0.345703
  135 1.419116 177.970348 2.140625 0.638060 0.000000 2.221108 0.364258
  136 1.257410 181.548932 2.144531 0.531459 0.000000 2.286606 0.375000
  137 1.250000 188.971326 2.164062 0.476198 0.000000 2.478097 0.337891
  138 1.335935 176.222606 2.031250 0.375486 0.000000 2.526082 0.356445
  139 1.081665 192.715327 2.082031 0.440820 0.000000 2.306420 0.364258
  140 1.250503 197.898845 2.078125 0.592867 0.000000 2.465610 0.364258
  141 1.142687 189.493400 1.906250 0.499334 0.000000 2.648942 0.340820
  142 1.355669 198.254634 1.964844 0.616707 0.000000 2.580065 0.363281
  143 1.106993 181.518464 1.957031 0.442035 0.000000 2.631476 0.370117
  144 1.142857 193.836877 1.898438 0.410899 0.000000 2.592766 0.335938
  145 1.253896 187.649938 2.312500 0.571956 0.000000 2.545788 0.306641
  146 1.070489 180.114669 1.984375 0.402681 0.000000 2.478339 0.386719
  147 1.148824 176.584608 2.316406 0.438202 0.000000 2.406633 0.307617
  148 1.343710 189.552124 1.863281 0.492961 0.000000 2.663817 0.364258
  149 1.114259 185.045658 1.875000 0.567478 0.000000 2.584717 0.362305
  150 1.355669 185.257527 2.230469 0.566240 0.000000 2.256653 0.319336
  151 1.386750 192.973357 2.289062 0.449336 0.000000 2.417084 0.330078
  152 1.328281 201.963622 1.949219 0.457916 0.000000 2.368242 0.388672
  153 1.556113 194.886699 1.875000 0.440141 0.000000 2.668948 0.367188
  154 1.163014 215.687995 1.929688 0.419678 0.000000 2.709463 0.374023
  155 1.164057 182.532440 2.058594 0.512189 0.000000 2.354870 0.384766
  156 1.114259 192.647688 1.765625 0.501215 0.000000 2.363812 0.409180
  157 1.106133 195.902246 1.832031 0.602495 0.000000 2.245218 0.397461
  158 1.153001 194.105336 1.820312 0.426398 0.000000 2.382237 0.379883
  159 1.329662 194.631963 1.648438 0.441828 0.000000 2.483006 0.390625
  160 1.163014 192.505117 1.660156 0.542737 0.000000 2.586406 0.411133
  161 1.338111 194.559171 2.140625 0.467174 0.000000 2.440957 0.345703
  162 1.142177 192.444828 2.304688 0.532036 0.000000 2.304491 0.334961
  163 1.270352 190.000384 1.917969 0.432944 0.000000 2.570107 0.398438
  164 1.343710 197.902246 1.988281 0.447620 0.000000 2.510687 0.366211
  165 1.104986 209.812772 1.847656 0.495077 0.000000 2.686162 0.359375
  166 1.233171 178.259424 2.074219 0.575563 0.000000 2.322937 0.388672
  167 1.237656 180.251835 2.179688 0.673875 0.000000 2.371168 0.347656
  168 1.636364 185.153384 2.222656 0.495076 0.000000 2.617459 0.338867
  169 1.257410 187.411766 2.101562 0.547136 0.000000 2.404870 0.353516
  170 1.335935 186.803539 1.980469 0.421502 0.000000 2.456589 0.373047
  171 1.177124 175.640996 1.925781 0.450925 0.000000 2.360003 0.370117
  172 1.276079 186.298587 1.707031 0.664430 0.000000 2.722067 0.370117
  173 1.355669 198.457064 1.960938 0.476953 0.000000 2.670503 0.346680
  174 1.386750 191.487776 2.027344 0.463990 0.000000 2.623797 0.364258
  175 1.548126 188.316605 1.710938 0.615372 0.000000 2.922286 0.333984
  176 1.108051 193.253339 1.703125 0.650575 0.000000 2.937577 0.329102
  177 1.339068 198.480870 1.972656 0.996914 0.000000 2.626133 0.356445
  178 1.343710 212.425161 1.753906 0.441667 0.000000 2.606612 0.371094
  179 1.233171 181.747035 1.875000 0.567563 0.000000 2.367837 0.369141
  180 1.256706 203.463865 2.265625 0.530056 0.000000 2.231653 0.305664
  181 1.261886 195.649938 2.140625 0.555731 0.000000 2.293315 0.356445
  182 1.335935 203.779978 1.937500 0.468906 0.000000 2.245249 0.404297
  183 1.486946 192.736644 2.109375 0.622222 0.000000 2.089709 0.372070
  184 1.142687 185.199106 2.167969 0.513463 0.000000 2.289354 0.400391
  185 1.016930 199.053015 1.960938 0.663402 0.000000 2.496986 0.360352
  186 1.286876 197.849291 1.796875 0.574789 0.000000 2.529441 0.373047
  187 1.442221 190.106385 2.125000 0.395136 0.000000 2.583514 0.347656
  188 1.369932 203.463865 1.917969 0.559968 0.000000 2.503820 0.342773
  189 1.236694 200.144999 2.144531 0.420366 0.000000 1.906231 0.396484
  190 1.126185 192.691396 1.566406 0.564346 0.000000 2.659066 0.387695
  191 1.097725 195.351153 1.753906 0.467320 0.000000 2.599811 0.397461
  192 1.225924 203.990181 2.179688 0.501001 0.000000 2.202383 0.371094
  193 1.301319 200.176254 2.273438 0.332178 0.000000 2.226898 0.344727
  194 1.361560 198.218035 2.000000 0.369552 0.000000 2.887539 0.342773
  195 1.073807 188.042273 1.996094 0.388357 0.000000 2.386120 0.374023
  196 1.368211 194.342955 1.937500 0.427015 0.000000 2.292533 0.387695
  197 1.350858 191.703992 1.972656 0.410960 0.000000 2.130025 0.416992
  198 1.442221 195.668404 2.187500 0.412339 0.000000 1.990990 0.404297
  199 1.151086 205.651234 2.019531 0.439576 0.000000 1.987597 0.413086
  200 1.278275 203.372529 1.910156 0.466677 0.000000 2.438630 0.391602
  201 1.381484 215.150829 2.050781 0.482768 0.000000 2.572729 0.345703
  202 1.384931 187.192042 1.882812 0.351113 0.000000 3.095864 0.299805
  203 1.301319 205.914068 1.789062 0.597205 0.000000 2.890303 0.366211
  204 1.483888 211.604216 1.835938 0.469937 0.000000 2.701662 0.358398
  205 1.301319 207.267482 1.910156 0.419030 0.000000 2.464899 0.367188
  206 1.180281 177.777504 2.125000 0.399295 0.000000 2.330064 0.359375
  207 1.151086 197.398134 2.128906 0.412286 0.000000 2.317116 0.368164
  208 1.343710 185.715327 1.867188 0.577750 0.000000 2.397248 0.375977
  209 1.368211 195.604648 1.851562 0.314109 0.000000 2.813438 0.372070
  210 1.143544 186.493105 1.824219 0.413601 0.000000 2.630858 0.401367
  211 1.266073 197.343542 2.117188 0.441588 0.000000 2.249022 0.380859
  212 1.468051 194.466373 2.085938 0.565861 0.000000 2.405512 0.349609
  213 1.204159 183.202939 1.964844 0.519332 0.000000 2.319728 0.372070
  214 1.102822 198.061490 2.015625 0.451063 0.000000 2.342128 0.370117
  215 1.160629 180.872160 1.875000 0.464797 0.000000 2.372982 0.383789
  216 1.536902 194.667279 2.054688 0.549668 0.000000 2.617103 0.362305
  217 1.170721 204.281517 1.882812 0.553291 0.000000 2.369152 0.383789
  218 1.280720 217.426322 1.769531 0.516888 0.000000 2.613012 0.396484
  219 1.242730 201.877469 1.875000 0.570025 0.000000 2.684346 0.381836
  220 1.180281 185.091789 1.957031 0.437668 0.000000 2.575816 0.339844
  221 1.355213 198.681571 2.031250 0.646170 0.000000 2.560763 0.375977
  222 1.802776 195.165404 1.796875 0.678425 0.000000 3.001869 0.354492
  223 1.339068 183.297481 1.820312 0.562564 0.000000 2.971985 0.334961
  224 1.071429 194.298587 2.058594 0.460500 0.000000 2.347275 0.365234
  225 1.419116 187.099712 1.875000 0.596448 0.000000 2.590508 0.377930
  226 1.414214 178.087995 1.964844 0.420701 0.000000 2.847023 0.330078
  227 1.233171 193.085745 1.898438 0.492253 0.000000 2.591847 0.355469
  228 1.446481 208.424729 1.804688 0.492037 0.000000 2.306404 0.398438
  229 1.201850 189.838222 2.066406 0.507840 0.000000 2.596907 0.346680
  230 1.240347 187.536272 2.050781 0.444887 0.000000 2.547131 0.335938
  231 1.556113 189.368805 1.988281 0.473686 0.000000 2.704833 0.304688
  232 1.435552 188.352641 2.046875 0.428422 0.000000 2.671483 0.333984
  233 1.255055 187.782137 1.894531 0.560206 0.000000 2.689532 0.340820
  234 1.257410 180.421328 2.070312 0.695940 0.000000 2.326420 0.365234
  235 1.473815 193.553366 2.007812 0.406915 0.000000 2.792449 0.305664
  236 1.151086 190.803539 1.785156 0.532420 0.000000 2.544838 0.380859
  237 1.240347 176.588619 2.109375 0.459480 0.000000 2.248894 0.341797
  238 1.104986 206.152070 2.070312 0.445071 0.000000 2.232538 0.391602
  239 1.092975 187.134175 2.015625 0.417047 0.000000 2.416444 0.381836
  240 1.092975 208.475606 1.734375 0.518423 0.000000 2.484236 0.412109
  241 1.148824 182.678510 1.757812 0.510850 0.000000 2.653487 0.373047
  242 1.237656 191.793582 2.140625 0.509467 0.000000 2.258472 0.355469
  243 1.515438 206.137549 1.832031 0.422642 0.000000 2.972755 0.342773
  244 1.465865 190.375606 2.027344 0.311320 0.000000 2.812078 0.309570
  245 1.257410 180.668909 1.917969 0.559525 0.000000 2.772380 0.345703
  246 1.276079 188.736644 2.046875 0.391339 0.000000 2.525726 0.348633
  247 1.276079 178.087995 1.875000 0.498424 0.000000 2.798311 0.324219
  248 1.343710 194.516821 1.953125 0.460754 0.000000 2.982105 0.315430
  249 1.126185 195.509695 1.687500 0.529991 0.000000 2.996143 0.348633
  250 1.162476 207.042813 1.957031 0.605102 0.000000 2.258625 0.375000
  251 1.470217 203.925161 1.785156 0.527895 0.000000 2.703438 0.375977
  252 1.173231 197.325614 1.847656 0.627309 0.000000 2.563500 0.373047
  253 1.370008 193.297681 2.265625 0.594578 0.000000 2.243867 0.357422
  254 1.257410 185.709617 2.039062 0.397135 0.000000 2.469550 0.358398
  255 1.475127 196.220880 1.863281 0.503716 0.000000 2.720516 0.365234
  256 1.218227 195.882867 1.945312 0.406480 0.000000 2.654155 0.386719
  257 1.081665 185.937549 1.929688 0.635755 0.000000 2.431726 0.361328
  258 1.338111 201.253339 2.050781 0.671908 0.000000 2.844796 0.337891
  259 1.469453 198.004108 2.140625 0.731820 0.000000 2.626975 0.299805
  260 1.343710 185.439718 2.085938 0.586890 0.000000 2.597683 0.347656
  261 1.216261 195.532144 1.816406 0.765314 0.000000 2.612359 0.334961
  262 1.228848 191.186417 2.234375 0.483594 0.000000 2.249358 0.364258
  263 1.091335 200.176254 1.859375 0.675103 0.000000 2.253523 0.378906
  264 1.245682 187.140627 2.214844 0.448785 0.000000 2.294604 0.348633
  265 1.163586 186.111495 2.007812 0.402683 0.000000 2.433155 0.325195
  266 1.160629 194.141274 2.011719 0.353818 0.000000 2.481198 0.350586
  267 1.237656 208.597792 1.953125 0.557387 0.000000 2.721675 0.327148
  268 1.227294 199.898845 2.199219 0.445356 0.000000 2.583876 0.333984
  269 1.248529 190.779439 1.933594 0.515702 0.000000 2.242011 0.397461
  270 1.163586 204.513204 2.234375 0.431162 0.000000 2.300540 0.329102
  271 1.248447 192.529885 1.964844 0.559852 0.000000 2.354021 0.375977
  272 1.173231 198.671314 2.042969 0.429241 0.000000 2.215703 0.378906
  273 1.175266 193.730113 1.949219 0.493681 0.000000 2.371580 0.374023
  274 1.215610 196.937873 1.761719 0.606058 0.000000 2.506269 0.378906
  275 1.177124 195.788448 1.808594 0.594529 0.000000 2.415317 0.407227
  276 1.156407 180.159772 2.050781 0.620580 0.000000 2.612181 0.347656
  277 1.081665 186.865773 2.082031 0.485785 0.000000 2.346031 0.394531
  278 1.180281 179.890550 2.199219 0.484824 0.000000 2.210720 0.367188
  279 1.240347 182.980716 2.218750 0.572497 0.000000 2.608383 0.311523
  280 1.279681 215.911908 2.109375 0.580866 0.000000 2.242422 0.358398
  281 1.426437 185.635753 1.847656 0.673701 0.000000 2.977109 0.335938
  282 1.419116 196.322597 1.605469 0.719489 0.000000 2.943886 0.362305
  283 1.427153 201.128589 1.718750 0.563290 0.000000 2.860778 0.390625
  284 1.106993 198.165080 1.761719 0.467618 0.000000 2.784953 0.351562
  285 1.071429 192.662780 2.039062 0.426702 0.000000 2.309939 0.358398
  286 1.160629 187.042273 1.953125 0.568608 0.000000 2.542909 0.340820
  287 1.248529 185.987104 2.015625 0.557259 0.000000 2.657801 0.338867
  288 1.522271 193.165404 1.664062 0.557712 0.000000 2.901070 0.345703
  289 1.475127 184.231639 1.726562 0.483259 0.000000 3.017256 0.332031
  290 1.853455 203.947105 1.867188 0.604186 0.000000 2.980359 0.325195
  291 1.646434 204.112772 1.789062 0.602848 0.000000 2.880046 0.334961
  292 1.316711 184.863218 1.968750 0.522335 0.000000 2.664628 0.357422
  293 1.067322 204.149938 2.019531 0.441634 0.000000 2.563551 0.358398
  294 1.091335 202.549938 1.828125 0.520834 0.000000 2.241354 0.390625
  295 1.368211 196.425161 1.917969 0.591573 0.000000 2.656766 0.339844
  296 1.163586 203.544675 2.062500 0.516100 0.000000 2.578914 0.361328
  297 1.160629 197.779978 2.031250 0.512569 0.000000 2.356487 0.382812
  298 1.488624 192.631963 1.835938 0.500638 0.000000 2.641159 0.384766
  299 1.380257 182.753985 2.011719 0.511603 0.000000 2.458732 0.361328
  300 1.081665 185.289892 1.933594 0.407960 0.000000 2.567224 0.353516
  301 1.252775 189.518178 2.011719 0.458843 0.000000 2.419908 0.364258
  302 1.257410 195.025380 1.863281 0.448674 0.000000 2.573097 0.380859
  303 1.088564 187.890245 2.097656 0.545815 0.000000 2.340749 0.347656
  304 1.338771 188.973357 1.878906 0.381404 0.000000 2.386589 0.348633
  305 1.343710 201.806862 2.207031 0.433606 0.000000 2.324153 0.366211
  306 1.163014 184.940705 1.886719 0.470729 0.000000 2.774275 0.353516
  307 1.459927 208.499492 1.789062 0.848215 0.000000 2.532368 0.338867
  308 1.295408 200.437097 2.050781 0.412840 0.000000 2.500801 0.352539
  309 1.315587 201.245242 1.976562 0.688124 0.000000 2.534201 0.371094
  310 1.618477 212.887995 1.835938 0.451329 0.000000 2.343830 0.380859
  311 1.335935 184.976884 2.035156 0.621883 0.000000 2.408493 0.359375
  312 1.388524 188.824837 1.777344 0.481188 0.000000 2.680804 0.343750
  313 1.426437 182.318464 1.851562 0.809831 0.000000 2.692874 0.348633
  314 1.470217 179.258108 2.089844 0.634390 0.000000 2.799529 0.290039
  315 1.388524 194.222224 2.144531 0.668320 0.000000 2.606386 0.300781
  316 1.230769 194.129894 1.781250 0.653265 0.000000 2.639539 0.382812
  317 1.196843 175.689892 2.132812 0.575477 0.000000 2.159404 0.360352
  318 1.160629 190.054438 1.843750 0.408463 0.000000 2.711493 0.308594
  319 1.163014 183.979887 1.976562 0.595955 0.000000 2.488985 0.352539
  320 1.499333 188.444828 1.921875 0.549144 0.000000 2.705266 0.360352
  321 1.078164 200.319898 1.972656 0.570697 0.000000 2.418663 0.337891
  322 1.234560 189.261874 1.839844 0.509527 0.000000 2.520118 0.383789
  323 1.230769 189.860464 1.679688 0.572022 0.000000 2.501924 0.411133
  324 1.335935 206.872179 2.027344 0.462203 0.000000 2.592927 0.333984
  325 1.160629 185.270883 2.410156 0.434116 0.000000 2.397981 0.313477
  326 1.255055 184.227058 2.082031 0.644849 0.000000 2.318514 0.355469
  327 1.180281 185.156921 2.156250 0.546441 0.000000 2.416996 0.357422
  328 1.156407 181.931162 2.003906 0.551109 0.000000 2.374171 0.368164
  329 1.414214 198.920545 1.785156 0.581340 0.000000 2.840205 0.365234
  330 1.386750 221.350868 1.765625 0.391485 0.000000 2.614636 0.377930
  331 1.255055 183.402634 1.921875 0.552686 0.000000 2.777551 0.336914
  332 1.180281 196.386780 1.871094 0.403792 0.000000 2.513625 0.382812
  333 1.278275 188.328989 2.023438 0.507570 0.000000 2.461860 0.391602
  334 1.145087 185.110875 2.328125 0.406627 0.000000 2.460501 0.333008
  335 1.146563 189.647383 2.472656 0.466441 0.000000 2.049220 0.320312
  336 1.038291 196.977637 2.191406 0.600676 0.000000 2.289086 0.354492
  337 1.388524 208.375606 1.925781 0.536333 0.000000 2.622467 0.352539
  338 1.141360 201.518178 2.082031 0.461299 0.000000 2.814886 0.344727
  339 1.233171 183.674715 2.320312 0.392787 0.000000 2.142933 0.334961
  340 1.278275 182.418773 2.230469 0.673814 0.000000 2.149793 0.379883
  341 1.456022 193.758062 2.035156 0.574784 0.000000 2.554550 0.302734
  342 1.218227 200.931989 1.632812 0.448975 0.000000 2.644227 0.379883
  343 1.325825 189.849291 1.996094 0.471780 0.000000 2.396659 0.376953
  344 1.384931 197.651234 1.816406 0.381070 0.000000 2.761957 0.342773
  345 1.456022 182.753985 1.671875 0.674851 0.000000 3.266133 0.325195
  346 1.617215 195.882867 1.644531 0.612960 0.000000 3.176209 0.344727
  347 1.355213 195.299169 1.828125 0.406314 0.000000 3.303774 0.310547
  348 1.276079 182.707367 1.976562 0.487977 0.000000 2.855761 0.361328
  349 1.562889 193.481193 1.921875 0.388307 0.000000 2.907459 0.332031
  350 1.257410 185.946330 1.972656 0.427968 0.000000 2.590739 0.342773
  351 1.252775 190.421328 1.906250 0.368905 0.000000 2.484225 0.350586
  352 1.181513 187.241596 2.089844 0.517402 0.000000 2.320470 0.396484
  353 1.177124 200.062327 1.968750 0.611563 0.000000 2.478319 0.384766
  354 1.092975 215.087995 1.812500 0.468321 0.000000 2.403973 0.400391
  355 1.243964 190.250157 2.105469 0.524658 0.000000 2.250538 0.373047
  356 1.441383 208.921301 2.109375 0.570603 0.000000 2.312970 0.388672
  357 1.384931 178.376731 1.882812 0.522533 0.000000 2.484562 0.388672
  358 1.343710 188.381994 2.007812 0.610478 0.000000 2.642631 0.328125
  359 1.581139 195.749938 1.828125 0.627037 0.000000 2.637217 0.350586
  360 1.333333 185.728083 1.808594 0.549218 0.000000 2.851019 0.338867
  361 1.256706 183.871779 2.011719 0.535633 0.000000 2.458788 0.332031
  362 1.333333 191.937549 2.238281 0.550403 0.000000 2.295593 0.335938
  363 1.343710 185.708940 1.968750 0.374772 0.000000 2.420219 0.370117
  364 1.343710 179.630852 2.039062 0.505285 0.000000 2.602007 0.364258
  365 1.245682 189.564796 1.992188 0.497322 0.000000 2.662041 0.352539
  366 1.418983 194.937549 2.207031 0.400074 0.000000 2.071977 0.360352
  367 1.355669 174.465115 2.167969 0.571804 0.000000 2.383101 0.317383
  368 1.680697 187.025380 2.128906 0.554845 0.000000 2.580198 0.327148
  369 1.295408 194.274934 2.113281 0.562791 0.000000 2.712685 0.343750
  370 1.456022 182.105647 1.910156 0.446806 0.000000 2.786357 0.325195
  371 1.456022 199.091828 1.656250 0.718601 0.000000 3.392853 0.310547
  372 1.335935 194.386780 2.039062 0.551967 0.000000 2.628842 0.345703
  373 1.160629 187.006771 1.949219 0.565419 0.000000 2.499208 0.352539
  374 1.173231 192.324708 2.085938 0.537982 0.000000 2.356479 0.360352
  375 1.250000 186.058718 1.984375 0.456973 0.000000 2.387319 0.334961
  376 1.337281 217.413740 1.578125 0.492426 0.000000 3.069513 0.361328
  377 1.338111 203.707212 1.875000 0.575572 0.000000 2.521314 0.395508
  378 1.163586 181.409869 1.886719 0.610780 0.000000 2.605245 0.344727
  379 1.612452 193.277184 1.859375 0.475697 0.000000 2.520878 0.367188
  380 1.257410 203.091828 1.667969 0.565065 0.000000 3.251325 0.342773
  381 1.108051 196.727023 1.636719 0.500926 0.000000 2.544515 0.377930
  382 1.233171 174.139065 2.351562 0.611363 0.000000 2.492563 0.291992
  383 1.163014 198.492043 2.050781 0.574616 0.000000 2.624170 0.335938
  384 1.204159 201.295650 2.113281 0.643567 0.000000 2.329753 0.346680
  385 1.309953 184.931162 1.960938 0.539124 0.000000 2.406590 0.383789
  386 1.255055 186.811195 2.011719 0.450704 0.000000 2.553521 0.316406
  387 1.802776 184.625593 1.781250 0.521609 0.000000 2.700614 0.344727
  388 1.824829 201.162133 1.390625 0.383144 0.000000 3.789015 0.321289
  389 1.257410 186.919303 1.789062 0.518644 0.000000 2.912966 0.367188
  390 1.156407 176.114669 1.882812 0.631668 0.000000 2.418097 0.404297
  391 1.081665 199.060141 2.046875 0.444163 0.000000 2.384750 0.364258
  392 1.240347 191.055048 1.839844 0.617801 0.000000 2.478563 0.356445
  393 1.177124 185.277184 2.359375 0.475653 0.000000 2.380349 0.342773
  394 1.081665 195.890932 2.046875 0.492934 0.000000 2.364692 0.340820
  395 1.234560 200.951477 1.882812 0.551982 0.000000 2.514993 0.371094
  396 1.672772 187.600384 1.914062 0.390606 0.000000 2.767907 0.365234
  397 1.562889 187.779655 1.730469 0.430690 0.000000 3.221548 0.325195
  398 1.257410 182.348932 1.859375 0.446859 0.000000 2.762868 0.361328
  399 1.181513 194.351800 1.914062 0.597774 0.000000 2.301483 0.365234
  400 1.230325 198.886267 1.644531 0.486998 0.000000 2.499314 0.419922
  401 1.702939 199.998353 1.855469 0.426915 0.000000 2.547092 0.369141
  402 1.465865 181.190164 2.015625 0.759952 0.000000 2.775617 0.346680
  403 1.145087 193.373138 2.050781 0.508573 0.000000 2.510135 0.317383
  404 1.454545 207.912340 1.808594 0.449343 0.000000 2.689377 0.356445
  405 1.255055 178.766121 1.882812 0.614197 0.000000 2.492713 0.362305
  406 1.163014 183.402281 2.144531 0.507897 0.000000 2.342021 0.359375
  407 1.338771 186.931162 1.921875 0.568779 0.000000 2.470639 0.358398
  408 1.355669 203.399520 1.843750 0.421168 0.000000 2.598989 0.363281
  409 1.078164 198.832610 2.175781 0.462135 0.000000 2.670983 0.339844
  410 1.100505 187.680340 2.312500 0.656025 0.000000 2.159140 0.331055
  411 1.335935 179.606075 2.085938 0.552164 0.000000 2.271253 0.394531
  412 1.031220 201.401248 1.660156 0.565926 0.000000 2.676329 0.366211
  413 1.132410 205.463218 1.703125 0.519930 0.000000 2.623231 0.374023
  414 1.361560 183.099712 2.039062 0.569258 0.000000 2.502348 0.392578
  415 1.109823 196.685964 1.804688 0.634328 0.000000 2.514518 0.385742
  416 1.152722 180.993996 1.882812 0.425731 0.000000 2.403305 0.368164
  417 1.456022 177.405789 1.792969 0.385340 0.000000 2.661275 0.374023
  418 1.335935 194.707367 1.835938 0.496042 0.000000 2.527095 0.350586
  419 1.335935 172.087995 2.105469 0.621895 0.000000 2.586102 0.296875
  420 1.386750 176.381994 2.097656 0.409022 0.000000 2.699864 0.296875
  421 1.323987 189.051835 2.308594 0.404402 0.000000 2.303413 0.357422
  422 1.544713 202.087995 2.152344 0.383509 0.000000 2.502059 0.335938
  423 1.181513 180.976884 1.738281 0.605804 0.000000 2.855489 0.326172
  424 1.380257 207.990181 1.953125 0.384256 0.000000 2.501930 0.378906
  425 1.221945 185.334613 1.679688 0.578382 0.000000 2.918798 0.364258
  426 1.400000 190.425161 1.804688 0.528731 0.000000 2.789342 0.343750
  427 1.160629 202.937873 1.921875 0.539762 0.000000 2.619362 0.367188
  428 1.231398 189.202939 1.953125 0.516876 0.000000 2.394024 0.390625
  429 1.236694 197.358602 2.300781 0.483386 0.000000 2.008236 0.358398
  430 1.581139 189.480330 2.089844 0.382956 0.000000 2.211113 0.398438
  431 1.456579 211.812772 1.937500 0.547778 0.000000 2.819636 0.335938
  432 1.326320 200.281517 1.937500 0.606255 0.000000 2.409773 0.395508
  433 1.351882 184.042273 1.972656 0.512574 0.000000 2.349903 0.359375
  434 1.178361 195.056740 2.105469 0.702490 0.000000 2.276260 0.376953
  435 1.400000 196.298521 1.761719 0.470790 0.000000 2.346976 0.377930
  436 1.355669 190.930100 1.773438 0.386143 0.000000 2.648963 0.371094
  437 1.596270 201.536686 1.769531 0.640317 0.000000 2.972483 0.324219
  438 1.465865 183.031691 1.835938 0.710862 0.000000 2.841142 0.345703
  439 1.470217 184.324708 2.007812 0.458956 0.000000 2.735050 0.352539
  440 1.278275 198.109371 1.964844 0.493193 0.000000 2.765615 0.294922
  441 1.114259 197.691720 2.175781 0.586532 0.000000 2.304744 0.368164
  442 1.343710 195.965350 1.894531 0.534136 0.000000 2.617430 0.340820
  443 1.343710 182.223883 2.167969 0.795991 0.000000 2.479869 0.356445
  444 1.335935 194.256794 1.917969 0.405752 0.000000 2.652222 0.325195
  445 1.236694 188.208945 2.031250 0.451613 0.000000 2.407632 0.355469
  446 1.664332 206.725161 2.125000 0.448533 0.000000 2.523389 0.351562
  447 1.488624 199.270667 2.269531 0.623949 0.000000 2.198589 0.374023
  448 1.435552 192.647688 2.089844 0.497367 0.000000 2.503105 0.350586
  449 1.234560 185.838222 1.902344 0.394744 0.000000 2.481926 0.369141
  450 1.375704 197.666942 2.062500 0.448897 0.000000 2.420307 0.370117
  451 1.163014 189.478090 2.320312 0.446477 0.000000 2.404158 0.324219
  452 1.556113 206.900384 1.945312 0.725468 0.000000 2.552545 0.356445
  453 1.603122 200.421436 2.250000 0.609344 0.000000 2.363468 0.337891
  454 1.380257 189.228885 1.726562 0.647666 0.000000 3.023280 0.333984
  455 1.221945 195.459843 1.828125 0.533163 0.000000 2.765870 0.345703
  456 1.255055 198.373879 2.035156 0.435208 0.000000 2.378888 0.363281
  457 1.308906 197.118397 1.910156 0.504919 0.000000 2.712298 0.332031
  458 1.350858 188.647383 2.101562 0.591294 0.000000 2.150942 0.359375
  459 1.581139 204.182030 2.027344 0.574519 0.000000 2.183221 0.385742
  460 1.295319 207.296956 1.828125 0.450233 0.000000 2.556828 0.375977
  461 1.335935 185.403758 1.730469 0.620213 0.000000 2.668900 0.381836
  462 1.343710 191.402634 1.839844 0.651021 0.000000 2.554384 0.368164
  463 1.175266 184.220880 1.742188 0.892782 0.000000 2.583222 0.362305
  464 1.295408 185.641409 1.542969 0.669000 0.000000 3.157906 0.319336
  465 1.419116 200.141274 1.773438 0.533881 0.000000 2.626063 0.381836
  466 1.473815 205.444810 1.699219 0.610092 0.000000 2.942029 0.338867
  467 1.370008 204.712772 1.882812 0.383948 0.000000 2.901675 0.348633
  468 1.255055 208.262327 1.761719 0.613127 0.000000 2.508762 0.408203
  469 1.257410 187.019755 1.937500 0.731739 0.000000 2.833351 0.364258
  470 1.153846 183.532440 1.882812 0.524625 0.000000 2.527382 0.350586
  471 1.218227 189.614350 1.921875 0.394352 0.000000 2.278317 0.403320
  472 1.414214 186.087995 1.718750 0.576804 0.000000 2.773910 0.370117
  473 1.070489 192.653313 1.941406 0.517652 0.000000 2.528923 0.359375
  474 1.068748 185.255629 1.964844 0.538354 0.000000 2.150425 0.376953
  475 1.196843 191.990181 2.070312 0.490869 0.000000 2.542384 0.335938
  476 1.303840 193.579331 1.765625 0.458121 0.000000 2.693105 0.364258
  477 1.151086 191.319083 1.625000 0.706585 0.000000 2.765745 0.362305
  478 1.230325 194.917272 2.101562 0.478063 0.000000 2.249954 0.382812
  479 1.257410 191.951954 1.941406 0.482717 0.000000 2.449599 0.371094
  480 1.256706 194.579007 1.937500 0.645449 0.000000 2.528410 0.393555
  481 1.177124 188.037316 1.632812 0.543323 0.000000 2.534713 0.402344
  482 1.233171 180.823264 1.738281 0.469938 0.000000 2.650243 0.354492
  483 1.335935 188.028316 1.914062 0.454167 0.000000 2.700391 0.362305
  484 1.227294 192.244533 1.964844 0.537009 0.000000 2.487661 0.353516
  485 1.333333 196.643551 2.093750 0.501099 0.000000 2.248007 0.356445
  486 1.257410 180.493105 2.386719 0.377563 0.000000 2.099939 0.326172
  487 1.151751 186.668328 2.140625 0.533730 0.000000 2.556464 0.347656
  488 1.355815 199.043136 1.949219 0.590943 0.000000 2.559800 0.352539
  489 1.163014 202.772853 2.101562 0.583792 0.000000 2.135976 0.356445
  490 1.250000 189.758494 1.976562 0.531058 0.000000 2.248071 0.381836
  491 1.153001 206.256794 2.203125 0.509550 0.000000 2.202293 0.382812
  492 1.143544 187.931162 1.812500 0.811238 0.000000 2.359610 0.404297
  493 1.343710 186.114116 1.914062 0.564240 0.000000 2.510925 0.389648
  494 1.465865 195.600060 1.949219 0.601738 0.000000 2.669065 0.341797
  495 1.240347 191.586457 2.042969 0.566672 0.000000 2.667137 0.328125
  496 1.163014 187.464124 2.000000 0.380368 0.000000 2.454286 0.371094
  497 1.315587 192.653313 1.894531 0.507913 0.000000 2.313977 0.361328
  498 1.160629 182.153384 2.152344 0.435725 0.000000 2.205617 0.362305
  499 1.177124 184.952860 1.964844 0.640829 0.000000 2.554053 0.354492
  500 1.470217 183.284271 1.914062 0.408034 0.000000 2.796205 0.330078
  501 1.550434 187.877469 1.792969 0.459582 0.000000 3.142687 0.326172
  502 1.548126 191.194392 1.601562 0.496948 0.000000 3.193984 0.336914
  503 1.270352 192.439718 2.078125 0.594279 0.000000 2.616485 0.333984
  504 1.201850 186.262999 1.761719 0.437770 0.000000 2.865323 0.333984
  505 1.070047 185.002281 1.734375 0.372580 0.000000 2.561716 0.364258
  506 1.151086 185.316605 2.242188 0.510664 0.000000 2.089038 0.387695
  507 1.150521 188.752107 1.953125 0.627494 0.000000 2.115146 0.387695
  508 1.070047 187.375606 2.441406 0.401582 0.000000 2.060296 0.346680
  509 1.350926 211.376574 2.285156 0.596232 0.000000 2.449839 0.336914
  510 1.499333 199.267266 1.761719 0.662714 0.000000 2.842364 0.372070
  511 1.339068 188.829441 1.773438 0.407140 0.000000 3.055522 0.336914
  512 1.343710 188.832286 1.921875 0.414130 0.000000 2.691128 0.355469
  513 1.278275 185.444828 2.054688 0.392699 0.000000 2.346387 0.336914
  514 1.270352 180.001661 1.812500 0.577772 0.000000 2.840805 0.360352
  515 1.151086 190.196551 1.828125 0.492127 0.000000 2.299539 0.398438
  516 1.233171 198.298521 2.171875 0.511096 0.000000 2.426871 0.353516
  517 1.114259 188.075840 2.273438 0.366081 0.000000 2.300794 0.359375
  518 1.605403 213.782462 2.121094 0.490073 0.000000 2.307229 0.362305
  519 1.277204 192.505117 2.316406 0.657171 0.000000 2.278344 0.336914
  520 1.473815 213.462327 2.355469 0.454098 0.000000 2.546060 0.326172
  521 1.388524 196.428562 2.000000 0.637073 0.000000 2.533632 0.371094
  522 1.255055 185.773052 2.066406 0.595200 0.000000 2.244802 0.372070
  523 1.073166 179.461321 1.976562 0.581284 0.000000 2.415195 0.367188
  524 1.184951 190.264495 2.152344 0.554393 0.000000 2.444103 0.359375
  525 1.256706 202.778143 1.789062 0.612873 0.000000 2.858743 0.333984
  526 1.386750 192.117469 1.687500 0.502774 0.000000 3.138005 0.359375
  527 1.279681 206.476443 1.617188 0.607231 0.000000 2.718775 0.365234
  528 1.338111 187.112772 1.902344 0.464064 0.000000 2.260718 0.391602
  529 1.270094 182.976884 2.359375 0.366517 0.000000 2.164519 0.322266
  530 1.233171 171.761079 2.023438 0.428651 0.000000 2.242343 0.359375
  531 1.270352 197.691720 2.089844 0.508227 0.000000 2.661919 0.320312
  532 1.233171 187.059424 2.074219 0.379646 0.000000 2.504955 0.357422
  533 1.256706 199.982732 1.925781 0.596600 0.000000 2.537330 0.355469
  534 1.160629 184.668328 1.964844 0.550577 0.000000 2.585298 0.337891
  535 1.638887 197.113636 1.906250 0.532629 0.000000 2.603903 0.349609
  536 1.500000 199.485404 1.957031 0.494351 0.000000 2.523467 0.378906
  537 1.150521 194.599259 1.777344 0.513782 0.000000 2.853937 0.355469
  538 1.361560 174.898806 1.972656 0.428540 0.000000 2.401120 0.394531
  539 1.270352 191.858899 1.789062 0.501390 0.000000 2.592506 0.388672
  540 1.081665 199.885242 1.703125 0.466928 0.000000 2.779385 0.372070
  541 1.257410 194.994759 2.054688 0.498664 0.000000 2.285855 0.375977
  542 1.162476 216.912772 1.886719 0.636812 0.000000 2.312709 0.402344
  543 1.151086 183.118464 2.175781 0.588400 0.000000 2.405101 0.340820
  544 1.148442 197.900384 1.527344 0.456582 0.000000 2.215185 0.439453
  545 1.335935 198.727023 1.554688 0.430736 0.000000 3.089547 0.354492
  546 1.100505 193.586198 1.691406 0.498413 0.000000 2.492641 0.386719
  547 1.236694 204.562327 2.085938 0.541970 0.000000 2.420944 0.365234
  548 1.256706 190.983379 1.996094 0.701958 0.000000 2.337342 0.373047
  549 1.163014 181.175606 1.941406 0.620449 0.000000 2.626429 0.364258
  550 1.335935 181.518178 2.304688 0.409562 0.000000 2.602466 0.309570
  551 1.163014 181.712772 2.250000 0.487915 0.000000 2.393779 0.312500
  552 1.426437 186.052407 1.972656 0.520941 0.000000 2.328025 0.396484
  553 1.143544 187.859624 1.929688 0.538884 0.000000 2.377084 0.373047
  554 1.156407 193.295650 1.964844 0.594109 0.000000 2.435376 0.347656
  555 1.233171 199.895121 2.101562 0.461584 0.000000 2.344444 0.362305
  556 1.328281 197.487995 1.687500 0.439930 0.000000 3.021728 0.354492
  557 1.388524 184.106385 1.656250 0.424507 0.000000 2.951405 0.358398
  558 1.343710 197.930748 2.117188 0.558111 0.000000 2.650868 0.342773
  559 1.163586 196.947752 1.773438 0.483971 0.000000 2.735891 0.331055
  560 1.473815 195.690532 1.941406 0.425543 0.000000 2.746440 0.348633
  561 1.236694 182.310217 2.175781 0.517917 0.000000 2.911464 0.310547
  562 1.456022 182.762765 1.757812 0.547981 0.000000 2.667352 0.371094
  563 1.240347 182.649938 1.648438 0.521178 0.000000 3.138823 0.333008
  564 1.470217 181.261874 2.144531 0.542431 0.000000 2.759927 0.323242
  565 1.073807 196.591823 2.148438 0.510637 0.000000 2.382005 0.329102
  566 1.101371 188.820897 1.890625 0.478415 0.000000 2.467353 0.335938
  567 1.160629 187.235972 2.195312 0.536846 0.000000 2.460714 0.378906
  568 1.156407 213.049938 1.941406 0.693094 0.000000 2.458336 0.343750
  569 1.486946 191.459843 2.156250 0.503901 0.000000 2.116635 0.363281
  570 1.204159 204.511045 1.785156 0.500649 0.000000 2.324627 0.375977
  571 1.201850 187.115022 2.109375 0.509746 0.000000 2.202058 0.371094
  572 1.338111 194.112772 1.800781 0.500325 0.000000 2.961602 0.322266
  573 1.416931 190.319898 1.746094 0.651891 0.000000 3.032695 0.305664
  574 1.278275 191.207820 1.957031 0.464890 0.000000 2.694150 0.348633
  575 1.270352 178.421328 1.882812 0.574989 0.000000 2.510568 0.378906
  576 1.380257 188.614311 1.859375 0.413131 0.000000 2.725405 0.375000
  577 1.454545 186.682590 1.863281 0.358673 0.000000 2.621836 0.355469
  578 1.163014 184.857593 1.839844 0.484240 0.000000 3.073317 0.331055
  579 1.078164 195.162003 1.945312 0.530968 0.000000 2.343052 0.367188
  580 1.335935 197.081465 2.035156 0.492498 0.000000 2.526983 0.365234
  581 1.153846 186.082371 1.667969 0.606742 0.000000 2.357593 0.414062
  582 1.380257 191.532144 2.082031 0.437676 0.000000 2.316988 0.381836
  583 1.306094 186.307662 2.140625 0.613833 0.000000 2.327035 0.355469
  584 1.276079 198.164054 1.773438 0.455329 0.000000 2.762582 0.365234
  585 1.419116 195.162003 2.078125 0.461648 0.000000 2.769636 0.338867
  586 1.256706 179.676059 1.871094 0.503958 0.000000 2.733930 0.304688
  587 1.255055 184.539447 2.000000 0.651934 0.000000 2.364495 0.337891
  588 1.081665 193.513897 2.121094 0.521445 0.000000 2.263818 0.347656
  589 1.325427 200.000384 2.121094 0.461784 0.000000 2.343103 0.361328
  590 1.295319 201.322975 2.058594 0.672021 0.000000 2.201187 0.341797
  591 1.308906 208.933285 2.164062 0.374774 0.000000 2.492167 0.364258
  592 1.073807 175.146819 2.441406 0.442616 0.000000 2.276365 0.306641
  593 1.295408 197.420789 2.207031 0.456465 0.000000 2.295780 0.348633
  594 1.388524 197.902246 1.976562 0.768011 0.000000 2.474985 0.336914
  595 1.092975 188.425161 1.859375 0.317450 0.000000 2.699755 0.370117
  596 1.355669 183.000384 1.937500 0.547259 0.000000 2.441773 0.353516
  597 1.338771 191.056740 2.183594 0.420824 0.000000 2.360760 0.339844
  598 1.209581 183.667050 1.917969 0.550981 0.000000 2.594193 0.355469
  599 1.368211 210.299492 1.871094 0.485464 0.000000 2.332315 0.392578
  600 1.156407 200.060062 1.988281 0.471752 0.000000 2.375144 0.387695
  601 1.123782 200.317900 2.007812 0.500501 0.000000 2.333917 0.378906
  602 1.196843 199.243627 1.921875 0.699881 0.000000 2.476053 0.340820
  603 1.465865 187.031691 2.011719 0.478140 0.000000 2.272303 0.383789
  604 1.221945 187.042273 2.035156 0.558141 0.000000 2.465754 0.389648
  605 1.088564 193.465468 1.968750 0.631729 0.000000 2.315780 0.383789
  606 1.335935 188.844752 1.847656 0.502043 0.000000 2.259483 0.378906
  607 1.255055 187.884918 1.867188 0.411961 0.000000 2.676120 0.351562
  608 1.386750 186.682590 1.996094 0.602100 0.000000 2.596559 0.333984
  609 1.418983 196.508273 2.046875 0.459026 0.000000 2.596253 0.357422
  610 1.355669 179.124155 2.257812 0.536734 0.000000 2.626887 0.341797
  611 1.163014 188.931162 2.320312 0.424736 0.000000 2.329136 0.350586
  612 1.343710 180.779439 1.656250 0.477819 0.000000 2.445428 0.407227
  613 1.278275 180.889273 1.925781 0.473240 0.000000 2.880292 0.342773
  614 1.465865 194.954878 2.082031 0.567789 0.000000 2.461577 0.327148
  615 1.338111 175.148932 2.062500 0.558187 0.000000 2.646923 0.347656
  616 1.081665 196.108492 2.257812 0.587668 0.000000 2.446458 0.360352
  617 1.257410 201.728083 2.039062 0.697810 0.000000 2.651086 0.350586
  618 1.335935 191.884620 1.968750 0.526917 0.000000 2.493622 0.360352
  619 1.480540 180.824837 1.867188 0.470700 0.000000 2.987957 0.319336
  620 1.257410 180.533269 1.585938 0.561878 0.000000 3.084161 0.352539
  621 1.257410 175.976884 2.027344 0.480399 0.000000 2.622356 0.327148
  622 1.067322 198.386780 1.789062 0.533747 0.000000 2.602878 0.383789
  623 1.562050 190.970201 1.929688 0.719803 0.000000 2.507399 0.367188
  624 1.351882 207.583056 1.894531 0.513827 0.000000 3.208514 0.302734
  625 1.151086 182.552726 1.937500 0.569654 0.000000 2.201782 0.413086
  626 1.562889 186.250157 2.117188 0.599608 0.000000 2.386258 0.349609
  627 1.384931 192.109371 1.707031 0.505806 0.000000 2.834084 0.377930
  628 1.081665 204.215336 2.019531 0.574802 0.000000 2.596405 0.333008
  629 1.230769 185.418773 1.617188 0.565367 0.000000 2.725677 0.378906
  630 1.548126 173.444828 2.136719 0.426224 0.000000 2.628246 0.336914
  631 1.416667 196.667590 2.019531 0.440233 0.000000 2.561830 0.334961
  632 1.652122 196.111477 1.929688 0.559821 0.000000 2.717174 0.362305
  633 1.286876 198.225161 1.750000 0.607944 0.000000 3.053440 0.300781
  634 1.516293 193.368805 1.664062 0.605994 0.000000 3.049396 0.361328
  635 1.416931 183.884163 2.050781 0.537113 0.000000 2.506605 0.345703
  636 1.480540 212.419169 2.234375 0.551848 0.000000 2.272490 0.353516
  637 1.500000 202.059817 2.375000 0.475334 0.000000 2.308879 0.316406
  638 1.180586 209.478626 1.902344 0.626097 0.000000 2.702408 0.379883
  639 1.326320 192.977637 1.738281 0.561995 0.000000 2.624724 0.365234
  640 1.564609 192.740950 2.277344 0.500424 0.000000 2.511267 0.338867
  641 1.562889 201.912772 1.988281 0.531662 0.000000 2.896562 0.340820
  642 1.355669 200.412772 1.617188 0.668795 0.000000 3.039305 0.349609
  643 1.465865 199.701599 1.503906 0.441195 0.000000 2.945343 0.390625
  644 1.338111 198.006008 2.000000 0.505251 0.000000 2.994730 0.296875
  645 1.562050 190.667590 2.144531 0.517065 0.000000 2.604494 0.335938
  646 1.406393 205.743973 1.839844 0.519787 0.000000 2.574144 0.368164
  647 1.465865 183.105107 1.988281 0.702558 0.000000 2.591289 0.350586
  648 1.465865 179.444828 1.917969 0.632703 0.000000 2.553111 0.342773
  649 1.473815 193.403758 1.910156 0.573591 0.000000 3.009732 0.309570
  650 1.918075 197.849291 1.765625 0.505215 0.000000 2.568480 0.397461
  651 1.355213 187.869605 1.777344 0.707015 0.000000 2.883944 0.355469
  652 1.386750 201.990505 2.171875 0.571923 0.000000 2.759688 0.318359
  653 1.270352 194.241841 1.546875 0.411311 0.000000 3.220060 0.354492
  654 1.078164 189.085440 2.265625 0.500722 0.000000 2.419290 0.345703
  655 1.712511 195.760222 1.820312 0.464536 0.000000 2.678222 0.358398
  656 1.556113 184.770888 1.652344 0.452425 0.000000 3.172597 0.350586
  657 1.473815 181.950610 1.628906 0.552593 0.000000 3.037073 0.341797
  658 1.295408 184.102948 1.542969 0.468095 0.000000 3.180592 0.350586
  659 1.578410 202.504244 1.542969 0.543845 0.000000 3.229817 0.346680
  660 1.257410 182.865773 1.972656 0.602415 0.000000 2.645666 0.355469
  661 1.343710 177.444828 1.886719 0.498904 0.000000 2.749689 0.344727
  662 1.361560 193.456688 2.238281 0.388684 0.000000 2.345227 0.328125
  663 1.442221 205.032394 2.000000 0.486211 0.000000 2.371003 0.368164
  664 1.180281 179.889273 1.941406 0.494997 0.000000 2.719671 0.352539
  665 1.250503 191.102867 1.863281 0.670402 0.000000 2.381596 0.356445
  666 1.067187 188.509048 1.851562 0.604513 0.000000 2.405540 0.384766
  667 1.277204 185.325614 1.976562 0.612228 0.000000 2.291138 0.377930
  668 1.151086 183.976884 2.105469 0.454841 0.000000 2.383239 0.356445
  669 1.257410 190.033941 1.894531 0.489503 0.000000 2.455439 0.367188
  670 1.160629 184.065115 2.203125 0.475549 0.000000 2.131476 0.377930
  671 1.388524 173.867012 2.347656 0.470691 0.000000 2.302288 0.329102
  672 1.386750 187.998353 1.832031 0.427639 0.000000 2.881454 0.335938
  673 1.261062 175.402281 1.824219 0.505617 0.000000 2.481089 0.375000
  674 1.174440 186.537769 2.214844 0.433680 0.000000 2.475449 0.325195
  675 1.240347 197.877469 1.867188 0.412386 0.000000 2.522758 0.362305
  676 1.276079 191.967732 2.035156 0.432681 0.000000 2.486162 0.318359
  677 1.255055 183.557217 2.203125 0.468066 0.000000 2.298839 0.341797
  678 1.355669 189.946330 2.046875 0.468753 0.000000 2.294952 0.387695
  679 1.233171 190.784549 2.339844 0.628171 0.000000 2.318085 0.334961
  680 1.156407 195.666942 1.812500 0.540012 0.000000 3.103399 0.359375
  681 1.257410 197.239682 1.871094 0.445910 0.000000 2.814677 0.358398
  682 1.435552 200.112772 2.050781 0.572570 0.000000 2.488186 0.362305
  683 1.081665 183.935652 2.175781 0.714976 0.000000 2.391855 0.385742
  684 1.426437 195.027411 2.171875 0.367633 0.000000 2.238062 0.365234
  685 1.150521 205.131071 2.152344 0.559791 0.000000 2.510594 0.328125
  686 1.252775 187.902246 1.691406 0.438563 0.000000 2.960910 0.340820
  687 1.236694 189.202939 2.207031 0.470973 0.000000 2.389091 0.340820
  688 1.380257 180.381994 2.148438 0.437450 0.000000 2.354058 0.348633
  689 1.388524 190.160315 2.109375 0.507719 0.000000 2.264008 0.369141
  690 1.548126 197.931126 2.160156 0.788872 0.000000 2.783264 0.340820
  691 1.089870 184.798487 1.828125 0.546128 0.000000 2.872400 0.358398
  692 1.081665 193.419536 2.183594 0.525484 0.000000 2.204592 0.357422
  693 1.170721 195.583056 2.027344 0.532314 0.000000 2.566737 0.377930
  694 1.257410 199.148076 2.035156 0.803363 0.000000 2.460162 0.354492
  695 1.277204 192.924927 2.117188 0.682040 0.000000 2.336656 0.363281
  696 1.717701 199.091828 1.902344 0.447660 0.000000 2.815299 0.356445
  697 1.711724 193.606376 1.589844 0.702398 0.000000 3.663227 0.324219
  698 1.176918 198.691396 1.843750 0.492995 0.000000 2.922944 0.347656
  699 1.335935 184.538827 1.945312 0.522708 0.000000 2.500108 0.351562
  700 1.335935 186.371107 2.183594 0.603728 0.000000 2.412689 0.355469
  701 1.252775 186.594978 2.175781 0.431005 0.000000 2.401005 0.332031
  702 1.465865 177.754662 2.054688 0.366643 0.000000 2.572090 0.331055
  703 1.338111 186.865773 2.046875 0.408305 0.000000 2.637893 0.304688
  704 1.204037 196.990991 1.953125 0.523113 0.000000 2.422607 0.348633
  705 1.078164 196.987104 1.968750 0.591727 0.000000 2.407188 0.387695
  706 1.308906 201.007185 2.023438 0.614437 0.000000 2.240617 0.377930
  707 1.163586 182.373709 2.175781 0.516043 0.000000 2.366337 0.354492
  708 1.351882 194.358265 2.179688 0.552001 0.000000 2.218095 0.367188
  709 1.605609 209.162327 1.875000 0.419714 0.000000 2.777645 0.339844
  710 1.261062 181.421328 2.000000 0.499851 0.000000 2.694324 0.337891
  711 1.257410 185.439718 2.167969 0.384208 0.000000 2.174753 0.360352
  712 1.091335 189.267266 1.992188 0.503652 0.000000 2.425582 0.353516
  713 1.135292 202.882003 1.796875 0.595815 0.000000 2.238741 0.393555
  714 1.171657 189.600060 1.765625 0.558187 0.000000 2.880773 0.337891
  715 1.456022 186.204178 2.101562 0.439852 0.000000 2.315063 0.364258
  716 1.253896 185.394692 2.511719 0.714083 0.000000 2.319983 0.293945
  717 1.163586 188.965701 2.230469 0.634446 0.000000 2.350095 0.372070
  718 1.261062 181.385292 2.101562 0.426642 0.000000 2.346753 0.374023
  719 1.335935 192.951477 1.671875 0.682935 0.000000 2.923860 0.338867
  720 1.473815 182.820051 1.828125 0.480320 0.000000 3.051995 0.300781
  721 1.562050 185.153384 1.914062 0.542977 0.000000 2.915028 0.324219
  722 1.480540 180.218035 1.714844 0.385780 0.000000 3.241181 0.319336
  723 1.350858 200.676965 1.878906 0.590913 0.000000 2.555913 0.372070
  724 1.333333 213.418305 2.199219 0.542839 0.000000 2.206176 0.369141
  725 1.250503 185.045658 2.101562 0.446808 0.000000 2.386758 0.383789
  726 1.088564 178.381994 2.058594 0.413148 0.000000 2.242327 0.382812
  727 1.261062 199.382840 2.058594 0.412898 0.000000 2.406231 0.349609
  728 1.175266 189.456416 1.968750 0.643904 0.000000 2.477294 0.384766
  729 1.234560 194.708400 1.824219 0.511430 0.000000 2.554914 0.367188
  730 1.160629 187.473590 1.843750 0.640801 0.000000 2.498147 0.390625
  731 1.612452 190.442165 1.925781 0.534975 0.000000 2.863466 0.357422
  732 1.160629 210.262894 1.757812 0.491083 0.000000 2.932795 0.336914
  733 1.088564 183.555939 2.152344 0.470503 0.000000 2.358670 0.343750
  734 1.343710 190.701056 1.929688 0.485981 0.000000 2.550147 0.366211
  735 1.163014 181.604216 1.894531 0.542704 0.000000 2.561187 0.369141
  736 1.236694 185.997228 1.894531 0.476013 0.000000 2.497085 0.368164
  737 1.457384 181.889273 1.984375 0.380386 0.000000 2.552555 0.333984
  738 1.091335 187.297481 1.917969 0.408734 0.000000 2.366734 0.392578
  739 1.236694 192.613225 2.085938 0.450261 0.000000 2.541084 0.372070
  740 1.343710 177.869605 1.781250 0.512201 0.000000 2.940269 0.331055
  741 1.456022 183.007185 2.000000 0.469039 0.000000 2.759003 0.306641
  742 1.419116 184.703287 1.863281 0.409933 0.000000 2.928894 0.294922
  743 1.156407 194.587323 2.132812 0.454095 0.000000 2.689561 0.333984
  744 1.146563 208.205512 2.125000 0.567153 0.000000 2.199865 0.386719
  745 1.257410 200.288966 2.093750 0.498036 0.000000 2.384358 0.361328
  746 1.225924 199.464124 2.367188 0.456381 0.000000 2.230835 0.344727
  747 1.250000 187.235972 2.210938 0.455959 0.000000 2.146377 0.348633
  748 1.163586 181.222606 2.019531 0.500482 0.000000 2.328511 0.355469
  749 1.400000 188.334995 2.050781 0.461667 0.000000 2.254609 0.354492
  750 1.237656 185.459424 2.101562 0.514453 0.000000 2.353886 0.365234
  751 1.148824 183.655629 2.148438 0.465554 0.000000 2.275571 0.341797
  752 1.010858 188.444828 2.269531 0.518214 0.000000 2.191179 0.346680
  753 1.106993 183.315928 1.957031 0.498038 0.000000 2.272536 0.379883
  754 1.100505 202.090155 1.738281 0.646463 0.000000 2.854140 0.377930
  755 1.091335 191.223130 1.804688 0.575019 0.000000 2.216082 0.401367
  756 1.343710 185.169076 2.058594 0.535313 0.000000 2.351597 0.394531
  757 1.078164 184.493105 2.011719 0.524297 0.000000 2.726779 0.333984
  758 1.386750 183.459843 1.847656 0.435272 0.000000 2.803550 0.344727
  759 1.338111 188.744351 1.878906 0.664697 0.000000 2.888203 0.344727
  760 1.164057 185.333717 1.847656 0.431827 0.000000 2.655378 0.372070
  761 1.070047 189.001661 2.039062 0.395096 0.000000 2.359948 0.389648
  762 1.106993 201.011072 2.039062 0.633579 0.000000 2.362922 0.353516
  763 1.060342 205.961086 1.636719 0.494467 0.000000 2.719377 0.375977
  764 1.333333 184.159390 1.761719 0.352126 0.000000 2.743187 0.363281
  765 1.338111 189.042813 1.675781 0.444227 0.000000 2.896877 0.358398
  766 1.426437 181.614350 2.105469 0.604719 0.000000 2.783995 0.331055
  767 1.355669 209.348238 1.773438 0.627845 0.000000 3.553883 0.300781
  768 1.277204 181.778161 1.816406 0.420752 0.000000 2.919995 0.347656
  769 1.295408 189.838222 1.773438 0.640446 0.000000 2.737416 0.335938
  770 1.067322 197.688319 2.042969 0.487519 0.000000 2.496696 0.349609
  771 1.181513 189.403758 1.976562 0.378229 0.000000 2.359034 0.370117
  772 1.329662 188.660663 1.910156 0.607832 0.000000 2.428932 0.376953
  773 1.338111 192.778161 2.386719 0.523028 0.000000 2.337800 0.325195
  774 1.316711 185.761049 2.378906 0.494597 0.000000 2.255746 0.312500
  775 1.151086 185.759831 2.199219 0.458174 0.000000 2.368313 0.313477
  776 1.337038 191.223883 2.281250 0.412300 0.000000 2.271750 0.351562
  777 1.355815 188.412319 2.183594 0.526281 0.000000 2.383878 0.371094
  778 1.480540 193.081465 1.925781 0.679084 0.000000 2.367798 0.391602
  779 1.627882 198.218035 2.441406 0.575659 0.000000 2.282714 0.350586
  780 1.370054 186.922258 2.203125 0.661725 0.000000 2.533958 0.342773
  781 1.257410 180.480407 2.273438 0.665905 0.000000 2.379162 0.336914
  782 1.233171 188.647383 2.058594 0.431983 0.000000 2.518990 0.368164
  783 1.368211 195.351153 1.960938 0.334308 0.000000 2.597268 0.358398
  784 1.156407 191.078309 1.945312 0.692844 0.000000 2.595804 0.366211
  785 1.250000 192.568857 1.937500 0.549687 0.000000 2.298867 0.412109
  786 1.432164 208.824837 1.972656 0.439714 0.000000 2.111822 0.409180
  787 1.160629 188.192719 2.093750 0.512040 0.000000 2.193146 0.385742
  788 1.106993 183.411766 1.917969 0.500588 0.000000 2.374165 0.337891
  789 1.078164 189.048661 2.328125 0.669580 0.000000 2.219444 0.321289
  790 1.257410 185.410070 1.800781 0.553407 0.000000 2.581310 0.392578
  791 1.170721 192.281517 1.746094 0.611838 0.000000 2.574201 0.393555
  792 1.240347 218.065755 1.886719 0.465801 0.000000 2.602822 0.354492
  793 1.256706 191.666942 2.296875 0.440005 0.000000 2.525528 0.333984
  794 1.368211 181.153384 1.957031 0.410716 0.000000 2.586761 0.362305
  795 1.156407 183.199106 1.972656 0.442217 0.000000 2.284886 0.354492
  796 1.456022 185.820051 1.750000 0.492562 0.000000 2.529101 0.377930
  797 1.255055 198.342955 2.078125 0.392215 0.000000 2.254435 0.377930
  798 1.081665 184.758494 2.082031 0.400015 0.000000 2.567279 0.338867
  799 1.160629 201.684594 2.019531 0.697751 0.000000 2.453479 0.359375
  800 1.276079 194.336863 1.968750 0.513570 0.000000 2.651874 0.312500
  801 1.092975 178.122258 2.027344 0.631267 0.000000 2.559163 0.333984
  802 1.421510 188.323299 2.117188 0.420267 0.000000 2.319501 0.352539
  803 1.717701 179.439346 1.898438 0.366631 0.000000 3.062118 0.312500
  804 1.368211 189.270667 1.808594 0.368493 0.000000 2.799016 0.333984
  805 1.456022 185.779655 1.910156 0.418083 0.000000 2.451643 0.365234
  806 1.370054 201.253339 1.812500 0.604215 0.000000 2.804967 0.335938
  807 1.278275 194.621760 1.937500 0.523309 0.000000 2.452659 0.384766
  808 1.427153 202.917263 1.906250 0.405408 0.000000 2.718568 0.349609
  809 1.071078 193.073810 1.589844 0.456084 0.000000 2.634205 0.368164
  810 1.119846 187.026067 1.746094 0.433747 0.000000 2.473113 0.392578
  811 1.335935 180.334995 2.269531 0.582271 0.000000 2.229047 0.370117
  812 1.343710 191.222606 1.878906 0.471434 0.000000 2.701974 0.340820
  813 1.386750 188.727023 1.871094 0.484330 0.000000 2.539159 0.360352
  814 1.088564 180.032749 1.761719 0.522879 0.000000 2.642789 0.381836
  815 1.375704 182.375606 2.164062 0.516515 0.000000 2.214546 0.353516
  816 1.227743 180.882885 2.066406 0.473164 0.000000 2.463134 0.360352
  817 1.339068 189.112772 2.066406 0.537937 0.000000 2.278888 0.361328
  818 1.091335 185.085745 1.945312 0.529089 0.000000 2.503806 0.378906
  819 1.255055 207.809776 1.894531 0.469167 0.000000 2.429606 0.381836
  820 1.295408 203.760222 2.007812 0.550785 0.000000 2.437550 0.388672
  821 1.386750 172.291789 1.847656 0.616109 0.000000 2.581368 0.379883
  822 1.160629 185.307662 2.089844 0.610355 0.000000 2.633546 0.351562
  823 1.181513 202.066187 1.824219 0.582333 0.000000 2.385888 0.395508
  824 1.388524 196.755110 1.886719 0.481642 0.000000 2.525271 0.379883
  825 1.248447 193.085745 1.851562 0.498752 0.000000 2.425097 0.373047
  826 1.104986 204.111477 1.960938 0.593941 0.000000 2.422218 0.356445
  827 1.067187 177.333717 1.886719 0.476904 0.000000 2.480951 0.382812
  828 1.078164 185.802281 2.089844 0.437576 0.000000 2.421144 0.325195
  829 1.643753 202.972583 2.074219 0.560946 0.000000 2.452484 0.361328
  830 1.237656 183.647383 2.085938 0.569443 0.000000 2.515307 0.358398
  831 1.325427 212.037954 1.964844 0.565108 0.000000 2.566953 0.343750
  832 1.277204 196.210910 1.800781 0.585682 0.000000 2.589269 0.388672
  833 1.233171 181.828955 1.953125 0.512291 0.000000 2.622608 0.347656
  834 1.081665 202.562327 2.007812 0.661642 0.000000 2.267917 0.385742
  835 1.257410 183.973709 2.035156 0.446235 0.000000 2.269003 0.355469
  836 1.243904 187.543241 2.273438 0.463505 0.000000 2.140889 0.342773
  837 1.433587 181.878510 2.261719 0.573082 0.000000 2.591415 0.316406
  838 1.176918 195.565921 2.097656 0.512928 0.000000 2.341543 0.352539
  839 1.335935 176.800384 2.128906 0.292274 0.000000 2.356157 0.344727
  840 1.256706 183.643551 2.113281 0.444808 0.000000 2.441807 0.354492
  841 1.640342 189.333717 1.878906 0.587744 0.000000 2.502377 0.364258
  842 1.446481 210.060195 2.121094 0.602057 0.000000 2.344233 0.382812
  843 1.368211 200.214569 2.226562 0.756722 0.000000 2.174964 0.364258
  844 1.456022 199.604883 2.167969 0.511211 0.000000 2.397233 0.319336
  845 1.343710 191.572232 2.023438 0.457251 0.000000 2.520088 0.352539
  846 1.824829 191.135519 1.816406 0.556727 0.000000 2.806429 0.342773
  847 1.465865 189.533501 1.703125 0.549483 0.000000 3.202374 0.302734
  848 1.901916 193.010289 1.765625 0.442117 0.000000 2.867742 0.369141
  849 1.457384 187.368805 1.695312 0.417673 0.000000 3.524881 0.291016
  850 1.240347 190.451063 1.828125 0.530937 0.000000 2.816791 0.342773
  851 1.070047 197.109398 2.222656 0.707540 0.000000 2.145012 0.366211
  852 1.060053 186.731019 1.925781 0.524191 0.000000 2.337663 0.384766
  853 1.148442 208.887104 1.738281 0.570613 0.000000 2.375092 0.393555
  854 1.475127 190.702570 1.730469 0.500926 0.000000 2.832288 0.372070
  855 1.204159 192.849614 1.484375 0.549391 0.000000 2.997173 0.389648
  856 1.078164 191.529885 2.109375 0.461926 0.000000 2.262962 0.369141
  857 1.141360 199.784167 2.199219 0.395929 0.000000 2.140592 0.360352
  858 1.068393 190.643551 2.367188 0.574919 0.000000 2.095549 0.313477
  859 1.153846 183.918464 2.175781 0.485350 0.000000 2.112557 0.362305
  860 1.350858 197.838222 2.300781 0.463905 0.000000 2.190911 0.339844
  861 1.122256 199.551206 2.097656 0.453039 0.000000 2.577085 0.379883
  862 1.388524 194.476011 1.691406 0.550619 0.000000 3.043013 0.375000
  863 1.562889 196.800384 1.812500 0.578260 0.000000 2.872445 0.350586
  864 1.160629 206.681139 1.703125 0.455712 0.000000 3.203442 0.354492
  865 1.151086 195.439346 1.667969 0.499442 0.000000 2.753579 0.349609
  866 1.171303 194.930100 2.031250 0.564925 0.000000 2.256031 0.390625
  867 1.456022 185.277184 1.886719 0.461062 0.000000 2.825336 0.351562
  868 1.245682 198.740950 2.007812 0.588330 0.000000 2.340993 0.375977
  869 1.073807 194.238002 1.824219 0.524884 0.000000 2.426239 0.393555
  870 1.522271 181.744028 2.062500 0.567227 0.000000 2.680392 0.364258
  871 1.257410 194.631963 1.843750 0.635447 0.000000 2.815242 0.337891
  872 1.160629 192.460749 1.890625 0.704730 0.000000 2.560715 0.375000
  873 1.160629 197.240471 1.890625 0.640321 0.000000 2.334590 0.378906
  874 1.150521 211.897820 2.089844 0.800724 0.000000 2.315680 0.363281
  875 1.355669 199.102867 2.152344 0.637650 0.000000 2.092507 0.385742
  876 1.164057 185.044132 2.292969 0.687058 0.000000 2.051002 0.344727
  877 1.257410 190.639088 2.097656 0.611924 0.000000 2.545518 0.340820
  878 1.196843 185.456688 2.273438 0.700145 0.000000 2.422848 0.344727
  879 1.341641 196.621760 1.988281 0.359802 0.000000 2.392534 0.348633
  880 1.068393 200.004664 2.050781 0.480566 0.000000 2.232489 0.365234
  881 1.338111 212.362327 2.242188 0.459605 0.000000 2.530093 0.341797
  882 1.253896 186.815475 1.902344 0.523109 0.000000 2.582819 0.347656
  883 1.067187 181.884163 1.707031 0.496858 0.000000 2.668172 0.395508
  884 1.256706 217.512772 1.945312 0.715525 0.000000 2.278540 0.385742
  885 1.176918 190.414941 2.449219 0.449207 0.000000 2.154840 0.327148
  886 1.260572 185.937549 1.957031 0.560331 0.000000 2.209966 0.393555
  887 1.185114 195.439346 2.167969 0.522663 0.000000 2.312184 0.345703
  888 1.257410 201.267266 2.000000 0.445309 0.000000 2.172408 0.403320
  889 1.256706 193.334149 1.621094 0.701514 0.000000 2.598223 0.378906
  890 1.250000 199.402634 1.828125 0.592562 0.000000 2.555319 0.367188
  891 1.329662 186.001661 2.003906 0.577558 0.000000 2.143533 0.405273
  892 1.386750 195.782137 2.085938 0.519583 0.000000 2.334403 0.382812
  893 1.548126 181.902246 1.761719 0.460438 0.000000 3.123774 0.312500
  894 1.457384 186.848127 1.765625 0.566597 0.000000 2.925471 0.344727
  895 1.351882 185.263542 1.812500 0.423279 0.000000 3.167805 0.302734
  896 1.335935 187.439346 2.054688 0.397836 0.000000 2.541375 0.366211
  897 1.163014 193.297681 1.863281 0.527249 0.000000 2.271738 0.401367
  898 1.088564 191.547455 2.144531 0.393169 0.000000 2.295421 0.379883
  899 1.355669 197.626286 1.968750 0.467482 0.000000 2.735894 0.330078
  900 1.204159 194.046783 1.820312 0.532565 0.000000 2.508763 0.374023
  901 1.370054 189.179007 2.015625 0.362044 0.000000 2.533615 0.340820
  902 1.252775 189.897900 1.871094 0.442410 0.000000 2.461212 0.369141
  903 1.400000 202.105647 2.039062 0.711237 0.000000 2.472497 0.368164
  904 1.388524 181.667050 2.140625 0.441595 0.000000 2.445129 0.314453
  905 1.426437 187.890245 2.191406 0.520270 0.000000 2.604130 0.329102
  906 1.204159 198.063650 1.746094 0.407126 0.000000 2.690869 0.370117
  907 1.236694 184.375606 1.968750 0.407524 0.000000 2.658678 0.343750
  908 1.230769 192.779439 1.828125 0.519675 0.000000 2.349910 0.407227
  909 1.355815 186.054438 2.070312 0.384880 0.000000 2.412910 0.370117
  910 1.473815 198.900384 1.734375 0.493968 0.000000 3.261904 0.318359
  911 1.343710 188.757140 1.480469 0.458170 0.000000 3.031122 0.378906
  912 1.384931 188.639088 1.917969 0.460358 0.000000 2.738393 0.344727
  913 1.160629 183.640996 2.296875 0.619253 0.000000 2.507980 0.291016
  914 1.150521 194.775387 2.195312 0.542457 0.000000 2.176862 0.369141
  915 1.171657 190.491151 1.964844 0.461377 0.000000 2.328571 0.363281
  916 1.351882 201.138413 1.914062 0.498748 0.000000 2.556845 0.386719
  917 1.386750 195.263542 1.921875 0.460275 0.000000 2.541476 0.379883
  918 1.196843 195.565921 1.898438 0.382526 0.000000 2.701419 0.346680
  919 1.465865 188.165080 1.699219 0.596676 0.000000 2.815447 0.364258
  920 1.414214 196.834985 1.800781 0.495238 0.000000 3.282413 0.299805
  921 1.145087 186.604216 2.007812 0.514192 0.000000 2.925103 0.314453
  922 1.308560 201.509695 2.160156 0.446213 0.000000 2.425259 0.353516
  923 1.355213 201.034553 1.742188 0.610478 0.000000 2.731828 0.358398
  924 1.143544 178.807972 2.003906 0.431990 0.000000 2.491760 0.390625
  925 1.243964 187.896556 2.042969 0.589612 0.000000 2.310665 0.348633
  926 1.341641 195.877469 1.824219 0.457719 0.000000 2.353637 0.404297
  927 1.062795 194.863218 1.968750 0.471017 0.000000 2.309824 0.382812
  928 1.286876 203.188400 1.628906 0.499541 0.000000 2.430875 0.413086
  929 1.255055 194.526699 1.910156 0.406924 0.000000 2.524294 0.351562
  930 1.160629 190.007509 1.835938 0.598899 0.000000 2.802700 0.360352
  931 1.257410 183.446106 1.886719 0.505983 0.000000 2.685781 0.375000
  932 1.327782 205.053015 2.070312 0.293567 0.000000 2.511104 0.333008
  933 1.141360 189.980716 2.191406 0.574500 0.000000 2.256372 0.361328
  934 1.163014 180.684201 2.140625 0.372221 0.000000 2.312412 0.334961
  935 1.150521 189.555939 2.113281 0.513152 0.000000 2.203942 0.331055
  936 1.457384 189.073810 2.066406 0.439972 0.000000 2.431758 0.341797
  937 1.343710 193.474068 2.058594 0.538723 0.000000 2.667867 0.369141
  938 1.114259 203.058032 1.804688 0.502887 0.000000 2.873197 0.353516
  939 1.255055 193.902246 1.683594 0.530693 0.000000 2.817592 0.379883
  940 1.070489 190.072703 1.917969 0.531894 0.000000 2.430733 0.368164
  941 1.386750 206.725161 1.910156 0.785867 0.000000 2.477175 0.355469
  942 1.255055 192.411234 1.761719 0.750338 0.000000 2.507271 0.395508
  943 1.303840 187.810586 1.800781 0.403908 0.000000 2.730100 0.376953
  944 1.456022 201.614350 1.769531 0.517991 0.000000 2.428131 0.387695
  945 1.236694 198.775387 1.929688 0.544659 0.000000 2.258221 0.368164
  946 1.081665 194.995274 2.238281 0.424979 0.000000 2.485132 0.348633
  947 1.261886 197.958926 2.042969 0.454947 0.000000 2.369730 0.334961
  948 1.250000 192.141274 1.867188 0.430149 0.000000 2.582021 0.365234
  949 1.073807 197.965728 1.941406 0.533357 0.000000 2.442508 0.364258
  950 1.156407 173.967852 1.925781 0.657237 0.000000 2.411089 0.377930
  951 1.612452 189.666942 1.863281 0.446381 0.000000 2.731021 0.351562
  952 1.550434 199.315526 1.808594 0.592573 0.000000 3.245064 0.297852
  953 1.280625 183.467012 2.042969 0.542917 0.000000 2.470998 0.336914
  954 1.088564 177.206075 2.093750 0.439604 0.000000 2.459329 0.361328
  955 1.257410 189.709617 2.078125 0.465265 0.000000 2.457669 0.322266
  956 1.257410 184.199106 2.015625 0.781943 0.000000 2.671518 0.314453
  957 1.461763 179.992728 1.976562 0.511601 0.000000 2.528125 0.354492
  958 1.201850 193.249252 2.003906 0.525858 0.000000 2.507454 0.346680
  959 1.081665 186.971812 2.023438 0.544891 0.000000 2.254269 0.387695
  960 1.301319 197.263542 2.031250 0.522387 0.000000 2.354320 0.394531
  961 1.068748 191.270883 2.054688 0.465751 0.000000 2.420467 0.348633
  962 1.243904 196.028316 2.011719 0.485319 0.000000 2.317596 0.383789
  963 1.100505 193.322975 1.843750 0.656080 0.000000 2.369616 0.390625
  964 1.160629 185.444828 1.871094 0.593838 0.000000 2.382039 0.404297
  965 1.240347 188.042273 1.957031 0.615509 0.000000 2.284543 0.412109
  966 1.351882 185.697462 1.957031 0.620136 0.000000 2.826319 0.348633
  967 1.465865 185.583056 1.730469 0.692187 0.000000 3.055984 0.354492
  968 1.255055 178.463218 1.886719 0.617080 0.000000 2.903191 0.315430
  969 1.078164 184.536272 1.843750 0.490451 0.000000 2.478512 0.370117
  970 1.308560 200.649032 2.054688 0.574639 0.000000 2.294945 0.369141
  971 1.811077 216.812772 1.925781 0.422011 0.000000 2.313262 0.391602
  972 1.160629 180.668328 1.773438 0.439690 0.000000 2.896894 0.324219
  973 1.237656 203.982408 1.875000 0.427482 0.000000 2.406237 0.381836
  974 1.441383 194.886651 1.953125 0.534188 0.000000 2.480086 0.379883
  975 1.220149 215.690532 1.988281 0.450584 0.000000 2.346985 0.386719
  976 1.341641 202.112772 1.855469 0.588788 0.000000 2.254999 0.402344
  977 1.151017 195.782137 1.996094 0.400280 0.000000 2.175789 0.382812
  978 1.250503 198.068185 1.968750 0.566505 0.000000 2.477779 0.335938
  979 1.257410 183.294525 2.015625 0.608566 0.000000 2.407689 0.340820
  980 1.101136 174.089892 1.949219 0.489085 0.000000 2.716931 0.333984
  981 1.255055 185.073810 1.835938 0.596261 0.000000 2.753792 0.341797
  982 1.163014 181.891789 1.664062 0.476467 0.000000 2.550415 0.370117
  983 1.646434 184.100837 2.160156 0.722264 0.000000 2.661014 0.323242
  984 1.286239 206.500384 1.714844 0.583678 0.000000 3.019862 0.349609
  985 1.230769 185.838222 1.714844 0.375757 0.000000 3.136063 0.330078
  986 1.276079 198.265323 1.789062 0.473683 0.000000 2.671975 0.373047
  987 1.338111 185.758046 1.785156 0.580109 0.000000 2.679438 0.353516
  988 1.338111 192.597307 1.828125 0.525043 0.000000 2.460886 0.355469
  989 1.204159 189.159772 1.953125 0.677193 0.000000 2.403485 0.385742
  990 1.500000 194.587323 2.199219 0.494427 0.000000 2.402797 0.354492
  991 1.279681 207.925161 1.828125 0.505536 0.000000 2.356250 0.378906
  992 1.457384 193.245890 1.578125 0.462287 0.000000 3.005478 0.360352
  993 1.309953 178.512772 1.917969 0.480123 0.000000 2.455856 0.373047
  994 1.416931 206.562327 1.867188 0.522661 0.000000 2.788573 0.349609
  995 1.240347 187.344080 1.726562 0.378127 0.000000 2.705727 0.340820
  996 1.368211 191.849291 2.062500 0.463653 0.000000 2.362474 0.359375
  997 1.256444 198.112772 2.093750 0.584918 0.000000 2.621197 0.346680
  998 1.295319 208.395687 1.718750 0.585663 0.000000 2.561597 0.396484
  999 1.160629 196.000384 1.890625 0.490163 0.000000 2.726603 0.366211
 1000 1.343710 194.033941 2.125000 0.383862 0.000000 2.305718 0.362305
