    0 0.000000 -40.875845 0.000000 0.000000 0.000000 0.000000 0.000000
    1 1.265784 -27.380243 1.145117 0.889648 0.000000 2.999073 0.570312
    2 1.145995 -27.022451 1.072070 0.924422 0.000000 3.451246 0.505859
    3 1.493154 -34.554431 0.962500 0.662631 0.000000 3.086467 0.530273
    4 1.600781 -32.227990 1.052734 0.735016 0.000000 3.465543 0.506836
    5 2.378287 -20.686796 1.136523 0.777440 0.000000 3.445683 0.500000
    6 1.617914 -61.987673 1.065625 0.739510 0.000000 3.756266 0.492188
    7 1.412120 -44.820561 1.016211 0.766672 0.000000 3.550215 0.482422
    8 1.222222 -33.936782 0.956055 0.571928 0.000000 3.354107 0.486328
    9 1.699056 -35.935623 1.153711 0.886115 0.000000 3.311914 0.522461
   10 1.535613 -35.777424 0.919531 0.626676 0.000000 3.656728 0.467773
   11 1.351237 -37.217906 1.057031 0.739294 0.000000 3.455310 0.505859
   12 1.706984 -49.054181 0.999023 0.787620 0.000000 3.511315 0.512695
   13 1.660910 -41.861292 0.981836 0.816988 0.000000 4.342002 0.431641
   14 1.834758 -45.719616 0.917383 0.625705 0.000000 4.495536 0.410156
   15 1.068748 -32.065196 0.941016 0.903669 0.000000 3.858307 0.467773
   16 1.500000 -18.994526 1.127930 0.780715 0.000000 3.506042 0.492188
   17 1.509231 -32.105164 1.181641 0.785605 0.000000 3.048099 0.581055
   18 1.406930 -46.288537 1.166602 0.629718 0.000000 3.443776 0.565430
   19 1.386750 -44.270077 0.880859 0.982217 0.000000 3.642646 0.442383
   20 1.435552 -40.404340 1.033398 0.437681 0.000000 3.628118 0.522461
   21 1.600000 -48.984190 0.876563 1.003662 0.000000 4.322836 0.435547
   22 2.114033 -47.461876 0.941016 0.846949 0.000000 3.566075 0.486328
   23 1.806696 -49.515265 0.919531 1.021209 0.000000 4.194967 0.418945
   24 1.475287 -37.799616 1.052734 0.652416 0.000000 3.890515 0.494141
   25 2.144192 -39.441945 1.121484 0.594429 0.000000 4.122429 0.459961
   26 1.586582 -52.431695 0.943164 0.681211 0.000000 4.612396 0.442383
   27 2.252370 -51.958800 0.936719 0.849484 0.000000 4.899091 0.425781
   28 2.427061 -36.431982 0.919531 0.707978 0.000000 3.987799 0.455078
   29 1.910497 -58.069836 1.037695 0.620468 0.000000 4.146011 0.493164
   30 2.026298 -41.272456 0.964648 1.097165 0.000000 4.240359 0.449219
   31 1.261412 -36.498898 1.140820 0.898923 0.000000 3.759012 0.492188
   32 1.680697 -41.181434 1.091406 0.754410 0.000000 3.127213 0.549805
   33 1.259163 -20.372344 1.104297 0.571992 0.000000 2.969788 0.593750
   34 1.381484 -36.350062 1.093555 0.654960 0.000000 3.314874 0.539062
   35 1.406930 -33.626214 1.001172 1.063436 0.000000 3.580806 0.467773
   36 1.376042 -35.986154 1.074219 0.659817 0.000000 3.333768 0.508789
   37 1.362047 -30.104340 1.011914 0.886474 0.000000 3.329449 0.491211
   38 1.188432 -45.341773 1.067773 0.716864 0.000000 3.267260 0.539062
   39 1.223641 -38.591576 1.185938 0.718568 0.000000 3.281463 0.550781
   40 1.237656 -28.798369 0.994727 0.778245 0.000000 3.135374 0.520508
   41 1.309012 -20.149564 1.052734 0.782164 0.000000 3.339888 0.501953
   42 2.002576 -56.737673 1.007617 0.739005 0.000000 4.151717 0.459961
   43 1.617215 -51.853755 0.883008 1.223425 0.000000 3.938847 0.441406
   44 1.510589 -44.312896 0.981836 0.672369 0.000000 3.525137 0.480469
   45 1.341641 -26.708618 1.033398 0.901806 0.000000 3.463364 0.461914
   46 1.674906 -16.841684 1.072070 0.879201 0.000000 3.082852 0.480469
   47 1.237656 -28.400062 1.196680 0.879524 0.000000 3.162002 0.580078
   48 1.190080 -38.687469 1.173047 0.707876 0.000000 3.282521 0.546875
   49 1.380257 -42.627013 0.947461 0.877594 0.000000 3.352731 0.484375
   50 1.427153 -35.747303 0.988281 0.830969 0.000000 3.613222 0.481445
   51 1.338111 -25.425819 0.941016 0.747936 0.000000 3.082894 0.538086
   52 1.380670 -52.733795 1.095703 0.693001 0.000000 3.340007 0.515625
   53 1.554930 -46.705004 0.743359 0.978826 0.000000 3.443305 0.448242
   54 1.141564 -41.343302 0.956055 0.763851 0.000000 3.470893 0.480469
   55 1.151086 -29.004786 0.852930 0.807053 0.000000 3.730207 0.472656
   56 1.542897 -33.464415 1.226758 0.705247 0.000000 3.258568 0.569336
   57 1.063817 -42.886467 1.166602 0.936611 0.000000 2.971650 0.556641
   58 1.368211 -29.158103 0.999023 0.838837 0.000000 3.529885 0.489258
   59 1.585525 -24.238951 1.020508 0.678304 0.000000 3.531623 0.497070
   60 1.308960 -42.516996 1.091406 0.776169 0.000000 3.361909 0.502930
   61 1.554930 -13.921987 1.016211 0.682169 0.000000 3.484371 0.511719
   62 1.475287 -50.330706 0.904492 0.877348 0.000000 3.726134 0.486328
   63 1.660910 -55.658618 0.812109 0.898874 0.000000 4.060281 0.426758
   64 1.923538 -60.402891 0.807813 0.424956 0.000000 3.988826 0.436523
   65 2.094812 -44.748552 0.908789 0.747865 0.000000 4.446543 0.403320
   66 2.141171 -37.454162 0.908789 0.559058 0.000000 3.972715 0.449219
   67 2.343891 -60.520561 0.917383 0.614254 0.000000 4.430882 0.440430
   68 3.052868 -62.151358 0.833594 1.061787 0.000000 4.937485 0.386719
   69 3.171943 -70.488743 0.597266 0.707798 0.000000 6.553892 0.301758
   70 2.500000 -67.328685 0.625195 0.626961 0.000000 6.334057 0.269531
   71 2.745906 -55.472005 0.749805 0.853010 0.000000 5.391402 0.344727
   72 2.735927 -43.254582 0.807813 0.798352 0.000000 5.106407 0.401367
   73 2.263846 -43.103894 0.741211 0.765576 0.000000 4.805968 0.403320
   74 1.757271 -49.670062 0.822852 0.975755 0.000000 4.288223 0.424805
   75 1.562050 -44.938475 0.895898 0.939867 0.000000 4.618767 0.410156
   76 1.816306 -49.734227 1.041992 0.651756 0.000000 4.081647 0.477539
   77 1.666667 -48.204855 0.818555 1.038887 0.000000 4.100575 0.407227
   78 1.736816 -52.712005 0.968945 0.467709 0.000000 4.299925 0.473633
   79 1.702939 -48.405622 1.001172 0.698345 0.000000 4.218982 0.480469
   80 1.470217 -59.042783 0.895898 0.849201 0.000000 3.548159 0.486328
   81 1.726746 -25.641595 0.904492 0.630328 0.000000 3.680851 0.501953
   82 1.515684 -18.997673 1.181641 0.803071 0.000000 3.460964 0.531250
   83 1.186966 -43.380508 1.072070 1.150267 0.000000 3.224960 0.510742
   84 1.386750 -30.900062 1.082813 0.881493 0.000000 3.518534 0.460938
   85 1.339447 -52.426087 1.239648 0.921411 0.000000 3.453915 0.530273
   86 1.276484 -48.153563 1.082813 0.759594 0.000000 3.542877 0.534180
   87 1.607764 -45.399616 1.074219 0.834924 0.000000 3.365279 0.492188
   88 1.649242 -50.160067 0.999023 0.654374 0.000000 3.207451 0.552734
   89 1.907662 -39.965285 1.007617 0.716499 0.000000 3.779606 0.498047
   90 2.236068 -57.315279 0.874414 0.732053 0.000000 4.197362 0.472656
   91 2.012308 -52.198339 0.801367 0.888306 0.000000 4.297852 0.418945
   92 1.747526 -40.758513 0.994727 0.907477 0.000000 3.801652 0.450195
   93 2.298337 -35.877335 0.964648 0.706650 0.000000 4.118563 0.457031
   94 1.334474 -47.426087 0.996875 0.991490 0.000000 4.134083 0.440430
   95 1.343640 -28.214621 1.039844 0.814121 0.000000 3.749889 0.468750
   96 1.205842 -38.187228 0.928125 0.843129 0.000000 3.319943 0.500000
   97 1.228848 -42.386424 0.842188 0.597409 0.000000 3.902395 0.443359
   98 1.838523 -31.295913 1.078516 0.679958 0.000000 3.480067 0.508789
   99 1.652122 -47.245285 1.091406 0.871643 0.000000 3.879014 0.500000
  100 1.535613 -31.396229 0.973242 0.603553 0.000000 3.512202 0.518555
  101 1.280800 -20.252896 1.110742 0.667275 0.000000 3.547896 0.548828
  102 1.737593 -28.362451 1.205273 0.739992 0.000000 3.502132 0.509766
  103 2.144192 -51.987673 0.904492 1.022920 0.000000 4.243295 0.425781
  104 2.404423 -60.716019 0.766992 0.798714 0.000000 4.907261 0.385742
  105 2.026298 -43.713040 0.908789 0.615419 0.000000 4.062690 0.443359
  106 2.557042 -59.382950 0.857227 0.791665 0.000000 4.329712 0.447266
  107 2.335977 -58.757673 0.756250 0.897405 0.000000 4.930324 0.407227
  108 2.557042 -78.849343 0.822852 0.792602 0.000000 5.014974 0.396484
  109 2.636878 -48.627363 0.687500 0.869332 0.000000 5.695965 0.349609
  110 1.463561 -34.635776 1.007617 0.921489 0.000000 3.901375 0.477539
  111 1.664101 -50.566729 1.031250 0.893449 0.000000 3.355124 0.541016
  112 1.760942 -68.390674 0.773438 0.715384 0.000000 4.406269 0.407227
  113 1.480466 -36.462451 0.840039 0.660126 0.000000 3.707726 0.480469
  114 1.328281 -25.235089 0.968945 0.853130 0.000000 3.595754 0.499023
  115 1.411901 -27.987673 1.063477 0.860007 0.000000 3.132974 0.530273
  116 1.355669 -37.265005 1.243945 0.730487 0.000000 3.077743 0.564453
  117 2.027588 -54.681806 1.196680 1.068964 0.000000 3.849059 0.479492
  118 1.914104 -50.197210 0.883008 0.802870 0.000000 4.284573 0.418945
  119 2.577203 -29.383433 1.033398 0.689686 0.000000 4.433253 0.455078
  120 1.907662 -55.940508 0.872266 1.090431 0.000000 4.717591 0.393555
  121 2.341442 -44.148903 0.681055 1.116113 0.000000 5.584939 0.350586
  122 1.680697 -72.090525 0.760547 0.868661 0.000000 4.319881 0.385742
  123 2.094812 -73.529117 0.736914 0.763400 0.000000 4.762736 0.385742
  124 2.043345 -76.716019 0.786328 0.687560 0.000000 5.125272 0.358398
  125 2.021519 -51.870039 0.994727 0.722848 0.000000 4.576030 0.440430
  126 2.408319 -45.697745 0.990430 0.687754 0.000000 4.757095 0.449219
  127 2.913725 -40.950062 0.859375 0.779963 0.000000 4.852864 0.405273
  128 2.252370 -59.141611 0.951758 0.673416 0.000000 4.289667 0.464844
  129 1.831876 -29.855690 0.934570 0.799446 0.000000 4.357714 0.445312
  130 1.119846 -39.932950 1.108594 1.013357 0.000000 3.243741 0.517578
  131 1.538831 -22.333128 1.052734 0.711727 0.000000 3.210259 0.517578
  132 1.469225 -35.037673 1.153711 0.989133 0.000000 3.182877 0.526367
  133 1.473815 -44.880497 1.102148 0.816221 0.000000 3.271270 0.549805
  134 1.646434 -37.795338 1.020508 0.671681 0.000000 3.556851 0.504883
  135 1.255055 -32.150303 1.024805 0.735475 0.000000 3.456665 0.490234
  136 1.509231 -23.765837 1.076367 0.755727 0.000000 3.083952 0.554688
  137 1.892154 -22.417662 1.127930 0.814426 0.000000 3.288585 0.517578
  138 1.470217 -43.708172 1.052734 0.646591 0.000000 3.399883 0.512695
  139 1.343710 -28.151812 1.035547 0.579500 0.000000 3.437474 0.504883
  140 1.485345 -20.983395 1.149414 0.760114 0.000000 3.205721 0.571289
  141 1.453444 -35.661214 0.863672 1.030655 0.000000 3.919770 0.436523
  142 2.002357 -23.133841 1.106445 0.833750 0.000000 3.356246 0.551758
  143 1.219756 -43.338603 1.166602 0.785968 0.000000 3.164971 0.574219
  144 1.433587 -27.958800 1.207422 0.790955 0.000000 3.286677 0.572266
  145 1.162476 -30.676567 1.213867 0.622241 0.000000 3.403520 0.517578
  146 1.584929 -35.708172 1.209570 0.787734 0.000000 3.383136 0.529297
  147 1.643753 -43.092344 1.046289 1.216886 0.000000 3.570543 0.521484
  148 1.717701 -39.125860 1.039844 1.200874 0.000000 3.782665 0.484375
  149 2.009975 -46.180831 0.870117 0.687816 0.000000 4.121705 0.449219
  150 1.533930 -38.654839 0.900195 0.679428 0.000000 4.304594 0.421875
  151 2.343891 -41.974839 0.958203 0.851271 0.000000 3.954386 0.453125
  152 1.597412 -13.331982 1.100000 0.658773 0.000000 3.607251 0.486328
  153 1.562889 -33.110727 1.278320 0.978795 0.000000 3.401951 0.578125
  154 1.233171 -36.516996 1.183789 0.924424 0.000000 2.986136 0.567383
  155 1.585485 -29.817798 1.162305 0.827478 0.000000 3.486890 0.530273
  156 1.554151 -40.685950 1.078516 0.638339 0.000000 3.465241 0.531250
  157 2.199004 -60.065196 0.696094 0.644937 0.000000 4.522723 0.383789
  158 1.953793 -51.788406 0.754102 0.761051 0.000000 5.001072 0.378906
  159 2.000000 -61.791506 0.840039 0.654322 0.000000 4.213213 0.428711
  160 2.527969 -42.977771 0.878711 0.757504 0.000000 4.546622 0.388672
  161 2.369903 -58.662451 0.971094 0.691395 0.000000 4.284194 0.454102
  162 1.741490 -51.019143 0.917383 0.795588 0.000000 4.650472 0.431641
  163 1.863928 -52.973562 0.889453 0.621638 0.000000 4.632222 0.431641
  164 1.816306 -40.562896 0.751953 1.207072 0.000000 4.405108 0.388672
  165 2.357023 -51.778921 0.895898 0.862133 0.000000 4.600808 0.387695
  166 1.828887 -27.580098 0.801367 0.536615 0.000000 4.779470 0.393555
  167 1.545455 -38.729563 1.091406 0.950478 0.000000 3.729606 0.488281
  168 2.000000 -48.017151 0.960352 0.900048 0.000000 3.782769 0.490234
  169 1.399580 -36.619491 1.003320 0.845780 0.000000 4.080477 0.474609
  170 2.247083 -51.837961 1.014063 0.817609 0.000000 3.916409 0.474609
  171 2.527969 -69.012896 0.739063 0.829234 0.000000 4.948811 0.386719
  172 2.636878 -78.117673 0.653125 0.746586 0.000000 6.103195 0.304688
  173 2.446968 -38.390752 0.764844 0.584895 0.000000 4.998121 0.375000
  174 2.116783 -58.018155 0.938867 1.096423 0.000000 4.286018 0.452148
  175 2.036257 -41.143334 1.031250 0.947718 0.000000 4.061875 0.428711
  176 1.363474 -20.927249 0.999023 0.618986 0.000000 3.678720 0.523438
  177 1.493576 -38.145980 1.123633 0.750468 0.000000 3.552613 0.520508
  178 1.465865 -51.619284 1.039844 0.755249 0.000000 3.476581 0.513672
  179 1.824829 -43.759242 0.990430 0.536857 0.000000 3.629885 0.491211
  180 2.026298 -51.955172 0.814258 0.606208 0.000000 4.693836 0.418945
  181 1.955385 -73.062451 0.850781 0.659623 0.000000 4.633889 0.397461
  182 2.026298 -52.652896 0.803516 0.971364 0.000000 5.293683 0.343750
  183 2.000000 -63.463205 0.751953 0.733028 0.000000 5.007882 0.363281
  184 2.455486 -54.555730 0.736914 1.054165 0.000000 4.878815 0.381836
  185 1.554151 -40.405622 0.874414 0.888749 0.000000 4.540024 0.422852
  186 2.233339 -58.414839 0.992578 0.823665 0.000000 3.639932 0.485352
  187 1.712511 -45.708134 0.910938 0.567420 0.000000 4.249388 0.444336
  188 1.646434 -34.338292 1.054883 0.686179 0.000000 3.735386 0.480469
  189 1.660910 -48.969074 0.891602 0.776012 0.000000 4.072462 0.463867
  190 1.562050 -49.329117 0.973242 0.733515 0.000000 4.012744 0.461914
  191 1.343640 -54.268623 0.953906 0.549692 0.000000 4.067505 0.453125
  192 1.212678 -32.814174 1.024805 0.711412 0.000000 2.998383 0.541992
  193 1.446481 -35.864956 1.089258 0.901577 0.000000 3.259740 0.537109
  194 1.334474 -33.226658 1.100000 0.769669 0.000000 3.295376 0.505859
  195 1.325427 -16.762855 1.050586 0.896810 0.000000 3.175810 0.533203
  196 1.223641 -35.489192 1.125781 0.858892 0.000000 3.253912 0.529297
  197 1.086754 -26.138078 1.029102 0.689767 0.000000 3.409243 0.521484
  198 1.487410 -28.399616 1.046289 0.832013 0.000000 3.389547 0.501953
  199 1.198012 -37.921987 0.971094 1.017436 0.000000 3.234841 0.499023
  200 1.561380 -17.615303 1.046289 0.811609 0.000000 3.219305 0.524414
  201 1.680697 -45.999616 1.057031 0.554386 0.000000 3.778961 0.488281
  202 1.815772 -35.846411 1.097852 0.786447 0.000000 3.668925 0.499023
  203 1.426437 -35.269211 1.248242 0.863492 0.000000 3.305805 0.516602
  204 1.538675 -17.195784 1.185938 0.850003 0.000000 3.350666 0.536133
  205 1.697056 -12.396319 1.224609 0.643530 0.000000 3.170114 0.570312
  206 1.595252 -23.195873 1.134375 0.645051 0.000000 3.170724 0.571289
  207 1.490712 -31.844404 0.953906 0.726496 0.000000 3.002819 0.562500
  208 1.338111 -36.211203 1.061328 0.752670 0.000000 3.223432 0.513672
  209 1.093216 -41.992615 1.026953 0.852932 0.000000 3.462347 0.470703
  210 1.556113 -27.131791 0.992578 0.750354 0.000000 3.267082 0.534180
  211 1.450327 -45.853755 1.145117 1.072941 0.000000 3.425558 0.519531
  212 1.660910 -12.695811 1.213867 0.936407 0.000000 3.285407 0.541016
  213 1.554151 -39.854839 1.185938 0.549090 0.000000 3.290176 0.557617
  214 1.736816 -33.968286 1.084961 0.633643 0.000000 3.408353 0.524414
  215 1.726746 -33.466283 1.033398 0.722018 0.000000 3.891780 0.456055
  216 1.414214 -56.074037 0.964648 0.631253 0.000000 3.807038 0.459961
  217 1.459927 -52.563583 0.994727 0.792393 0.000000 3.658698 0.495117
  218 1.652122 -44.195784 0.981836 0.818960 0.000000 3.532939 0.487305
  219 1.286876 -33.761078 1.164453 0.785567 0.000000 3.541497 0.507812
  220 1.219093 -39.746788 0.981836 0.754046 0.000000 3.126308 0.531250
  221 1.257916 -33.703062 0.889453 0.921586 0.000000 3.756199 0.465820
  222 1.760942 -24.771439 1.014063 1.000342 0.000000 3.386578 0.501953
  223 1.612452 -37.590865 1.084961 0.683892 0.000000 3.727603 0.487305
  224 2.169635 -47.847228 1.011914 0.687520 0.000000 3.580725 0.486328
  225 2.436896 -28.464088 0.855078 0.745072 0.000000 4.480381 0.400391
  226 2.063031 -30.468119 1.052734 0.951071 0.000000 3.767282 0.474609
  227 2.029486 -45.463746 1.020508 0.787301 0.000000 3.663395 0.493164
  228 1.902630 -59.437673 0.895898 1.045472 0.000000 4.174988 0.416992
  229 1.562889 -35.860553 0.962500 0.871572 0.000000 3.723923 0.477539
  230 2.122775 -41.540882 0.893750 0.835567 0.000000 4.094227 0.446289
  231 2.798351 -50.725285 0.764844 0.915979 0.000000 4.528169 0.415039
  232 2.512469 -54.903141 1.020508 0.885202 0.000000 4.534676 0.421875
  233 2.529822 -49.571007 0.760547 0.547687 0.000000 4.587763 0.411133
  234 1.907662 -57.233395 0.648828 0.961844 0.000000 5.027551 0.352539
  235 1.426437 -47.600894 0.913086 0.872681 0.000000 4.062970 0.452148
  236 2.100000 -39.319616 1.039844 0.768236 0.000000 3.916204 0.438477
  237 2.404423 -52.810277 1.089258 0.676503 0.000000 3.693013 0.489258
  238 2.612189 -49.291951 0.878711 0.910491 0.000000 4.298678 0.442383
  239 1.737593 -57.398961 0.721875 0.762939 0.000000 4.992696 0.348633
  240 1.711724 -32.874839 0.953906 0.818490 0.000000 3.630506 0.446289
  241 1.741490 -51.844404 0.999023 0.680271 0.000000 3.608545 0.468750
  242 1.760942 -42.962594 1.001172 0.750962 0.000000 4.309716 0.472656
  243 1.351882 -24.566729 1.112891 0.801676 0.000000 3.515063 0.541016
  244 1.205842 -30.119863 1.104297 0.738426 0.000000 3.240351 0.538086
  245 1.802776 -21.331672 1.087109 0.995269 0.000000 3.235028 0.523438
  246 1.301400 -23.217174 1.276172 0.613694 0.000000 3.231030 0.555664
  247 1.276079 -29.797144 1.220313 0.767218 0.000000 2.914344 0.592773
  248 1.198012 -55.968108 0.876563 0.885876 0.000000 3.387578 0.513672
  249 1.717701 -44.152617 0.988281 0.660963 0.000000 3.835713 0.483398
  250 2.625000 -50.588360 0.962500 0.827656 0.000000 4.478391 0.445312
  251 2.512469 -47.017887 0.638086 0.477613 0.000000 4.996807 0.381836
  252 2.029486 -64.114937 0.872266 0.745186 0.000000 4.516912 0.427734
  253 2.114033 -57.089733 0.910938 0.746038 0.000000 4.585842 0.401367
  254 1.475287 -52.877877 0.812109 0.783121 0.000000 4.107106 0.425781
  255 1.209995 -55.377459 0.923828 0.799114 0.000000 3.752480 0.505859
  256 1.584929 -9.143334 1.001172 0.747794 0.000000 3.667947 0.491211
  257 1.907662 -41.299616 0.983984 0.581296 0.000000 3.624159 0.481445
  258 1.526773 -29.885285 0.947461 0.933942 0.000000 3.855850 0.445312
  259 1.726268 -55.174839 0.936719 0.838429 0.000000 3.954972 0.443359
  260 2.002498 -51.708618 1.035547 0.916931 0.000000 4.089560 0.455078
  261 2.043345 -54.791951 0.919531 0.859552 0.000000 4.160816 0.453125
  262 1.638887 -33.819450 0.956055 0.664074 0.000000 4.133423 0.443359
  263 1.736816 -56.726894 0.863672 0.971567 0.000000 4.275485 0.428711
  264 2.029486 -29.993209 0.996875 0.735756 0.000000 4.430308 0.467773
  265 1.669397 -50.489412 0.977539 0.615248 0.000000 4.025032 0.464844
  266 1.913992 -42.891597 0.921680 0.622033 0.000000 4.564335 0.434570
  267 2.317160 -51.051790 1.020508 0.653157 0.000000 4.017289 0.469727
  268 2.122775 -51.101162 0.764844 0.552103 0.000000 4.865363 0.395508
  269 2.131004 -60.483395 0.708984 1.162254 0.000000 4.754828 0.375977
  270 1.834758 -35.060508 0.803516 0.955736 0.000000 4.626757 0.394531
  271 2.617120 -55.582936 0.917383 0.712351 0.000000 4.547227 0.413086
  272 2.460649 -62.746229 0.818555 0.869659 0.000000 4.844189 0.425781
  273 2.002065 -37.427326 0.874414 0.710282 0.000000 4.693477 0.420898
  274 1.953057 -48.765285 1.005469 0.753671 0.000000 3.819407 0.484375
  275 1.953057 -50.799329 0.913086 0.765609 0.000000 3.835500 0.455078
  276 1.717701 -58.733739 0.904492 0.557660 0.000000 4.027995 0.450195
  277 2.651560 -35.990062 0.906641 0.767301 0.000000 4.310404 0.436523
  278 2.651650 -58.382950 0.880859 0.868350 0.000000 4.640261 0.406250
  279 2.915476 -53.003123 0.741211 0.651052 0.000000 4.811853 0.404297
  280 2.022375 -54.799616 0.889453 0.892679 0.000000 4.479121 0.443359
  281 2.357023 -67.059979 0.827148 0.923803 0.000000 5.621719 0.367188
  282 1.614964 -38.853894 0.867969 0.736409 0.000000 5.266456 0.391602
  283 2.122775 -57.660486 0.975391 0.929303 0.000000 3.903777 0.477539
  284 2.247083 -55.745405 0.887305 0.812226 0.000000 4.170267 0.419922
  285 2.512469 -54.612451 0.816406 1.058605 0.000000 4.602123 0.401367
  286 2.252370 -72.020508 0.663867 0.690187 0.000000 5.639856 0.331055
  287 2.134375 -42.803716 0.777734 0.837849 0.000000 5.146240 0.384766
  288 2.617812 -82.472511 0.764844 0.646685 0.000000 5.429218 0.345703
  289 2.895620 -62.871843 0.704688 0.826308 0.000000 5.557247 0.375977
  290 2.651650 -60.840145 0.777734 0.779485 0.000000 5.706530 0.336914
  291 2.436896 -63.550508 0.829297 0.587320 0.000000 5.039844 0.384766
  292 2.131004 -55.934839 0.696094 1.067017 0.000000 5.262708 0.376953
  293 2.287087 -31.544474 0.715430 1.105119 0.000000 4.606596 0.379883
  294 2.885849 -66.310401 0.745508 1.029078 0.000000 4.962082 0.382812
  295 3.574285 -72.944952 0.732617 0.862346 0.000000 6.550154 0.352539
  296 4.002550 -74.254786 0.696094 0.917688 0.000000 7.706297 0.309570
  297 3.859787 -79.781434 0.653125 0.657136 0.000000 7.430637 0.276367
  298 3.597051 -84.254023 0.663867 0.726094 0.000000 6.953321 0.294922
  299 4.384315 -106.178633 0.483398 0.873093 0.000000 8.410420 0.222656
  300 3.717032 -70.652557 0.552148 0.836079 0.000000 8.198749 0.248047
  301 3.616854 -84.093458 0.659570 0.754175 0.000000 6.684767 0.283203
  302 3.859787 -76.722987 0.595117 0.761259 0.000000 6.999944 0.310547
  303 3.288818 -66.882118 0.584375 0.821356 0.000000 6.947839 0.284180
  304 3.162278 -57.097210 0.640234 0.859476 0.000000 6.844312 0.308594
  305 2.761340 -73.347388 0.668164 0.707122 0.000000 6.036516 0.331055
  306 1.906344 -57.200894 0.736914 0.783171 0.000000 4.574348 0.397461
  307 1.729663 -31.548312 0.958203 0.603712 0.000000 4.006289 0.472656
  308 1.727273 -8.546553 1.155859 0.764864 0.000000 3.480152 0.530273
  309 1.406930 -48.550508 1.031250 1.010750 0.000000 3.641062 0.500000
  310 1.209995 -34.459896 1.009766 1.020127 0.000000 3.681163 0.473633
  311 1.459927 -63.220561 0.822852 0.588357 0.000000 3.888841 0.470703
  312 1.380257 -63.350062 0.863672 0.874054 0.000000 3.929164 0.467773
  313 1.531283 -18.625730 0.966797 0.732349 0.000000 3.609734 0.502930
  314 1.396082 -30.125285 1.181641 0.647893 0.000000 3.101039 0.577148
  315 1.459927 -34.040228 1.065625 0.708071 0.000000 2.869553 0.553711
  316 1.617215 -30.861455 1.127930 0.669728 0.000000 2.988388 0.543945
  317 2.415795 -8.106417 1.142969 0.995334 0.000000 3.153491 0.533203
  318 2.202272 1.611881 1.177344 0.874114 0.000000 3.080029 0.561523
  319 1.445253 -21.791506 1.136523 0.766195 0.000000 3.084288 0.541992
  320 1.544021 -33.259153 1.183789 0.897734 0.000000 2.992540 0.591797
  321 1.350926 -27.274408 1.196680 0.870784 0.000000 3.044471 0.567383
  322 1.390000 -36.290487 0.904492 0.647321 0.000000 3.303526 0.491211
  323 1.237656 -24.953322 1.140820 0.738362 0.000000 3.094431 0.573242
  324 1.562889 -33.725285 1.119336 0.981493 0.000000 3.227155 0.538086
  325 1.256444 -35.951571 1.041992 0.816947 0.000000 3.587531 0.494141
  326 1.328281 -28.674126 1.190234 0.964999 0.000000 3.337311 0.519531
  327 1.901016 -64.120275 0.874414 0.843931 0.000000 3.741008 0.460938
  328 2.000000 -42.887139 0.784180 0.693105 0.000000 4.468498 0.398438
  329 2.114033 -43.779117 0.887305 0.795502 0.000000 4.292166 0.461914
  330 2.360756 -41.685693 0.956055 0.924871 0.000000 4.217263 0.438477
  331 1.910497 -55.764204 0.921680 0.684729 0.000000 4.182005 0.450195
  332 2.627975 -61.557673 0.885156 1.073891 0.000000 5.162056 0.378906
  333 1.757886 -32.828493 1.084961 0.736198 0.000000 4.034525 0.477539
  334 2.233306 -37.299082 1.041992 0.822045 0.000000 4.490520 0.425781
  335 2.775450 -44.789933 0.983984 0.757459 0.000000 4.649489 0.445312
  336 1.729663 -46.154340 0.887305 0.857914 0.000000 4.136627 0.436523
  337 2.222222 -62.887228 0.958203 1.056196 0.000000 4.336016 0.419922
  338 2.569619 -41.927228 0.827148 0.587444 0.000000 4.668999 0.425781
  339 2.298337 -37.150062 0.964648 0.636686 0.000000 4.216603 0.491211
  340 2.539106 -30.115639 0.876563 0.808719 0.000000 4.349721 0.442383
  341 1.811077 -68.531880 0.777734 0.794194 0.000000 4.405274 0.416992
  342 1.834758 -55.161733 0.953906 0.925813 0.000000 4.064615 0.454102
  343 1.531716 -51.639278 0.829297 0.708697 0.000000 4.015374 0.445312
  344 1.953793 -58.111009 0.754102 0.467973 0.000000 4.586862 0.416992
  345 1.578410 -48.132950 0.852930 0.825259 0.000000 4.395821 0.396484
  346 1.419116 -51.716283 0.846484 0.735425 0.000000 4.058939 0.437500
  347 1.928604 -48.654287 0.986133 0.907843 0.000000 4.018296 0.440430
  348 1.649242 -43.695784 1.011914 0.617495 0.000000 3.843447 0.490234
  349 1.548126 -36.563255 1.089258 0.680895 0.000000 3.541080 0.525391
  350 1.248529 -31.321007 1.164453 0.697243 0.000000 3.394503 0.539062
  351 1.427153 -36.882950 1.179492 0.772625 0.000000 3.359491 0.520508
  352 1.328281 -24.913431 1.205273 0.785911 0.000000 3.259494 0.543945
  353 1.687602 -22.467560 0.992578 0.888016 0.000000 3.290607 0.507812
  354 1.787142 -30.331880 0.956055 0.682479 0.000000 3.332921 0.497070
  355 1.386750 -30.237386 1.072070 0.719883 0.000000 3.122585 0.561523
  356 1.459715 -27.488523 1.003320 0.676692 0.000000 3.560618 0.500977
  357 1.409329 -39.923975 0.941016 0.964198 0.000000 3.090167 0.517578
  358 1.418983 -39.235709 1.095703 1.034784 0.000000 3.203456 0.535156
  359 1.278985 -40.663760 1.231055 0.708643 0.000000 3.123478 0.577148
  360 1.100000 -35.309450 1.069922 0.648394 0.000000 3.289007 0.542969
  361 1.092090 -42.333041 1.158008 0.932273 0.000000 3.087253 0.549805
  362 1.137737 -37.011586 0.904492 0.731372 0.000000 3.381379 0.491211
  363 1.470217 -37.531880 1.054883 0.766952 0.000000 3.216226 0.528320
  364 1.492072 -35.165392 1.181641 0.859537 0.000000 3.343235 0.501953
  365 1.672772 -47.071007 1.059180 0.813858 0.000000 3.949286 0.483398
  366 1.351882 -45.116589 0.996875 0.908107 0.000000 3.467711 0.508789
  367 1.325236 -31.245059 1.127930 0.755743 0.000000 3.025722 0.528320
  368 2.264820 -71.747442 0.964648 0.593998 0.000000 4.085864 0.442383
  369 2.131004 -59.554558 0.702539 0.835667 0.000000 5.232270 0.346680
  370 2.532146 -55.421452 0.827148 0.926667 0.000000 4.378848 0.404297
  371 2.122775 -44.097916 0.908789 0.862648 0.000000 4.419828 0.434570
  372 2.408319 -59.181434 0.799219 0.736754 0.000000 5.449824 0.345703
  373 1.757886 -51.812896 0.930273 0.600250 0.000000 4.251439 0.487305
  374 2.775450 -47.504129 0.917383 0.692890 0.000000 4.295996 0.435547
  375 2.895620 -31.351488 0.934570 0.823563 0.000000 4.355683 0.454102
  376 2.648529 -55.214839 0.855078 0.710946 0.000000 4.466275 0.439453
  377 2.828427 -67.122433 0.756250 0.881861 0.000000 5.872059 0.333984
  378 2.775450 -66.135289 0.764844 0.621664 0.000000 5.015400 0.356445
  379 3.023243 -60.814839 0.872266 0.844474 0.000000 5.207652 0.375977
  380 1.312231 -8.206310 0.934570 0.775758 0.000000 4.079032 0.456055
  381 1.163586 -44.426087 1.123633 0.798020 0.000000 3.379299 0.546875
  382 1.325427 -30.921452 1.039844 0.731664 0.000000 3.263098 0.505859
  383 1.151291 -21.004786 1.312695 0.961016 0.000000 3.208411 0.552734
  384 1.138129 -15.687228 1.166602 1.117455 0.000000 2.966135 0.582031
  385 1.470217 -37.853755 1.160156 0.641394 0.000000 3.491996 0.548828
  386 1.953057 -42.552617 1.046289 0.638231 0.000000 3.502313 0.514648
  387 1.562050 -54.045962 0.900195 0.883341 0.000000 3.975630 0.435547
  388 1.712511 -51.986426 1.130078 0.934124 0.000000 3.569948 0.490234
  389 1.741490 -42.900622 0.979688 0.825741 0.000000 4.100734 0.450195
  390 1.736663 -38.362451 0.988281 0.621593 0.000000 4.200828 0.482422
  391 1.590571 -33.761078 0.923828 0.710358 0.000000 3.846683 0.447266
  392 1.475287 -52.020561 0.943164 0.714057 0.000000 3.575880 0.480469
  393 1.377411 -38.887228 0.923828 0.498836 0.000000 3.192159 0.533203
  394 1.313064 -33.509820 1.106445 0.717678 0.000000 3.088870 0.534180
  395 1.885896 -42.726562 1.031250 0.690251 0.000000 3.402119 0.520508
  396 1.086736 -25.146802 1.072070 0.663369 0.000000 3.278050 0.558594
  397 1.717701 -29.694839 1.061328 0.777229 0.000000 3.444643 0.510742
  398 2.057983 -30.759153 1.136523 0.810546 0.000000 3.406956 0.509766
  399 1.498717 -41.958618 0.977539 0.976489 0.000000 3.633695 0.513672
  400 1.327782 -35.660486 1.155859 0.960163 0.000000 3.562961 0.503906
  401 1.433587 -29.968286 0.902344 0.622239 0.000000 3.614534 0.497070
  402 1.638480 -45.176117 1.044141 0.766248 0.000000 3.614221 0.464844
  403 1.666667 -32.470062 1.037695 0.684860 0.000000 3.564964 0.489258
  404 1.773226 -22.654340 1.091406 0.786271 0.000000 3.409307 0.526367
  405 1.210515 -32.175730 1.209570 0.915543 0.000000 3.316905 0.506836
  406 1.639672 -34.483395 1.087109 0.646442 0.000000 2.967639 0.599609
  407 1.156294 -39.494161 1.198828 0.691162 0.000000 3.106260 0.570312
  408 1.309012 -38.285950 1.074219 0.682333 0.000000 3.226363 0.537109
  409 1.459927 -34.801310 1.295508 0.521266 0.000000 3.067010 0.606445
  410 1.293626 -21.636378 1.207422 0.633673 0.000000 3.029656 0.583008
  411 2.119996 -36.980818 1.065625 0.685792 0.000000 3.504441 0.516602
  412 1.617215 -15.991951 1.063477 1.039079 0.000000 3.576571 0.481445
  413 1.369932 -33.409622 1.078516 0.803857 0.000000 3.059023 0.572266
  414 1.351882 -35.528582 1.194531 0.693826 0.000000 3.451053 0.524414
  415 1.295408 -50.233879 0.893750 0.707492 0.000000 3.730761 0.429688
  416 1.741490 -6.072942 1.080664 0.752511 0.000000 3.389979 0.521484
  417 1.248529 -37.124839 1.160156 0.589855 0.000000 3.428581 0.526367
  418 1.252720 -41.176117 0.883008 0.794522 0.000000 3.395359 0.502930
  419 1.612452 -51.896229 1.052734 0.808472 0.000000 4.110291 0.423828
  420 1.433587 -48.404340 0.807813 0.990889 0.000000 4.157493 0.419922
  421 1.643753 -35.706774 0.977539 0.806376 0.000000 3.872420 0.449219
  422 1.811077 -42.947507 1.005469 0.698563 0.000000 3.748893 0.491211
  423 1.499333 -33.598621 0.988281 0.911639 0.000000 4.376784 0.416992
  424 2.003084 -37.479563 1.069922 0.934782 0.000000 3.767169 0.498047
  425 2.000000 -68.706593 0.876563 0.666140 0.000000 4.289810 0.436523
  426 1.638887 -58.391990 0.747656 0.708510 0.000000 4.446480 0.430664
  427 1.590571 -32.936955 0.936719 0.893333 0.000000 3.663961 0.461914
  428 1.395102 -25.891060 1.061328 1.098658 0.000000 3.759632 0.476562
  429 1.492072 -13.822579 0.956055 0.613880 0.000000 3.860920 0.477539
  430 1.641057 -37.893959 1.102148 0.640697 0.000000 3.496944 0.526367
  431 1.737758 -48.603894 0.915234 0.542047 0.000000 4.025205 0.458008
  432 1.295319 -48.501181 0.885156 0.827374 0.000000 3.821957 0.435547
  433 1.225924 -21.557673 1.050586 0.928377 0.000000 3.333066 0.533203
  434 1.510313 -17.248021 1.145117 0.965856 0.000000 2.974502 0.573242
  435 1.309001 -28.359616 1.327734 0.818271 0.000000 3.066883 0.599609
  436 1.894264 -46.641506 0.983984 0.670189 0.000000 3.124689 0.480469
  437 1.983102 -22.894001 1.054883 0.930681 0.000000 2.892003 0.526367
  438 1.355669 -42.453100 1.145117 0.813683 0.000000 2.960974 0.547852
  439 1.994109 -31.987673 1.041992 0.938034 0.000000 3.846175 0.477539
  440 1.744449 -22.485590 1.033398 0.680947 0.000000 3.596068 0.517578
  441 1.156108 -43.274462 0.962500 0.986658 0.000000 4.111946 0.478516
  442 1.238418 -42.238983 1.069922 0.970013 0.000000 3.563659 0.505859
  443 1.390297 -45.986154 0.910938 0.825045 0.000000 3.438548 0.499023
  444 1.478583 -36.847679 0.941016 1.017009 0.000000 3.693389 0.467773
  445 1.460258 -37.516996 1.082813 0.837123 0.000000 3.219880 0.513672
  446 1.237656 -20.438155 1.093555 0.764677 0.000000 3.017963 0.582031
  447 1.307692 -40.424483 1.089258 0.653339 0.000000 3.188957 0.531250
  448 1.545867 -37.808967 0.917383 0.741661 0.000000 3.376500 0.490234
  449 1.896182 -22.074435 1.151563 0.987066 0.000000 3.328830 0.521484
  450 1.328281 -41.378854 0.956055 0.764370 0.000000 3.439826 0.472656
  451 1.475127 -40.713698 0.870117 0.678641 0.000000 3.604928 0.458008
  452 1.498717 -24.974839 0.889453 0.907786 0.000000 3.874431 0.443359
  453 1.584929 -29.766794 0.973242 0.792851 0.000000 3.256448 0.507812
  454 1.549722 -39.066283 1.216016 0.822747 0.000000 3.283084 0.552734
  455 1.278985 -32.774839 1.011914 0.684157 0.000000 3.329411 0.503906
  456 1.286876 -41.486573 1.031250 0.522279 0.000000 3.164263 0.587891
  457 1.381498 -41.660486 0.734766 0.664890 0.000000 3.595700 0.443359
  458 1.765686 -31.862691 1.080664 0.677100 0.000000 3.033040 0.564453
  459 1.596270 -31.795535 1.059180 0.641124 0.000000 3.002873 0.541016
  460 1.159897 -35.301744 1.198828 0.820122 0.000000 2.815915 0.611328
  461 1.085931 -30.621648 1.207422 0.668985 0.000000 3.130648 0.582031
  462 1.414214 -24.580530 1.022656 0.931037 0.000000 3.146202 0.502930
  463 1.356748 -24.776354 0.917383 1.043867 0.000000 3.228673 0.501953
  464 1.351567 -15.172527 0.915234 1.058448 0.000000 3.190902 0.476562
  465 1.234662 -45.218308 0.999023 0.860209 0.000000 3.255388 0.510742
  466 1.337955 -35.665837 1.007617 0.903681 0.000000 3.316856 0.489258
  467 1.459715 -40.603449 1.067773 0.700565 0.000000 3.157959 0.525391
  468 1.427153 -41.920701 1.123633 0.627953 0.000000 3.111856 0.552734
  469 1.636734 -32.897233 0.898047 0.780031 0.000000 3.384749 0.501953
  470 2.122775 -60.462451 1.061328 0.761701 0.000000 3.441694 0.501953
  471 1.685312 -29.227156 0.893750 0.757575 0.000000 3.927497 0.460938
  472 1.726746 -40.571007 1.052734 0.630710 0.000000 3.858229 0.498047
  473 1.736816 -51.125572 0.878711 0.752590 0.000000 4.111438 0.467773
  474 1.355669 -44.541951 1.110742 0.755416 0.000000 3.629647 0.544922
  475 1.327782 -39.292992 1.134375 0.742650 0.000000 3.202922 0.555664
  476 1.381484 -20.334677 1.104297 1.018013 0.000000 3.678271 0.473633
  477 2.651560 -55.805285 1.082813 0.749123 0.000000 3.956522 0.490234
  478 1.751010 -36.229830 1.024805 0.698632 0.000000 4.243348 0.434570
  479 2.527969 -41.066283 0.885156 0.948752 0.000000 4.091630 0.458008
  480 1.736816 -46.710695 0.971094 0.980679 0.000000 4.248513 0.416992
  481 1.562050 -54.512005 0.925977 0.610749 0.000000 3.881158 0.458984
  482 1.767767 -62.402891 0.766992 0.722314 0.000000 3.886769 0.470703
  483 1.204159 -40.863728 0.872266 0.732586 0.000000 3.689761 0.458008
  484 1.138129 -37.195784 1.074219 0.766445 0.000000 3.350386 0.530273
  485 1.469225 -31.302499 1.095703 0.690654 0.000000 3.180443 0.543945
  486 1.234662 -32.850991 0.999023 0.522229 0.000000 3.271137 0.536133
  487 1.359021 -6.893823 1.177344 0.625705 0.000000 3.137840 0.585938
  488 1.515684 -24.805847 1.246094 0.636694 0.000000 3.302520 0.533203
  489 1.392694 -40.616353 0.977539 0.815516 0.000000 3.304473 0.519531
  490 1.617215 -25.937228 1.084961 0.808685 0.000000 3.229351 0.527344
  491 1.526773 -29.591453 1.158008 0.731163 0.000000 3.276271 0.559570
  492 1.632176 -23.485285 1.136523 0.875746 0.000000 3.015816 0.570312
  493 1.382666 -47.286987 1.140820 0.923548 0.000000 3.327773 0.519531
  494 1.313064 -47.622789 0.949609 0.690381 0.000000 3.763377 0.466797
  495 1.900292 -23.026985 1.084961 1.072742 0.000000 3.171286 0.505859
  496 1.264911 -39.983128 1.074219 1.057703 0.000000 3.241056 0.489258
  497 1.499469 -4.519553 1.151563 0.988085 0.000000 3.082956 0.545898
  498 1.257916 -19.678315 1.031250 0.828662 0.000000 3.007190 0.571289
  499 1.351882 -29.430158 1.164453 0.920028 0.000000 3.014547 0.567383
  500 2.332633 -16.621760 1.110742 0.562297 0.000000 2.956223 0.578125
  501 1.749286 -39.370757 1.248242 0.663654 0.000000 3.029555 0.566406
  502 1.500000 -4.585821 0.992578 0.640153 0.000000 2.952985 0.569336
  503 1.351882 -22.652678 1.121484 0.755218 0.000000 3.189264 0.532227
  504 1.303840 -26.812896 0.956055 0.784872 0.000000 3.332992 0.502930
  505 1.500000 -38.953894 1.181641 0.648529 0.000000 3.069202 0.558594
  506 1.250000 -13.165333 1.091406 0.794309 0.000000 3.288604 0.515625
  507 1.834758 -42.425909 1.057031 0.742975 0.000000 3.513385 0.527344
  508 2.247083 -41.310108 0.938867 0.692061 0.000000 4.081379 0.456055
  509 2.512469 -60.900062 0.814258 0.701218 0.000000 5.091625 0.382812
  510 2.416244 -76.492238 0.681055 1.036480 0.000000 6.020751 0.342773
  511 3.313547 -63.416729 0.745508 0.763996 0.000000 5.298997 0.366211
  512 3.582839 -80.270039 0.666016 0.877845 0.000000 6.608194 0.297852
  513 3.259601 -71.228733 0.653125 0.936670 0.000000 6.619812 0.264648
  514 3.041381 -61.596164 0.747656 0.788172 0.000000 7.486902 0.297852
  515 3.738929 -81.826087 0.672461 0.793259 0.000000 6.481624 0.308594
  516 3.000000 -64.470817 0.764844 0.964746 0.000000 6.070469 0.342773
  517 3.434014 -81.986426 0.631641 1.018374 0.000000 7.072312 0.265625
  518 3.313547 -78.843665 0.635938 0.783104 0.000000 6.494700 0.319336
  519 2.648529 -28.648913 0.777734 0.851780 0.000000 5.844451 0.338867
  520 3.023243 -79.312005 0.676758 0.813644 0.000000 6.079680 0.325195
  521 2.627975 -54.374839 0.627344 0.651149 0.000000 6.443681 0.317383
  522 1.820453 -39.650062 0.986133 0.587719 0.000000 4.519654 0.449219
  523 2.000000 -35.047180 1.003320 0.617846 0.000000 3.573926 0.498047
  524 1.860521 -39.940711 1.039844 0.764221 0.000000 3.814069 0.506836
  525 2.151775 -49.503842 0.932422 0.577210 0.000000 4.192491 0.449219
  526 2.111111 -49.654340 0.945313 0.970720 0.000000 3.846355 0.468750
  527 2.144192 -67.131672 1.035547 0.787560 0.000000 4.035243 0.441406
  528 2.015186 -37.394606 1.014063 0.570962 0.000000 3.706333 0.475586
  529 2.036257 -48.320456 0.958203 0.655273 0.000000 3.894197 0.493164
  530 2.124193 -64.357577 0.779883 0.636711 0.000000 4.786901 0.404297
  531 2.131004 -60.445784 0.782031 0.698710 0.000000 4.851197 0.369141
  532 1.617914 -40.288537 0.979688 0.763889 0.000000 3.964595 0.458984
  533 1.953057 -51.383841 0.908789 1.030319 0.000000 4.208473 0.444336
  534 1.757886 -38.445285 0.766992 1.112689 0.000000 4.321031 0.392578
  535 1.815772 -33.140508 0.975391 0.864440 0.000000 3.990321 0.447266
  536 1.329772 -22.664555 1.104297 1.037453 0.000000 3.516301 0.519531
  537 3.574285 -47.983128 0.971094 0.720474 0.000000 4.278662 0.463867
  538 2.761340 -63.736960 0.887305 0.879671 0.000000 5.544185 0.378906
  539 3.171215 -70.719293 0.782031 0.876126 0.000000 5.520414 0.377930
  540 2.532146 -63.756328 0.640234 0.690082 0.000000 5.576467 0.348633
  541 2.752839 -39.294839 0.842188 1.001994 0.000000 4.682724 0.401367
  542 2.527969 -65.173089 0.812109 0.416698 0.000000 4.926754 0.393555
  543 2.383889 -68.604733 0.799219 0.793753 0.000000 4.754890 0.408203
  544 1.639672 -46.366328 0.930273 1.102732 0.000000 4.703088 0.399414
  545 1.937926 -53.808967 0.840039 0.615322 0.000000 4.332269 0.422852
  546 2.252370 -57.805020 0.880859 0.887359 0.000000 4.312026 0.437500
  547 2.233306 -54.425909 0.655273 1.170991 0.000000 5.159877 0.365234
  548 2.161154 -48.693494 0.734766 0.831571 0.000000 4.643147 0.372070
  549 2.343891 -71.766798 0.844336 0.888499 0.000000 4.601528 0.387695
  550 2.236068 -49.166676 0.777734 0.991661 0.000000 4.523803 0.385742
  551 1.849870 -52.112451 0.794922 0.641350 0.000000 4.504999 0.407227
  552 2.036257 -44.883968 0.867969 0.846543 0.000000 4.150487 0.430664
  553 1.665525 -48.114596 0.818555 0.777172 0.000000 4.500293 0.430664
  554 2.335977 -54.328685 0.913086 0.728833 0.000000 4.170623 0.458008
  555 1.736816 -45.396870 0.885156 0.865998 0.000000 4.365651 0.419922
  556 1.343710 -55.615451 0.943164 0.857885 0.000000 3.769900 0.458008
  557 1.638887 -39.660486 0.932422 0.934290 0.000000 4.120460 0.411133
  558 1.816306 -56.351339 0.960352 0.766482 0.000000 3.779005 0.444336
  559 1.566151 -43.069046 1.011914 0.844685 0.000000 3.835031 0.478516
  560 1.500000 -61.293747 0.842188 0.702978 0.000000 4.053287 0.441406
  561 1.280720 -45.074421 0.844336 0.875679 0.000000 3.854368 0.471680
  562 1.554151 -45.864144 0.902344 0.893957 0.000000 3.517728 0.478516
  563 1.702939 -26.350881 0.956055 0.888644 0.000000 3.633381 0.487305
  564 1.641950 -48.934635 1.067773 0.786305 0.000000 3.747963 0.490234
  565 1.816306 -50.503253 1.035547 0.790986 0.000000 3.497950 0.524414
  566 1.504018 -45.733395 0.943164 1.003404 0.000000 3.936113 0.468750
  567 2.368916 -40.974839 0.919531 1.207971 0.000000 4.230045 0.423828
  568 1.736816 -41.823912 0.932422 0.797355 0.000000 4.257643 0.447266
  569 1.712511 -34.952567 1.078516 0.627972 0.000000 3.855788 0.497070
  570 1.712511 -58.840228 0.878711 0.846104 0.000000 3.778185 0.480469
  571 1.621515 -33.588301 0.805664 0.856642 0.000000 4.111129 0.424805
  572 1.802776 -53.940797 0.863672 0.797595 0.000000 3.688346 0.472656
  573 1.672772 -53.887228 0.891602 0.561779 0.000000 4.062171 0.458008
  574 1.831876 -57.930395 0.771289 0.865678 0.000000 4.664866 0.424805
  575 2.300895 -53.737296 0.792773 0.867425 0.000000 4.863921 0.382812
  576 1.902630 -53.254786 0.762695 0.782056 0.000000 4.647146 0.389648
  577 2.102380 -42.190255 0.908789 0.903736 0.000000 3.889148 0.457031
  578 2.122775 -70.216729 0.771289 0.826576 0.000000 4.758671 0.403320
  579 1.902630 -35.719293 0.837891 0.905705 0.000000 4.429796 0.414062
  580 2.000000 -59.867560 0.962500 0.892379 0.000000 4.096491 0.448242
  581 2.512469 -56.686365 0.715430 0.619600 0.000000 4.778079 0.357422
  582 2.436896 -71.727276 0.803516 0.878634 0.000000 4.484921 0.409180
  583 1.860521 -39.928044 1.106445 0.676685 0.000000 3.799056 0.512695
  584 1.548126 -44.440971 0.938867 0.884905 0.000000 3.704255 0.465820
  585 1.209995 -38.566729 0.893750 0.656262 0.000000 3.482017 0.488281
  586 1.126185 -21.887228 1.166602 0.962333 0.000000 3.244238 0.534180
  587 1.093415 -36.492238 1.076367 0.794270 0.000000 3.275079 0.537109
  588 1.457738 -37.293747 0.865820 0.781574 0.000000 3.077626 0.521484
  589 1.214286 -27.420772 1.009766 0.823005 0.000000 3.101348 0.533203
  590 2.137187 -29.335546 1.052734 0.731020 0.000000 3.221982 0.539062
  591 1.617215 -31.941310 1.142969 0.839020 0.000000 2.956980 0.576172
  592 1.562050 -39.074037 1.164453 0.786144 0.000000 3.278865 0.542969
  593 1.631422 -37.737296 1.026953 1.001904 0.000000 3.019369 0.547852
  594 1.303840 -33.853940 1.151563 1.133026 0.000000 3.087542 0.551758
  595 1.230769 -42.441929 1.173047 0.809679 0.000000 3.019805 0.574219
  596 1.490712 -49.090525 1.041992 0.722586 0.000000 3.124893 0.540039
  597 1.831876 -24.278285 1.132227 0.725413 0.000000 3.260258 0.535156
  598 1.578410 -38.218006 1.218164 0.949629 0.000000 3.303816 0.563477
  599 1.531283 -15.026087 1.093555 0.582027 0.000000 3.422482 0.500000
  600 1.887273 -31.603894 1.166602 0.918070 0.000000 3.213388 0.535156
  601 1.353514 -36.817798 1.084961 0.687430 0.000000 2.942106 0.575195
  602 1.355669 -43.571007 1.059180 0.795326 0.000000 3.258727 0.526367
  603 1.209995 -58.971541 0.958203 0.547073 0.000000 3.541824 0.482422
  604 1.409329 -48.234376 0.906641 0.816053 0.000000 3.280057 0.506836
  605 1.212678 -45.409622 1.132227 1.039354 0.000000 3.446186 0.486328
  606 1.720465 -28.217174 1.016211 0.740177 0.000000 3.075417 0.558594
  607 1.351882 -38.924630 0.988281 0.789945 0.000000 3.130290 0.526367
  608 1.286876 -28.066729 0.964648 1.093786 0.000000 3.390185 0.485352
  609 1.828887 -35.756746 1.033398 0.942391 0.000000 3.466192 0.487305
  610 1.926535 -51.044227 0.966797 0.732354 0.000000 3.873996 0.458008
  611 1.638887 -47.259896 0.945313 0.978261 0.000000 3.935802 0.469727
  612 2.131004 -46.793540 1.031250 0.784615 0.000000 3.821908 0.506836
  613 2.247083 -31.412985 0.938867 0.815267 0.000000 4.387247 0.437500
  614 2.503123 -50.277915 0.930273 0.961727 0.000000 4.647638 0.407227
  615 2.035791 -31.990062 0.676758 0.868146 0.000000 5.164884 0.374023
  616 2.012308 -65.195505 0.893750 1.197941 0.000000 4.665822 0.418945
  617 1.499333 -33.466283 0.986133 0.827200 0.000000 4.248296 0.461914
  618 1.409329 -34.728331 1.022656 0.917560 0.000000 3.796100 0.452148
  619 1.500000 -44.619627 0.908789 0.952558 0.000000 3.614584 0.483398
  620 1.562050 -40.910014 1.050586 0.772790 0.000000 3.644203 0.469727
  621 1.932013 -60.733795 0.874414 0.476094 0.000000 3.967651 0.465820
  622 2.467567 -55.482531 0.846484 0.715846 0.000000 4.664470 0.400391
  623 2.447087 -54.321007 0.988281 0.749908 0.000000 4.411181 0.422852
  624 1.908455 -41.217174 1.052734 1.045158 0.000000 4.143422 0.459961
  625 1.811077 -51.161377 1.115039 0.707389 0.000000 3.917974 0.496094
  626 1.953057 -74.717174 0.872266 0.763160 0.000000 4.601455 0.390625
  627 2.529822 -54.839616 0.829297 0.874043 0.000000 4.975433 0.376953
  628 1.393136 -36.378672 1.026953 0.834070 0.000000 3.688443 0.461914
  629 1.605609 -48.210632 1.151563 0.874083 0.000000 3.362551 0.535156
  630 1.406930 -37.146802 0.900195 0.864950 0.000000 3.258986 0.515625
  631 1.457738 -30.974839 1.183789 0.580256 0.000000 3.141021 0.571289
  632 1.808101 -15.386823 1.102148 0.722027 0.000000 3.028107 0.576172
  633 1.856626 -27.987673 1.200977 0.684362 0.000000 3.019287 0.569336
  634 1.544021 -27.882732 1.196680 0.620844 0.000000 2.927128 0.573242
  635 1.351882 -34.769071 1.009766 0.927452 0.000000 3.030565 0.532227
  636 1.577909 -33.145478 1.065625 0.946141 0.000000 2.948345 0.537109
  637 1.234662 -27.098998 0.996875 1.014541 0.000000 3.374912 0.499023
  638 1.830441 -30.588360 0.981836 0.832452 0.000000 3.024717 0.513672
  639 1.342189 -38.257341 1.205273 0.923043 0.000000 2.922727 0.588867
  640 1.369932 -43.285263 1.117188 0.911537 0.000000 3.178208 0.541992
  641 1.335935 -29.770561 1.104297 0.743658 0.000000 3.408333 0.500977
  642 1.426437 -27.571007 1.026953 0.887218 0.000000 3.427372 0.519531
  643 1.585525 -45.346051 1.026953 0.796531 0.000000 3.318147 0.531250
  644 1.744449 -29.563164 1.003320 0.775858 0.000000 3.606959 0.505859
  645 2.000000 -22.871843 0.986133 0.743635 0.000000 3.969350 0.419922
  646 1.717701 -66.888836 0.919531 0.839015 0.000000 3.930941 0.462891
  647 1.515684 -30.025689 0.936719 0.720810 0.000000 4.256071 0.421875
  648 1.309953 -35.116589 1.115039 0.731616 0.000000 3.529497 0.528320
  649 1.831876 4.003706 1.123633 1.031413 0.000000 3.311564 0.514648
  650 1.295408 -44.393021 1.022656 0.888448 0.000000 3.372497 0.518555
  651 1.217018 -24.724997 1.138672 0.947099 0.000000 3.147777 0.529297
  652 1.350926 -27.607228 1.188086 0.919660 0.000000 3.199107 0.551758
  653 1.432164 -24.100508 1.007617 0.813962 0.000000 3.547222 0.524414
  654 1.000000 -46.211203 1.014063 0.868481 0.000000 3.322263 0.513672
  655 1.328281 -43.722010 0.913086 0.688896 0.000000 3.282114 0.500977
  656 1.279681 -19.422451 1.041992 0.655731 0.000000 3.508029 0.513672
  657 1.706984 -43.834399 1.218164 0.984369 0.000000 3.451329 0.545898
  658 1.802776 -39.682571 0.930273 0.834018 0.000000 3.884484 0.463867
  659 1.926535 -39.299239 0.949609 0.877101 0.000000 3.799536 0.460938
  660 1.815772 -58.065005 1.078516 0.953935 0.000000 3.389882 0.541016
  661 1.536902 -53.665748 0.872266 0.610996 0.000000 3.976191 0.458008
  662 1.355213 -41.834399 0.951758 0.689472 0.000000 4.015830 0.490234
  663 1.935433 -31.220941 1.170898 0.479841 0.000000 3.483383 0.520508
  664 1.470217 -55.239367 1.063477 0.892823 0.000000 3.927000 0.469727
  665 1.548126 -32.316834 0.975391 0.811257 0.000000 3.882923 0.460938
  666 1.562050 -46.886467 1.050586 0.719522 0.000000 3.395444 0.535156
  667 1.270352 -41.126562 1.005469 0.703994 0.000000 3.430728 0.491211
  668 1.487410 -25.970728 0.966797 0.948803 0.000000 3.492838 0.498047
  669 1.156108 -20.195784 1.089258 0.659895 0.000000 3.306944 0.501953
  670 1.273303 -43.550062 1.134375 0.570872 0.000000 3.312502 0.524414
  671 1.433587 -49.254786 0.865820 1.050042 0.000000 3.970054 0.399414
  672 1.617215 -36.487673 0.915234 1.104064 0.000000 3.717430 0.439453
  673 1.652122 -63.462451 0.947461 0.595390 0.000000 3.805667 0.492188
  674 1.199450 -33.217906 0.968945 0.750001 0.000000 4.009574 0.468750
  675 1.201850 -42.341773 1.162305 0.547122 0.000000 3.377403 0.537109
  676 1.757886 -36.805847 0.990430 0.514743 0.000000 3.794260 0.488281
  677 1.903943 -53.846184 0.711133 0.584380 0.000000 4.862512 0.414062
  678 1.932013 -55.799616 0.932422 0.704229 0.000000 4.297475 0.424805
  679 1.860108 -22.196282 1.024805 0.806307 0.000000 3.512173 0.481445
  680 1.377411 -45.551997 1.018359 0.833121 0.000000 3.290127 0.495117
  681 2.408319 -33.606123 1.112891 0.884329 0.000000 3.332379 0.526367
  682 1.729663 -51.362032 1.132227 0.880123 0.000000 3.742337 0.503906
  683 2.687419 -36.975859 0.887305 0.792484 0.000000 4.224154 0.402344
  684 2.636878 -64.358747 0.721875 0.975319 0.000000 5.187215 0.367188
  685 1.820453 -43.181070 0.777734 0.613571 0.000000 4.616229 0.419922
  686 2.233306 -61.240228 0.915234 1.009333 0.000000 4.371132 0.445312
  687 2.109502 -35.990303 0.941016 0.740536 0.000000 4.311477 0.428711
  688 2.209072 -67.387605 0.850781 0.993020 0.000000 4.827387 0.406250
  689 1.643390 -53.397432 0.921680 0.987007 0.000000 4.714113 0.422852
  690 1.093216 -29.273948 1.216016 0.685669 0.000000 3.712165 0.502930
  691 1.737758 -34.695784 1.108594 0.776929 0.000000 3.620531 0.532227
  692 1.465865 -53.548097 1.009766 0.902803 0.000000 3.615980 0.498047
  693 1.382666 -48.770561 0.831445 0.928902 0.000000 4.048142 0.421875
  694 2.009975 -51.355730 0.941016 0.672991 0.000000 4.033066 0.452148
  695 2.260440 -63.348784 0.861523 1.072448 0.000000 4.628023 0.405273
  696 2.144192 -55.045429 0.878711 0.694458 0.000000 4.765067 0.414062
  697 2.305443 -44.818902 0.925977 0.906999 0.000000 4.214235 0.446289
  698 2.161154 -51.262451 0.891602 0.641344 0.000000 3.787094 0.467773
  699 2.529822 -40.743796 0.870117 0.905601 0.000000 4.408493 0.437500
  700 2.889107 -53.479616 0.943164 0.817266 0.000000 4.212637 0.473633
  701 3.502186 -72.058618 0.786328 0.904540 0.000000 5.039301 0.386719
  702 2.913725 -72.400062 0.659570 0.783500 0.000000 5.785463 0.345703
  703 3.041381 -85.462451 0.588672 0.611008 0.000000 6.925212 0.247070
  704 3.041381 -47.064586 0.558594 0.907184 0.000000 6.836191 0.275391
  705 3.127499 -73.177137 0.825000 0.940600 0.000000 5.738831 0.360352
  706 4.549115 -83.462451 0.614453 1.103639 0.000000 6.879373 0.278320
  707 3.395769 -85.653856 0.530664 0.528258 0.000000 8.558332 0.249023
  708 4.010191 -85.653856 0.584375 1.030243 0.000000 7.216699 0.291016
  709 3.288818 -72.794920 0.659570 0.821430 0.000000 6.345037 0.315430
  710 3.030458 -79.066729 0.642383 0.569199 0.000000 7.034567 0.280273
  711 2.918154 -51.083503 0.751953 0.883225 0.000000 5.585535 0.360352
  712 2.815463 -46.277774 0.893750 0.697199 0.000000 5.447922 0.380859
  713 3.475864 -80.345366 0.655273 0.775385 0.000000 6.458181 0.320312
  714 2.761340 -78.302451 0.586523 0.917009 0.000000 6.963998 0.291016
  715 2.948272 -46.909102 0.685352 0.538462 0.000000 5.895437 0.341797
  716 3.271563 -78.433081 0.803516 0.624677 0.000000 5.437112 0.377930
  717 2.885849 -79.187228 0.771289 0.674310 0.000000 5.771876 0.338867
  718 2.416244 -64.733795 0.807813 0.724254 0.000000 5.580177 0.352539
  719 3.298113 -61.854607 0.603711 0.819916 0.000000 5.836601 0.317383
  720 3.155817 -42.437673 0.825000 0.677912 0.000000 5.220764 0.390625
  721 2.651560 -76.488523 0.676758 0.801005 0.000000 5.698863 0.364258
  722 2.383889 -52.931263 0.799219 0.851586 0.000000 5.419255 0.374023
  723 1.617215 -41.831078 0.915234 0.986032 0.000000 4.211248 0.443359
  724 1.396082 -33.754786 1.136523 0.883455 0.000000 3.152140 0.548828
  725 1.457384 -45.709450 0.900195 0.643136 0.000000 3.536685 0.468750
  726 1.355815 -39.846616 1.009766 0.722585 0.000000 3.584858 0.520508
  727 1.406930 -27.370470 1.029102 0.763865 0.000000 3.276679 0.519531
  728 1.660910 -49.211203 1.173047 0.642738 0.000000 3.436893 0.517578
  729 1.955385 -29.233592 1.029102 0.792299 0.000000 3.576226 0.491211
  730 1.890283 -28.073111 1.104297 0.656165 0.000000 3.562091 0.532227
  731 2.885849 -72.750062 0.749805 0.521897 0.000000 4.580884 0.423828
  732 3.498571 -34.698814 0.792773 0.969456 0.000000 5.712736 0.348633
  733 2.357023 -46.870878 0.831445 0.899493 0.000000 5.258941 0.358398
  734 2.305878 -51.877673 0.835742 0.863842 0.000000 5.382882 0.362305
  735 2.109502 -41.692896 0.928125 0.803163 0.000000 4.292048 0.421875
  736 2.057983 -50.356822 0.749805 1.223623 0.000000 4.424050 0.400391
  737 2.341442 -64.648689 0.874414 0.805126 0.000000 4.430591 0.409180
  738 2.233339 -25.142219 0.820703 0.857159 0.000000 4.293843 0.445312
  739 2.612189 -53.733153 0.986133 0.847898 0.000000 4.822740 0.456055
  740 1.816306 -48.375594 0.874414 0.947498 0.000000 5.149339 0.366211
  741 1.670928 -13.919155 1.132227 0.746912 0.000000 3.713141 0.522461
  742 1.338111 -27.670491 1.185938 0.864363 0.000000 3.224932 0.569336
  743 1.277204 -37.603894 1.200977 0.670791 0.000000 3.245310 0.545898
  744 1.549722 -17.067862 1.166602 0.784034 0.000000 3.080337 0.554688
  745 2.281036 -8.063609 1.304102 0.643727 0.000000 3.252218 0.577148
  746 2.100595 -33.447228 0.949609 0.755983 0.000000 3.889784 0.479492
  747 1.240520 -32.316729 1.039844 0.874251 0.000000 3.562217 0.520508
  748 1.596456 -40.399616 1.011914 0.802665 0.000000 3.116920 0.554688
  749 1.337038 -20.624839 1.123633 0.612522 0.000000 3.021684 0.552734
  750 1.395102 -41.707239 1.041992 0.760285 0.000000 3.134668 0.532227
  751 1.278275 -41.229563 0.762695 1.080468 0.000000 3.677483 0.408203
  752 1.255055 -30.912005 1.168750 0.624657 0.000000 3.344870 0.576172
  753 1.447719 -32.414839 1.200977 0.741304 0.000000 2.955683 0.583008
  754 1.500000 -42.713970 0.973242 0.925724 0.000000 3.548659 0.505859
  755 1.734604 -32.900508 1.003320 0.618923 0.000000 3.279905 0.521484
  756 2.000000 -65.240228 1.001172 1.067470 0.000000 3.998123 0.461914
  757 1.795055 -49.499753 0.917383 0.629167 0.000000 4.569141 0.430664
  758 1.564609 -55.174839 0.736914 0.513888 0.000000 4.414929 0.414062
  759 1.832618 -62.862451 0.923828 0.761300 0.000000 4.283195 0.448242
  760 1.729663 -53.564819 1.041992 1.042287 0.000000 4.205506 0.446289
  761 1.566151 -43.185499 1.035547 0.917604 0.000000 4.151159 0.479492
  762 1.362047 -28.791506 1.119336 1.135565 0.000000 3.656385 0.467773
  763 1.666667 -42.237673 0.943164 0.752611 0.000000 3.881919 0.434570
  764 1.307692 -46.566729 1.074219 0.990590 0.000000 3.456659 0.499023
  765 2.002576 -18.930953 1.108594 0.746767 0.000000 3.587483 0.515625
  766 1.734604 -30.485237 1.151563 0.537548 0.000000 3.187650 0.543945
  767 1.551674 -43.442575 1.179492 0.858330 0.000000 3.404101 0.502930
  768 1.562889 -24.937530 1.104297 0.813030 0.000000 3.231940 0.562500
  769 1.641057 -46.268527 1.097852 0.957278 0.000000 3.456470 0.520508
  770 1.395102 -47.363253 1.102148 0.816022 0.000000 3.607302 0.508789
  771 1.163586 -29.583535 1.063477 0.948655 0.000000 3.447964 0.511719
  772 1.219756 -39.437228 1.061328 0.758946 0.000000 3.601358 0.512695
  773 1.480466 -45.683116 0.962500 0.808871 0.000000 3.255992 0.499023
  774 1.641950 -13.820022 1.145117 0.682179 0.000000 3.323498 0.531250
  775 1.520526 -40.355483 1.031250 0.829009 0.000000 3.611080 0.487305
  776 1.278275 -46.184732 1.063477 0.891898 0.000000 3.487756 0.517578
  777 1.612452 -33.663105 0.885156 0.724585 0.000000 3.795783 0.459961
  778 1.612452 -33.656472 1.001172 0.814750 0.000000 3.508664 0.478516
  779 1.646434 -33.796319 1.076367 0.669503 0.000000 3.949050 0.473633
  780 1.406393 -38.474035 1.061328 0.536110 0.000000 3.546031 0.493164
  781 1.253860 -22.890447 0.999023 0.598337 0.000000 3.297203 0.526367
  782 1.295319 -53.821839 1.031250 0.631293 0.000000 3.441608 0.493164
  783 1.515438 -49.168994 0.994727 0.645390 0.000000 3.493663 0.473633
  784 2.889107 -9.302080 1.158008 0.987257 0.000000 3.690946 0.500000
  785 1.586582 -51.831078 1.117188 0.732302 0.000000 3.557648 0.501953
  786 1.369621 -32.227691 1.009766 1.102659 0.000000 3.597881 0.490234
  787 1.456579 -28.498898 1.155859 1.031842 0.000000 3.785285 0.488281
  788 1.621515 -55.132950 1.037695 0.803439 0.000000 3.672999 0.489258
  789 1.616542 -44.432682 1.009766 0.729825 0.000000 3.388846 0.495117
  790 1.985525 -13.369473 1.185938 0.750245 0.000000 3.475552 0.541992
  791 1.652122 -25.494356 1.162305 0.797326 0.000000 3.638531 0.527344
  792 1.649242 -48.832663 1.031250 0.842923 0.000000 3.811100 0.475586
  793 1.562889 -51.533325 0.891602 0.898800 0.000000 3.999350 0.451172
  794 1.726088 -19.176975 0.936719 0.593552 0.000000 3.492625 0.518555
  795 2.144192 -57.442783 1.089258 0.863545 0.000000 3.771216 0.497070
  796 2.557042 -63.028119 0.764844 1.056821 0.000000 5.271565 0.359375
  797 2.265470 -59.274462 0.855078 0.817830 0.000000 5.150820 0.365234
  798 2.335977 -41.926532 0.870117 0.727374 0.000000 4.440900 0.409180
  799 1.631422 -62.016397 0.898047 0.878105 0.000000 4.235232 0.467773
  800 1.669397 -41.404340 0.951758 0.584883 0.000000 4.153542 0.449219
  801 2.202272 -48.257754 0.934570 0.725831 0.000000 4.366526 0.450195
  802 2.577203 -49.315580 0.887305 0.946212 0.000000 4.903529 0.421875
  803 2.134375 -64.798862 0.803516 0.939273 0.000000 5.115479 0.390625
  804 1.900000 -55.356615 0.803516 0.512866 0.000000 4.130167 0.452148
  805 1.704457 -26.489991 0.872266 0.888730 0.000000 3.723422 0.465820
  806 1.323987 -33.159327 1.106445 0.663834 0.000000 3.316547 0.537109
  807 1.234662 -30.562896 0.971094 0.902165 0.000000 3.275113 0.499023
  808 1.233171 -27.837673 1.039844 0.790875 0.000000 3.332200 0.523438
  809 1.303840 -22.239183 1.261133 0.673235 0.000000 3.172087 0.542969
  810 1.439851 -13.123591 1.160156 0.817819 0.000000 3.079190 0.537109
  811 1.564609 -47.682237 0.994727 0.859734 0.000000 3.567422 0.480469
  812 1.419116 -21.971541 1.033398 1.015028 0.000000 3.160836 0.503906
  813 1.652122 -34.773146 1.104297 0.784504 0.000000 3.337107 0.537109
  814 2.058144 -46.776736 1.067773 0.775126 0.000000 3.713199 0.507812
  815 2.404423 -47.764779 0.801367 0.688414 0.000000 4.043205 0.421875
  816 1.901916 -52.651676 0.833594 0.622217 0.000000 4.456387 0.427734
  817 1.863928 -52.272471 0.921680 1.073522 0.000000 3.979114 0.460938
  818 2.503123 -38.180831 1.078516 0.761564 0.000000 3.828694 0.499023
  819 1.612452 -33.607228 0.842188 0.541930 0.000000 3.743299 0.479492
  820 1.230769 -33.756657 1.026953 0.853451 0.000000 3.340617 0.536133
  821 1.488624 -31.708172 1.209570 0.519209 0.000000 3.205291 0.548828
  822 1.788854 -50.267560 1.009766 0.416681 0.000000 3.736359 0.495117
  823 1.201850 -50.114624 1.078516 0.588289 0.000000 3.257428 0.550781
  824 1.561380 -23.024572 1.100000 0.709988 0.000000 3.470859 0.530273
  825 1.498717 -59.636913 1.151563 0.739968 0.000000 3.494174 0.542969
  826 2.631174 -39.232682 0.960352 1.039511 0.000000 4.376827 0.422852
  827 2.549510 -49.397432 0.803516 0.805212 0.000000 4.889298 0.378906
  828 2.404423 -35.853894 0.766992 0.780748 0.000000 5.107038 0.359375
  829 1.578410 -52.288075 0.958203 0.821674 0.000000 3.942741 0.456055
  830 1.717701 -15.893220 1.026953 0.937969 0.000000 3.624881 0.479492
  831 1.922009 -45.083433 1.061328 0.798971 0.000000 3.343273 0.537109
  832 2.102380 -53.208172 0.910938 0.730878 0.000000 3.928882 0.467773
  833 1.801234 -47.708172 0.971094 1.075138 0.000000 4.094426 0.416016
  834 2.022375 -27.140508 0.928125 0.716568 0.000000 4.056281 0.445312
  835 1.154006 -34.229917 1.115039 0.910864 0.000000 3.597852 0.491211
  836 1.674906 -33.225716 1.065625 0.776470 0.000000 3.091841 0.550781
  837 1.409460 -29.299616 1.216016 1.158814 0.000000 3.278273 0.536133
  838 1.406930 -41.505758 0.960352 1.245201 0.000000 3.582216 0.485352
  839 1.416931 -35.626291 0.885156 0.749275 0.000000 3.844993 0.468750
  840 1.562050 -29.132800 1.170898 0.595808 0.000000 3.122557 0.560547
  841 2.503123 -20.546553 1.084961 0.759554 0.000000 3.697841 0.502930
  842 1.240520 -45.822402 0.880859 1.048895 0.000000 4.171734 0.410156
  843 1.261412 -23.638328 1.018359 0.639786 0.000000 3.539315 0.488281
  844 1.233171 -21.797144 0.938867 0.679141 0.000000 3.304376 0.516602
  845 1.295408 -42.445714 1.089258 0.851140 0.000000 3.131777 0.559570
  846 1.368211 -36.504340 1.170898 0.774934 0.000000 3.118716 0.571289
  847 1.726746 -32.562896 1.136523 1.128448 0.000000 3.393207 0.531250
  848 1.315022 -45.557673 0.943164 0.614843 0.000000 3.776850 0.462891
  849 1.583333 -30.200912 0.977539 0.864031 0.000000 4.161701 0.457031
  850 1.549722 -27.687228 1.110742 0.772104 0.000000 3.445493 0.527344
  851 1.504018 -35.191519 0.964648 0.749887 0.000000 3.430796 0.482422
  852 1.480466 -50.055065 0.966797 0.715789 0.000000 3.800219 0.457031
  853 1.617215 -45.362451 1.003320 0.828999 0.000000 3.853506 0.445312
  854 1.831876 -53.499753 0.857227 1.061659 0.000000 3.860632 0.420898
  855 1.737593 -49.187228 0.900195 0.766414 0.000000 4.166111 0.434570
  856 2.233306 -35.072005 0.968945 0.761480 0.000000 3.798092 0.464844
  857 2.388122 -43.277835 0.876563 0.666337 0.000000 4.210221 0.425781
  858 1.475127 -34.765489 1.130078 0.826531 0.000000 3.733387 0.517578
  859 1.562050 -51.085950 0.960352 0.615675 0.000000 3.598670 0.495117
  860 1.380670 -44.069836 0.825000 0.712415 0.000000 3.622915 0.475586
  861 1.831876 -19.064586 0.979688 0.866964 0.000000 3.571606 0.492188
  862 1.811077 -41.482531 1.044141 0.636008 0.000000 3.825911 0.479492
  863 1.515684 -30.967453 1.014063 0.566724 0.000000 3.634929 0.505859
  864 1.380670 -40.991951 1.222461 0.731110 0.000000 3.183815 0.550781
  865 1.306094 -33.529117 1.087109 0.812911 0.000000 3.528833 0.512695
  866 1.595029 -38.660508 1.050586 1.124892 0.000000 3.581353 0.467773
  867 1.815772 -55.619284 0.992578 0.866060 0.000000 3.323261 0.500000
  868 1.605609 -40.725285 0.904492 0.725960 0.000000 4.446558 0.433594
  869 2.026298 -47.812382 0.962500 0.754113 0.000000 3.768221 0.460938
  870 1.913992 -21.485092 1.035547 0.888087 0.000000 3.687479 0.479492
  871 1.641950 -23.105499 1.063477 0.503999 0.000000 3.567564 0.506836
  872 2.369903 -35.187228 1.035547 0.833840 0.000000 3.703372 0.481445
  873 1.380670 -26.204607 1.016211 0.688184 0.000000 3.641136 0.473633
  874 1.816306 -57.529117 1.059180 0.729592 0.000000 3.947986 0.485352
  875 1.660910 -60.055430 0.837891 0.960012 0.000000 4.313720 0.444336
  876 1.650039 -41.921987 0.829297 0.649334 0.000000 3.925099 0.428711
  877 2.094812 -52.684821 0.943164 1.171461 0.000000 4.067532 0.444336
  878 1.760942 -63.583381 0.825000 0.732791 0.000000 4.007209 0.422852
  879 1.646434 -40.921490 0.889453 0.796257 0.000000 4.139740 0.420898
  880 2.627975 -45.879616 0.973242 0.682693 0.000000 4.094535 0.468750
  881 2.161154 -57.426899 0.878711 0.663148 0.000000 4.473880 0.422852
  882 2.795085 -79.725285 0.661719 0.851232 0.000000 5.239837 0.358398
  883 2.388122 -48.664201 0.700391 0.762973 0.000000 5.287514 0.349609
  884 2.247083 -64.172367 0.850781 0.789162 0.000000 4.579184 0.407227
  885 2.236068 -48.142451 0.859375 1.281151 0.000000 5.242423 0.363281
  886 2.648529 -41.997511 0.855078 0.631332 0.000000 4.402995 0.427734
  887 2.247083 -56.607638 0.788477 0.995053 0.000000 4.587079 0.377930
  888 2.224971 -46.530276 0.852930 0.831122 0.000000 5.422452 0.410156
  889 1.646434 -23.173562 0.923828 0.746005 0.000000 4.815826 0.422852
  890 1.456022 -36.205381 1.136523 1.040806 0.000000 3.624120 0.512695
  891 1.219756 -50.833956 0.953906 0.863953 0.000000 3.445978 0.497070
  892 1.562050 -45.344297 1.095703 0.579105 0.000000 3.604250 0.508789
  893 1.886699 -35.421407 1.121484 0.816902 0.000000 3.670845 0.514648
  894 1.380670 -42.259153 0.932422 1.100824 0.000000 3.186823 0.495117
  895 1.618477 -24.892896 1.194531 0.538763 0.000000 3.508464 0.553711
  896 1.508948 -36.484482 0.953906 0.936426 0.000000 2.987375 0.537109
  897 1.209995 -30.277962 1.016211 0.678866 0.000000 2.991782 0.550781
  898 1.590571 -30.253185 1.048438 0.696294 0.000000 3.403294 0.488281
  899 1.664332 -27.940711 1.061328 0.789624 0.000000 3.048910 0.511719
  900 1.418983 -22.289525 1.160156 0.856298 0.000000 3.295297 0.548828
  901 1.556113 -31.421839 0.898047 0.935247 0.000000 3.360792 0.520508
  902 1.616542 -38.503062 1.039844 0.756550 0.000000 3.317269 0.544922
  903 1.660910 -32.050508 0.777734 0.793209 0.000000 4.164961 0.414062
  904 2.137265 -55.946288 0.794922 0.741836 0.000000 4.166017 0.431641
  905 2.549510 -53.853940 0.902344 0.722383 0.000000 4.457972 0.409180
  906 1.562889 -27.852896 0.925977 1.016993 0.000000 4.132594 0.425781
  907 1.161063 -54.442575 1.050586 0.744802 0.000000 3.478201 0.493164
  908 1.697056 -36.408127 0.872266 0.611934 0.000000 3.984608 0.474609
  909 1.741490 -33.080427 1.084961 0.867112 0.000000 3.920066 0.504883
  910 2.467067 -29.078685 0.850781 1.007776 0.000000 4.795918 0.375000
  911 2.388122 -52.891483 0.835742 1.184511 0.000000 4.808612 0.400391
  912 2.121320 -38.717352 0.831445 0.771814 0.000000 4.312464 0.423828
  913 2.137265 -59.146229 0.960352 0.780441 0.000000 4.377098 0.443359
  914 2.388122 -42.883841 0.749805 1.116046 0.000000 4.668561 0.383789
  915 2.161154 -61.697745 0.863672 0.698968 0.000000 4.509447 0.416992
  916 2.343891 -54.940002 0.779883 0.778204 0.000000 5.655815 0.402344
  917 3.431546 -76.314857 0.829297 0.580927 0.000000 5.363254 0.421875
  918 3.890873 -81.123989 0.629492 1.106298 0.000000 7.188247 0.287109
  919 3.313547 -79.778761 0.605859 0.529753 0.000000 6.971889 0.325195
  920 2.627975 -34.676736 0.831445 0.888479 0.000000 5.627100 0.360352
  921 2.651650 -55.093358 0.758398 0.966292 0.000000 5.235507 0.360352
  922 2.895620 -69.843665 0.773438 0.969302 0.000000 5.841158 0.350586
  923 2.910618 -79.983395 0.603711 0.813165 0.000000 6.304008 0.305664
  924 3.171943 -65.483395 0.681055 1.101145 0.000000 6.295037 0.318359
  925 2.636878 -47.557818 0.689648 0.912638 0.000000 5.329259 0.351562
  926 2.233306 -60.458618 0.777734 0.768362 0.000000 4.701262 0.396484
  927 1.811077 -54.302451 1.024805 0.764166 0.000000 4.200846 0.438477
  928 1.493576 -39.108548 0.932422 0.735244 0.000000 3.700964 0.498047
  929 1.439851 -22.243652 1.057031 0.929986 0.000000 3.142702 0.538086
  930 1.751010 -29.912760 1.127930 0.854625 0.000000 3.216049 0.557617
  931 1.267105 -46.459896 0.949609 0.765695 0.000000 3.458482 0.501953
  932 1.769181 -27.959616 1.076367 0.748444 0.000000 3.525333 0.524414
  933 1.351882 -39.955053 0.797070 0.855427 0.000000 3.805195 0.439453
  934 1.639672 -19.352736 0.999023 0.803404 0.000000 3.164817 0.550781
  935 1.414214 -41.414646 1.082813 0.966245 0.000000 3.177256 0.523438
  936 1.307692 -46.201581 0.880859 0.847600 0.000000 3.269715 0.473633
  937 1.492072 -44.333980 0.812109 0.932565 0.000000 3.585094 0.442383
  938 1.548126 -45.969729 1.054883 0.813251 0.000000 3.399067 0.533203
  939 2.036257 -29.441126 0.928125 0.924387 0.000000 3.919652 0.464844
  940 2.224998 -56.790062 0.799219 0.875430 0.000000 4.239187 0.421875
  941 1.815772 -27.439424 1.024805 0.645329 0.000000 3.826016 0.492188
  942 1.736816 -35.195784 0.941016 0.632093 0.000000 4.310090 0.411133
  943 1.811077 -39.529781 1.087109 0.647073 0.000000 4.052564 0.468750
  944 1.923538 -66.143467 0.878711 0.878041 0.000000 4.380378 0.436523
  945 2.252370 -64.995120 0.859375 0.772936 0.000000 4.236630 0.434570
  946 1.726746 -38.218006 1.097852 0.729161 0.000000 3.750211 0.501953
  947 1.309012 -6.383128 1.112891 0.827201 0.000000 3.407384 0.544922
  948 1.636734 -53.769829 0.953906 0.670357 0.000000 3.844207 0.454102
  949 1.937926 -38.333980 0.941016 0.840376 0.000000 3.960127 0.457031
  950 2.169635 -39.222429 0.928125 0.534110 0.000000 3.910663 0.465820
  951 1.910497 -33.738208 0.898047 0.758861 0.000000 4.304079 0.451172
  952 1.910938 -44.237673 0.906641 0.736711 0.000000 4.595742 0.431641
  953 1.894264 -27.375080 0.917383 0.756429 0.000000 4.015506 0.451172
  954 1.299625 -43.228323 1.029102 0.665054 0.000000 3.302407 0.514648
  955 1.617215 -25.396857 1.024805 0.794693 0.000000 3.145383 0.532227
  956 1.418983 -15.941899 1.155859 0.806924 0.000000 2.933759 0.586914
  957 2.151775 -34.227900 1.168750 0.682900 0.000000 3.078753 0.570312
  958 1.597412 -19.079131 1.190234 0.727914 0.000000 2.938268 0.605469
  959 1.761661 -30.874839 1.209570 1.027855 0.000000 3.000556 0.572266
  960 1.913992 -14.228281 1.168750 0.623563 0.000000 3.156034 0.547852
  961 1.720465 -25.079616 1.142969 0.942284 0.000000 2.961505 0.547852
  962 1.789367 -25.502451 1.104297 0.748235 0.000000 2.801305 0.567383
  963 1.312457 -20.542451 1.263281 0.652919 0.000000 3.070262 0.607422
  964 1.492072 -47.550062 1.110742 0.620682 0.000000 3.293270 0.524414
  965 1.536902 -30.073111 1.117188 0.849797 0.000000 3.265899 0.539062
  966 1.240347 -46.218664 1.080664 0.706552 0.000000 3.469412 0.507812
  967 1.316711 -37.485950 1.112891 0.706996 0.000000 3.275729 0.542969
  968 2.093190 -45.062451 0.846484 0.951653 0.000000 3.673272 0.436523
  969 1.396082 -45.464415 1.063477 0.594676 0.000000 3.723719 0.483398
  970 1.462439 -17.959616 0.861523 0.827964 0.000000 4.105901 0.466797
  971 1.679491 -5.679994 1.125781 0.865557 0.000000 4.020346 0.461914
  972 2.117851 -33.378854 1.205273 0.825606 0.000000 3.302923 0.552734
  973 1.556113 -30.276018 0.996875 0.846610 0.000000 3.307659 0.512695
  974 1.913992 -49.853894 1.069922 0.725093 0.000000 3.938818 0.469727
  975 1.699056 -67.402171 0.883008 0.706605 0.000000 4.449004 0.393555
  976 2.057983 -51.288837 0.835742 0.805273 0.000000 4.200494 0.447266
  977 1.808101 -33.717673 0.958203 0.793701 0.000000 3.923867 0.477539
  978 1.515438 -33.574839 1.095703 0.775788 0.000000 3.561741 0.510742
  979 1.736816 -41.171007 1.005469 0.785749 0.000000 3.609916 0.491211
  980 1.325236 -48.721452 1.005469 0.820462 0.000000 3.811930 0.484375
  981 1.562889 -45.769829 0.928125 0.906438 0.000000 3.417163 0.497070
  982 1.528321 -47.171007 0.857227 0.955895 0.000000 4.136335 0.446289
  983 1.913992 -38.782451 1.018359 0.824306 0.000000 3.528696 0.494141
  984 1.932013 -50.425730 0.889453 0.909796 0.000000 3.872035 0.469727
  985 1.082851 -37.574839 1.138672 0.978302 0.000000 3.720449 0.490234
  986 1.369932 -35.101162 1.048438 0.802713 0.000000 3.458491 0.504883
  987 1.414214 -29.632950 1.211719 0.807003 0.000000 3.331917 0.549805
  988 1.601990 -30.821007 1.149414 1.087734 0.000000 3.368994 0.530273
  989 1.355815 -35.125285 1.044141 0.910890 0.000000 3.249508 0.500977
  990 1.381484 -34.164946 0.986133 0.814152 0.000000 3.094514 0.555664
  991 1.438858 -22.488550 1.046289 0.853907 0.000000 3.507456 0.506836
  992 1.475127 -41.312896 0.960352 0.839243 0.000000 3.366717 0.461914
  993 1.065538 -24.327757 1.140820 0.863334 0.000000 3.310449 0.494141
  994 1.325427 -26.265710 1.194531 0.877238 0.000000 3.057962 0.569336
  995 1.215610 -24.336207 1.145117 0.657236 0.000000 2.936962 0.610352
  996 1.868306 -31.071007 1.041992 0.900966 0.000000 3.032837 0.527344
  997 1.702939 -28.459518 1.097852 0.613085 0.000000 3.034233 0.568359
  998 1.338111 -19.846939 0.908789 0.781719 0.000000 2.974145 0.515625
  999 1.432581 -29.532896 0.983984 0.869380 0.000000 3.307536 0.507812
 1000 1.867857 -9.617696 1.170898 0.814010 0.000000 3.209299 0.561523
