    0 0.000000 614.324155 0.000000 0.000000 0.000000 0.000000 0.000000
    1 1.078164 600.375606 9.171875 0.668051 0.000000 2.048662 0.293945
    2 1.142857 588.135410 10.500000 0.701399 0.000000 1.875709 0.211914
    3 1.066667 588.253325 11.187500 0.869544 0.000000 2.130762 0.174805
    4 1.335935 576.692451 10.953125 0.988704 0.000000 2.106144 0.182617
    5 1.071078 570.313663 11.671875 1.293300 0.000000 2.002705 0.156250
    6 1.160629 571.589109 12.187500 1.633119 0.000000 1.802915 0.142578
    7 1.335935 574.626498 11.593750 1.629799 0.000000 2.108190 0.127930
    8 1.145087 566.526052 11.859375 1.652065 0.000000 1.959290 0.126953
    9 1.070047 567.175829 12.406250 1.457533 0.000000 1.921785 0.125000
   10 1.156407 575.964109 12.468750 1.364955 0.000000 1.967697 0.125977
   11 1.002220 577.251498 12.281250 1.486635 0.000000 1.941177 0.124023
   12 1.151751 588.338708 12.218750 1.125348 0.000000 1.991028 0.152344
   13 1.006615 586.802077 11.296875 0.564775 0.000000 1.933907 0.209961
   14 1.145087 578.788262 11.125000 1.150917 0.000000 1.961706 0.196289
   15 1.153001 574.613886 11.296875 1.259436 0.000000 2.035939 0.172852
   16 1.071078 572.801275 12.390625 1.236440 0.000000 1.870043 0.133789
   17 1.145087 567.151052 12.453125 1.273940 0.000000 1.969500 0.121094
   18 1.088564 572.626498 11.796875 1.591518 0.000000 1.916169 0.136719
   19 1.078164 572.051275 11.937500 1.473744 0.000000 1.984024 0.130859
   20 1.142177 574.551275 12.062500 1.541713 0.000000 1.753943 0.140625
   21 1.078164 569.176275 12.656250 1.205190 0.000000 1.953084 0.128906
   22 1.078164 572.176275 12.000000 1.641908 0.000000 1.999192 0.136719
   23 1.088564 573.001498 11.609375 1.794057 0.000000 1.972037 0.146484
   24 1.145087 572.313663 12.093750 1.575502 0.000000 1.940934 0.141602
   25 1.012423 572.876498 12.203125 1.642494 0.000000 2.005000 0.127930
   26 1.233171 571.251498 12.515625 1.578627 0.000000 1.922642 0.111328
   27 1.078164 566.276052 12.125000 1.686440 0.000000 1.914296 0.119141
   28 1.145087 567.151052 12.187500 1.513783 0.000000 1.796677 0.117188
   29 1.078164 573.238886 12.062500 1.470424 0.000000 1.927127 0.157227
   30 1.078164 570.863886 12.265625 1.603041 0.000000 1.856529 0.130859
   31 1.068748 573.176275 11.703125 1.689565 0.000000 1.893826 0.143555
   32 1.150521 573.863886 12.265625 1.442299 0.000000 1.787465 0.141602
   33 1.160629 573.876498 11.890625 1.576674 0.000000 1.866289 0.141602
   34 1.164057 577.468744 11.265625 0.922679 0.000000 1.927951 0.178711
   35 1.073807 570.438663 11.515625 1.466127 0.000000 2.052738 0.166016
   36 1.150521 576.001498 11.984375 1.660072 0.000000 1.927574 0.139648
   37 1.006615 571.313663 11.500000 1.705775 0.000000 1.762979 0.157227
   38 1.078164 569.026052 11.984375 1.502650 0.000000 1.845816 0.137695
   39 1.066667 571.688663 11.750000 2.035463 0.000000 1.903851 0.139648
   40 1.150521 570.938663 12.703125 1.421205 0.000000 1.935865 0.126953
   41 1.012423 589.322220 11.953125 1.101282 0.000000 1.920635 0.148438
   42 1.261062 590.240134 10.015625 1.022545 0.000000 1.844664 0.243164
   43 1.145087 580.011970 10.718750 1.024719 0.000000 1.921647 0.191406
   44 1.240347 581.419724 10.953125 0.913655 0.000000 2.015350 0.186523
   45 1.145087 595.412148 10.781250 0.552744 0.000000 2.067270 0.229492
   46 1.007585 581.586658 10.343750 0.707474 0.000000 2.044309 0.238281
   47 1.073807 579.408672 11.328125 0.691818 0.000000 1.923256 0.186523
   48 1.142857 582.923289 10.765625 0.967492 0.000000 2.026938 0.201172
   49 1.012423 580.217496 10.859375 0.955202 0.000000 1.940798 0.202148
   50 1.230769 580.984430 10.890625 1.207729 0.000000 2.032005 0.190430
   51 1.006615 581.906177 11.078125 0.754285 0.000000 1.911122 0.199219
   52 1.156407 584.692451 11.078125 0.882874 0.000000 2.094535 0.191406
   53 1.142177 585.954127 10.875000 1.014051 0.000000 1.875362 0.216797
   54 1.078164 566.526052 10.953125 1.258840 0.000000 1.951905 0.196289
   55 1.233171 564.938663 12.296875 1.557924 0.000000 1.949987 0.110352
   56 1.006615 571.063663 12.609375 1.491127 0.000000 1.935284 0.126953
   57 1.233171 573.551275 12.390625 1.444447 0.000000 1.978631 0.131836
   58 1.160629 565.676275 11.828125 1.679018 0.000000 2.026023 0.136719
   59 1.145087 566.863218 12.968750 1.196400 0.000000 2.024917 0.118164
   60 1.078164 570.813663 12.484375 1.178041 0.000000 1.906772 0.134766
   61 1.164057 579.247799 12.125000 1.254799 0.000000 1.944787 0.141602
   62 1.160629 580.581132 11.328125 0.931066 0.000000 1.960628 0.197266
   63 1.151751 579.603147 11.265625 0.844525 0.000000 1.982102 0.204102
   64 1.335935 582.438441 10.328125 1.250917 0.000000 2.102494 0.167969
   65 1.073807 580.862683 10.640625 1.037003 0.000000 1.986543 0.179688
   66 1.146563 584.217496 11.203125 0.695958 0.000000 1.972794 0.190430
   67 1.088564 586.776765 10.890625 0.643372 0.000000 1.865320 0.227539
   68 1.142857 566.651052 11.484375 1.877650 0.000000 1.935025 0.147461
   69 1.073807 577.751720 12.093750 1.805775 0.000000 1.949055 0.140625
   70 1.142857 571.563441 12.312500 1.547963 0.000000 1.948767 0.127930
   71 1.078164 567.175829 12.562500 1.399135 0.000000 1.939151 0.133789
   72 1.073166 579.364332 11.734375 1.679018 0.000000 1.957644 0.141602
   73 1.150521 567.425829 11.625000 1.559877 0.000000 1.833581 0.165039
   74 1.070047 569.926275 12.421875 1.401869 0.000000 1.876461 0.132812
   75 1.160629 576.459920 11.906250 1.313588 0.000000 1.931438 0.150391
   76 1.160629 581.711168 10.953125 1.001230 0.000000 2.214116 0.176758
   77 1.078164 572.301275 12.031250 1.023182 0.000000 1.903652 0.151367
   78 1.142177 575.926275 12.015625 1.488002 0.000000 1.890886 0.150391
   79 1.000000 592.240669 11.515625 1.067690 0.000000 1.910618 0.185547
   80 1.156407 568.876498 11.468750 1.291713 0.000000 1.964167 0.173828
   81 1.142857 570.426275 12.046875 1.546400 0.000000 1.970920 0.138672
   82 1.160629 572.464109 12.046875 1.525697 0.000000 1.938932 0.137695
   83 1.156407 592.300740 9.984375 1.270815 0.000000 2.028810 0.198242
   84 1.074968 583.284697 11.328125 0.813317 0.000000 1.916473 0.191406
   85 1.068748 582.921061 11.375000 0.737445 0.000000 2.093555 0.164062
   86 1.156407 577.626720 11.906250 1.489832 0.000000 2.046351 0.152344
   87 1.066667 569.776052 12.218750 1.574916 0.000000 2.004210 0.132812
   88 1.150521 574.488886 12.875000 1.149330 0.000000 1.989383 0.131836
   89 1.070047 570.688663 12.750000 1.282924 0.000000 1.997808 0.136719
   90 1.145087 565.313441 12.421875 1.638979 0.000000 1.942688 0.123047
   91 1.145087 574.551275 12.093750 1.549525 0.000000 1.814144 0.133789
   92 1.078164 567.438663 12.328125 1.424916 0.000000 1.975374 0.131836
   93 1.150521 568.901052 12.515625 1.612025 0.000000 1.833312 0.127930
   94 1.073807 573.126498 12.531250 1.530775 0.000000 2.085465 0.117188
   95 1.078164 567.938663 11.296875 1.493275 0.000000 1.914643 0.145508
   96 1.243904 573.176275 12.640625 1.234877 0.000000 1.901219 0.127930
   97 1.000000 568.188441 12.093750 1.322963 0.000000 1.850397 0.145508
   98 1.230769 570.001498 12.390625 1.350502 0.000000 1.902659 0.137695
   99 1.078164 566.526052 12.093750 1.404018 0.000000 1.938017 0.138672
  100 1.068748 568.988218 12.406250 1.375502 0.000000 1.950326 0.122070
  101 1.142857 572.238886 12.250000 1.518080 0.000000 1.828022 0.136719
  102 1.145087 569.801275 12.546875 1.517494 0.000000 2.009837 0.120117
  103 1.335935 571.988886 12.484375 1.538393 0.000000 1.921431 0.122070
  104 1.150521 588.086391 11.718750 1.321791 0.000000 1.896917 0.142578
  105 1.163014 581.939778 12.265625 0.816925 0.000000 1.970850 0.155273
  106 1.243904 589.829082 10.828125 0.695223 0.000000 1.881364 0.212891
  107 1.163014 580.096284 10.843750 1.065932 0.000000 1.919345 0.208984
  108 1.163014 581.784965 11.406250 0.671625 0.000000 1.968176 0.188477
  109 1.078164 579.651097 11.000000 0.751802 0.000000 1.916784 0.203125
  110 1.156407 581.105107 11.203125 1.008900 0.000000 2.233496 0.156250
  111 1.248447 588.450027 10.484375 1.188979 0.000000 2.251131 0.171875
  112 1.163014 581.784965 11.515625 0.731750 0.000000 1.905998 0.185547
  113 1.163014 587.162416 11.750000 0.894433 0.000000 1.939236 0.168945
  114 1.257410 585.589956 11.343750 0.906332 0.000000 2.107028 0.163086
  115 1.156407 583.404840 10.890625 0.845344 0.000000 1.984113 0.200195
  116 1.078164 582.681400 11.562500 0.867738 0.000000 1.963440 0.190430
  117 1.078164 570.151052 11.781250 1.380580 0.000000 1.916402 0.147461
  118 1.078164 574.738886 12.046875 1.435658 0.000000 1.833193 0.133789
  119 1.068748 572.401052 12.156250 1.619838 0.000000 1.891725 0.141602
  120 1.070047 568.313441 12.343750 1.276479 0.000000 1.846718 0.125977
  121 1.153001 574.113886 12.937500 1.196596 0.000000 1.847242 0.119141
  122 1.145087 586.193788 11.984375 1.492249 0.000000 1.882180 0.145508
  123 1.240347 577.711168 11.312500 0.942885 0.000000 2.095862 0.194336
  124 1.156407 580.450027 11.375000 0.826734 0.000000 2.122900 0.177734
  125 1.225924 586.193788 10.921875 1.095229 0.000000 1.904156 0.200195
  126 1.106993 585.816426 10.515625 0.644952 0.000000 1.964575 0.228516
  127 1.070047 601.333806 10.156250 0.570060 0.000000 2.162413 0.231445
  128 1.335935 596.584876 9.687500 0.646584 0.000000 2.163033 0.250977
  129 1.338111 596.235678 10.109375 0.972209 0.000000 2.074640 0.253906
  130 1.316711 596.660455 9.718750 0.636248 0.000000 1.886262 0.283203
  131 1.243904 585.707870 10.562500 0.507008 0.000000 2.031536 0.205078
  132 1.163586 594.438441 10.437500 1.108240 0.000000 2.021360 0.206055
  133 1.145087 582.680865 10.140625 0.858727 0.000000 1.957418 0.238281
  134 1.457384 593.928280 11.000000 1.041822 0.000000 1.789116 0.224609
  135 1.257410 598.727300 9.750000 0.805059 0.000000 2.002243 0.254883
  136 1.240347 593.786123 10.734375 0.532989 0.000000 2.124206 0.210938
  137 1.070047 584.983895 9.765625 0.955283 0.000000 2.027739 0.225586
  138 1.257410 571.488886 11.625000 1.796400 0.000000 1.898797 0.154297
  139 1.257410 581.001720 12.218750 1.584877 0.000000 1.925824 0.145508
  140 1.163014 567.425829 12.671875 1.484096 0.000000 1.968550 0.109375
  141 1.163014 573.051275 12.187500 1.561049 0.000000 1.958622 0.136719
  142 1.240347 571.438663 12.375000 1.895424 0.000000 1.986480 0.125977
  143 1.151751 575.238886 12.562500 1.444447 0.000000 2.004679 0.117188
  144 1.325427 572.276052 11.765625 1.886440 0.000000 1.882313 0.153320
  145 1.257410 587.392184 11.265625 1.110657 0.000000 1.969035 0.179688
  146 1.325427 587.126587 11.296875 0.644407 0.000000 1.888738 0.210938
  147 1.074968 568.813441 12.453125 1.477600 0.000000 1.999915 0.139648
  148 1.163014 574.238886 12.859375 1.291127 0.000000 1.951409 0.121094
  149 1.236694 569.151052 12.265625 1.648940 0.000000 1.934427 0.127930
  150 1.150521 571.313663 12.437500 1.517299 0.000000 1.870199 0.143555
  151 1.225924 571.688441 12.953125 1.142885 0.000000 1.874863 0.115234
  152 1.145087 570.176275 12.093750 1.744447 0.000000 1.896006 0.118164
  153 1.233171 570.176275 12.640625 1.421986 0.000000 1.976838 0.119141
  154 1.163014 569.651052 13.125000 1.274721 0.000000 2.028357 0.105469
  155 1.163014 572.676275 11.953125 1.683315 0.000000 1.987916 0.148438
  156 1.257410 574.238886 11.875000 1.856752 0.000000 1.894443 0.145508
  157 1.240347 574.501720 12.000000 1.823744 0.000000 1.964654 0.143555
  158 1.151751 572.426275 11.796875 1.881947 0.000000 1.958470 0.126953
  159 1.163014 569.526052 12.109375 1.676869 0.000000 1.923201 0.148438
  160 1.150521 570.563663 12.250000 1.721596 0.000000 1.946287 0.118164
  161 1.160629 574.126498 11.796875 1.838588 0.000000 1.913467 0.124023
  162 1.078164 570.813663 12.843750 1.482143 0.000000 1.937395 0.116211
  163 1.151751 567.925829 12.203125 1.554604 0.000000 1.915907 0.137695
  164 1.163014 574.863886 12.593750 1.617494 0.000000 2.016250 0.131836
  165 1.151751 567.425829 12.515625 1.587416 0.000000 1.956796 0.118164
  166 1.151751 570.901052 12.453125 1.522377 0.000000 1.940318 0.128906
  167 1.074968 567.800829 12.406250 1.562221 0.000000 1.983284 0.130859
  168 1.163014 571.063663 12.812500 1.529408 0.000000 1.949947 0.112305
  169 1.151751 567.800829 12.578125 1.396205 0.000000 1.975133 0.116211
  170 1.240347 567.988886 12.812500 1.364174 0.000000 2.045330 0.127930
  171 1.151751 571.938663 12.515625 1.748158 0.000000 2.023752 0.107422
  172 1.257410 574.238886 13.000000 1.506947 0.000000 2.117263 0.105469
  173 1.163014 577.751498 12.781250 1.384682 0.000000 2.060539 0.096680
  174 1.180281 582.027389 12.171875 1.797840 0.000000 2.052606 0.139648
  175 1.338111 587.529350 11.359375 0.843543 0.000000 1.912093 0.175781
  176 1.073807 594.676230 11.078125 1.012262 0.000000 2.092793 0.193359
  177 1.078164 595.171596 10.031250 0.402712 0.000000 2.068959 0.246094
  178 1.180281 586.798779 10.671875 0.606123 0.000000 1.969902 0.250977
  179 1.237656 581.187193 11.562500 1.232924 0.000000 2.204337 0.160156
  180 1.151751 580.620794 11.187500 1.315150 0.000000 2.042829 0.188477
  181 1.338111 582.317229 10.890625 0.857428 0.000000 1.999645 0.230469
  182 1.160629 569.551275 12.015625 1.392690 0.000000 2.009223 0.151367
  183 1.325427 577.238886 12.890625 1.382143 0.000000 1.980524 0.112305
  184 1.225924 570.938441 12.750000 1.418080 0.000000 2.012404 0.123047
  185 1.150521 570.438663 12.421875 1.660658 0.000000 1.838308 0.134766
  186 1.326320 582.436213 11.937500 1.474135 0.000000 1.997255 0.155273
  187 1.160629 589.201008 11.015625 1.017511 0.000000 1.896770 0.202148
  188 1.151751 582.512238 10.859375 1.346205 0.000000 2.181019 0.181641
  189 1.146563 597.765090 11.046875 0.788043 0.000000 2.051111 0.200195
  190 1.091335 591.668476 10.296875 0.466227 0.000000 2.008680 0.246094
  191 1.156407 599.379617 9.765625 0.725925 0.000000 2.162014 0.247070
  192 1.068748 587.648334 11.109375 0.969838 0.000000 1.975590 0.180664
  193 1.163014 578.512238 10.921875 0.927669 0.000000 1.851791 0.245117
  194 1.156407 587.359118 10.562500 0.906140 0.000000 1.997078 0.201172
  195 1.233171 568.688663 12.250000 1.247182 0.000000 1.901872 0.132812
  196 1.070047 568.063441 11.968750 1.687416 0.000000 1.837497 0.154297
  197 1.142857 568.563663 12.125000 1.530580 0.000000 1.896747 0.132812
  198 1.333333 575.126498 12.187500 1.461244 0.000000 1.982967 0.139648
  199 1.233171 566.401052 12.656250 1.300697 0.000000 2.004208 0.125000
  200 1.145087 567.026052 12.468750 1.342690 0.000000 1.924502 0.134766
  201 1.156407 576.989332 12.015625 1.386244 0.000000 1.863337 0.147461
  202 1.073807 571.238886 12.343750 1.685072 0.000000 2.039466 0.142578
  203 1.063015 570.563663 12.406250 1.267104 0.000000 1.958130 0.132812
  204 1.070047 569.026052 12.281250 1.432533 0.000000 1.867368 0.125977
  205 1.078164 569.526052 12.937500 1.280580 0.000000 1.911538 0.119141
  206 1.145087 567.151052 12.468750 1.466713 0.000000 1.864247 0.138672
  207 1.068748 566.488218 12.281250 1.267299 0.000000 2.063773 0.124023
  208 1.156407 569.501498 12.328125 1.470033 0.000000 1.933851 0.137695
  209 1.160629 570.063663 11.609375 1.765346 0.000000 1.997695 0.157227
  210 1.068748 566.988218 12.359375 1.191322 0.000000 2.005052 0.136719
  211 1.230769 572.276052 11.968750 1.587221 0.000000 1.909061 0.147461
  212 1.073807 569.301275 12.140625 1.488588 0.000000 1.828130 0.126953
  213 1.142857 573.501498 12.312500 1.840346 0.000000 2.028746 0.130859
  214 1.078164 566.675829 12.593750 1.223549 0.000000 1.988483 0.111328
  215 1.000000 579.589109 11.843750 2.077846 0.000000 1.824236 0.145508
  216 1.145087 567.813663 12.390625 1.416127 0.000000 1.915969 0.132812
  217 1.142857 566.651052 11.968750 1.777065 0.000000 1.951479 0.131836
  218 1.078164 571.063663 12.906250 1.282338 0.000000 2.011058 0.104492
  219 1.070047 572.238886 12.625000 1.271596 0.000000 1.952510 0.128906
  220 1.073807 574.813663 12.187500 1.607533 0.000000 1.968636 0.138672
  221 1.078164 567.938663 12.046875 1.621010 0.000000 1.951105 0.142578
  222 1.146563 582.436213 11.781250 1.248744 0.000000 1.929530 0.157227
  223 1.073807 567.563663 11.843750 0.916989 0.000000 1.802640 0.180664
  224 1.070047 571.313663 12.875000 1.325697 0.000000 1.962622 0.125000
  225 1.142177 569.550829 12.125000 1.362221 0.000000 1.787429 0.141602
  226 1.156407 573.051275 12.031250 1.494447 0.000000 1.967847 0.123047
  227 1.070047 569.526052 12.000000 1.717494 0.000000 1.897153 0.146484
  228 1.150521 572.426275 11.968750 1.609096 0.000000 2.097962 0.125000
  229 1.257410 581.589956 11.421875 1.512611 0.000000 1.956755 0.166992
  230 1.142857 583.030687 11.031250 1.275587 0.000000 1.901432 0.194336
  231 1.150521 567.563441 11.250000 1.063731 0.000000 1.999578 0.166992
  232 1.233171 572.313663 12.453125 1.346791 0.000000 1.964759 0.121094
  233 1.012423 574.464109 11.890625 1.820033 0.000000 2.020491 0.121094
  234 1.078164 565.063441 12.156250 1.483119 0.000000 1.890133 0.142578
  235 1.335935 575.876720 11.812500 1.522768 0.000000 1.884192 0.137695
  236 1.078164 572.176275 11.687500 1.675307 0.000000 1.936371 0.150391
  237 1.145087 573.363886 12.296875 1.515541 0.000000 1.989812 0.129883
  238 1.006615 570.938663 12.500000 1.344838 0.000000 1.983480 0.138672
  239 1.078164 573.751498 12.968750 1.487025 0.000000 1.989557 0.108398
  240 1.070047 576.113886 12.093750 1.706166 0.000000 1.949415 0.137695
  241 1.150521 575.176275 12.671875 1.331752 0.000000 2.011039 0.118164
  242 1.078164 570.151052 12.468750 1.413197 0.000000 1.921212 0.140625
  243 1.068748 567.675829 11.921875 1.466908 0.000000 1.905435 0.152344
  244 1.088564 570.738886 11.968750 1.491713 0.000000 1.951986 0.147461
  245 1.145087 587.116694 12.468750 1.461440 0.000000 1.955688 0.125000
  246 1.080910 575.964109 12.234375 1.607924 0.000000 2.061920 0.128906
  247 1.145087 565.813441 11.953125 1.381629 0.000000 1.917579 0.164062
  248 1.145087 571.526052 12.015625 1.381752 0.000000 1.945435 0.133789
  249 1.070047 568.901052 12.484375 1.888002 0.000000 1.806373 0.134766
  250 1.070047 571.813663 12.812500 1.254213 0.000000 1.871258 0.124023
  251 1.071078 572.926275 12.000000 1.718275 0.000000 1.938047 0.139648
  252 1.073807 568.551275 12.015625 1.457143 0.000000 1.892489 0.119141
  253 1.145087 567.026052 12.125000 1.309096 0.000000 2.014923 0.119141
  254 1.240347 582.391025 12.156250 0.863935 0.000000 1.938290 0.172852
  255 1.140175 586.513307 11.656250 0.762616 0.000000 1.975257 0.181641
  256 1.151751 578.909475 11.859375 0.578561 0.000000 2.147579 0.174805
  257 1.160629 582.074804 11.453125 0.933168 0.000000 2.012191 0.186523
  258 1.142857 568.813441 11.781250 1.057827 0.000000 1.986102 0.166016
  259 1.070047 565.063441 12.484375 1.303432 0.000000 1.922143 0.128906
  260 1.150521 567.300829 12.140625 1.648940 0.000000 1.846225 0.133789
  261 1.233171 574.501498 12.171875 1.381166 0.000000 1.854754 0.134766
  262 1.078164 571.113886 12.265625 1.719447 0.000000 2.022040 0.116211
  263 1.068748 569.188441 12.281250 1.443861 0.000000 1.903398 0.128906
  264 1.335935 568.589109 11.718750 1.600697 0.000000 1.989739 0.138672
  265 1.078164 578.501720 12.062500 1.755971 0.000000 2.052601 0.127930
  266 1.150521 569.776052 12.265625 1.533510 0.000000 1.911546 0.140625
  267 1.145087 567.675829 12.765625 1.372963 0.000000 2.011567 0.115234
  268 1.230769 577.113886 11.828125 1.667885 0.000000 1.865121 0.141602
  269 1.233171 570.901052 12.296875 1.584682 0.000000 1.830983 0.141602
  270 1.233171 572.438663 12.750000 1.523744 0.000000 2.072892 0.114258
  271 1.070047 566.276052 11.921875 1.540736 0.000000 1.855687 0.147461
  272 1.335935 578.376498 12.359375 1.698158 0.000000 1.978379 0.117188
  273 1.145087 571.563441 12.453125 1.509682 0.000000 1.952453 0.127930
  274 1.160629 579.589109 12.609375 1.463979 0.000000 1.958716 0.132812
  275 1.073807 567.563663 12.640625 1.397963 0.000000 2.001920 0.128906
  276 1.233171 571.738886 12.515625 1.438588 0.000000 1.909265 0.126953
  277 1.343710 584.209207 11.921875 1.193861 0.000000 1.988590 0.154297
  278 1.240347 583.149760 11.000000 0.932777 0.000000 2.005221 0.182617
  279 1.309953 581.466516 11.093750 1.054358 0.000000 2.033932 0.183594
  280 1.145087 567.800829 11.515625 1.013270 0.000000 2.015213 0.169922
  281 1.230769 566.676275 12.281250 1.719447 0.000000 1.921696 0.146484
  282 1.070047 567.300829 11.984375 1.791127 0.000000 1.906355 0.134766
  283 1.070047 569.026052 13.046875 1.113002 0.000000 1.995893 0.115234
  284 1.142857 568.938663 12.265625 1.832533 0.000000 1.985853 0.120117
  285 1.001951 569.000606 13.062500 1.204408 0.000000 1.986809 0.104492
  286 1.066667 567.113218 12.296875 1.261830 0.000000 1.808504 0.137695
  287 1.078164 588.207603 11.828125 1.438002 0.000000 1.893847 0.156250
  288 1.164057 577.239332 12.093750 1.541127 0.000000 1.933548 0.125000
  289 1.088564 576.251720 11.750000 1.639760 0.000000 1.970056 0.139648
  290 1.073807 567.563663 12.328125 1.389760 0.000000 1.856486 0.139648
  291 1.156407 580.489332 11.609375 1.742690 0.000000 2.040864 0.142578
  292 1.078164 570.488886 12.296875 1.504799 0.000000 1.860455 0.138672
  293 1.142857 565.938441 12.281250 1.495229 0.000000 1.966703 0.138672
  294 1.156407 571.613886 12.125000 1.428041 0.000000 1.917389 0.132812
  295 1.068748 573.688663 12.218750 1.488979 0.000000 1.785964 0.138672
  296 1.088564 575.089109 12.843750 1.387025 0.000000 1.850650 0.128906
  297 1.078164 568.676275 12.203125 1.333510 0.000000 1.988798 0.145508
  298 1.068748 572.151052 12.703125 1.189369 0.000000 1.896747 0.117188
  299 1.233171 573.551275 11.906250 1.648158 0.000000 1.983478 0.144531
  300 1.153001 572.676275 12.140625 1.487611 0.000000 1.905342 0.134766
  301 1.145087 567.026052 12.234375 1.315150 0.000000 1.938070 0.136719
  302 1.233171 572.488886 12.218750 1.416127 0.000000 1.993050 0.139648
  303 1.088564 583.301943 11.890625 1.863197 0.000000 2.005597 0.129883
  304 1.078164 581.751720 12.484375 1.644057 0.000000 2.008651 0.126953
  305 1.145087 572.063663 12.078125 1.667494 0.000000 1.878764 0.135742
  306 1.068748 566.988218 12.359375 1.544252 0.000000 1.898204 0.136719
  307 1.006615 570.151052 11.875000 1.357533 0.000000 1.947917 0.151367
  308 1.142857 567.151052 12.781250 1.464565 0.000000 2.012353 0.107422
  309 1.006615 568.438441 12.406250 1.190541 0.000000 1.872204 0.131836
  310 1.145087 568.813441 12.187500 1.338393 0.000000 2.011582 0.126953
  311 1.078164 571.613886 12.343750 1.619447 0.000000 2.034115 0.121094
  312 1.068748 568.863218 12.296875 1.427455 0.000000 1.926654 0.140625
  313 1.153846 575.089109 11.843750 1.447963 0.000000 1.849160 0.162109
  314 1.160629 571.113886 12.187500 1.536440 0.000000 2.057466 0.144531
  315 1.073807 578.251720 11.375000 1.698940 0.000000 1.935924 0.139648
  316 1.070047 566.276052 12.453125 1.711440 0.000000 1.925815 0.117188
  317 1.001951 569.000606 12.781250 1.239174 0.000000 1.950108 0.132812
  318 1.070047 569.188441 12.718750 1.359291 0.000000 1.887163 0.127930
  319 1.243904 576.376498 12.515625 1.302455 0.000000 1.802856 0.133789
  320 1.088564 577.864332 12.375000 1.535072 0.000000 1.854030 0.143555
  321 1.073807 573.626498 12.125000 1.531947 0.000000 1.940267 0.131836
  322 1.145087 565.813441 11.859375 1.743471 0.000000 1.893434 0.143555
  323 1.142857 568.813441 12.921875 1.139174 0.000000 1.972306 0.126953
  324 1.145087 566.863218 12.343750 1.340736 0.000000 1.825475 0.138672
  325 1.078164 568.813663 12.312500 1.339760 0.000000 1.943470 0.119141
  326 1.150521 571.063663 12.312500 1.592299 0.000000 1.977316 0.126953
  327 1.066667 568.863218 12.140625 1.495229 0.000000 1.924813 0.144531
  328 1.150521 573.426275 12.343750 1.346986 0.000000 1.987971 0.127930
  329 1.071078 570.688663 12.046875 1.588197 0.000000 1.901676 0.120117
  330 1.233171 568.863886 12.390625 1.529408 0.000000 2.077647 0.134766
  331 1.243904 569.526052 12.609375 1.330775 0.000000 1.953468 0.122070
  332 1.335935 572.339109 12.265625 1.544252 0.000000 1.946662 0.133789
  333 1.073807 573.626498 11.828125 1.664174 0.000000 1.918283 0.149414
  334 1.070047 571.313663 12.312500 1.379018 0.000000 1.861000 0.145508
  335 1.145087 581.832915 12.156250 1.262342 0.000000 2.069237 0.152344
  336 1.151751 583.527122 10.515625 0.887425 0.000000 1.985157 0.219727
  337 1.163014 579.893521 11.250000 0.826435 0.000000 1.855659 0.192383
  338 1.156407 586.301275 11.093750 0.766198 0.000000 1.873351 0.204102
  339 1.146563 582.560188 11.046875 0.806883 0.000000 2.092405 0.184570
  340 1.248447 600.021418 10.046875 0.739160 0.000000 1.920493 0.229492
  341 1.257410 594.320794 9.625000 0.724081 0.000000 2.150031 0.235352
  342 1.146563 581.906177 10.812500 0.692358 0.000000 1.958499 0.224609
  343 1.240347 582.633450 11.531250 0.821649 0.000000 1.831996 0.173828
  344 1.145087 585.662148 10.718750 0.979334 0.000000 1.949254 0.220703
  345 1.156407 584.086391 10.796875 1.307924 0.000000 2.184038 0.183594
  346 1.240347 580.135945 11.015625 0.840411 0.000000 2.067157 0.187500
  347 1.146563 585.672041 11.296875 0.872489 0.000000 1.979380 0.196289
  348 1.145087 583.724359 10.812500 1.125500 0.000000 1.973902 0.194336
  349 1.150521 589.452790 11.312500 0.865797 0.000000 1.928094 0.196289
  350 1.176918 578.801943 11.921875 1.368602 0.000000 1.851970 0.150391
  351 1.156407 574.126498 12.234375 1.542299 0.000000 1.969553 0.152344
  352 1.156407 567.813663 11.546875 1.804018 0.000000 1.910072 0.149414
  353 1.160629 568.676275 12.578125 1.357143 0.000000 1.974903 0.137695
  354 1.073807 569.426275 12.375000 1.420033 0.000000 1.921768 0.142578
  355 1.066381 568.375606 12.390625 1.328432 0.000000 1.967184 0.126953
  356 1.068748 570.151052 12.109375 1.604604 0.000000 1.877205 0.146484
  357 1.006615 569.063441 12.281250 1.561635 0.000000 1.916949 0.131836
  358 1.070047 568.063441 12.468750 1.442885 0.000000 1.966670 0.128906
  359 1.078164 570.813663 13.031250 1.263197 0.000000 1.952452 0.097656
  360 1.142857 572.438663 12.312500 1.480775 0.000000 1.926844 0.132812
  361 1.078164 567.813663 12.703125 1.402065 0.000000 1.873971 0.123047
  362 1.088564 572.501498 12.484375 1.527455 0.000000 2.071872 0.135742
  363 1.000000 569.488218 12.203125 1.538588 0.000000 1.852537 0.120117
  364 1.145087 568.188663 12.640625 1.138979 0.000000 1.929596 0.132812
  365 1.142857 567.151052 11.890625 1.799135 0.000000 1.976737 0.125977
  366 1.066667 567.800829 12.765625 1.358900 0.000000 1.896056 0.138672
  367 1.073807 574.126498 12.156250 1.545033 0.000000 1.873248 0.123047
  368 1.150521 568.901052 12.187500 1.319643 0.000000 1.882601 0.128906
  369 1.070047 569.151052 12.437500 1.500697 0.000000 2.001732 0.130859
  370 1.160629 572.964109 12.156250 1.693080 0.000000 2.036063 0.143555
  371 1.160629 569.501498 12.187500 1.711049 0.000000 2.056866 0.120117
  372 1.001951 568.750606 11.890625 1.597377 0.000000 1.930032 0.150391
  373 1.063015 569.526052 11.968750 1.510072 0.000000 1.940955 0.142578
  374 1.243904 573.863886 12.453125 1.252065 0.000000 1.835659 0.135742
  375 1.150521 569.813663 12.140625 1.650502 0.000000 1.847066 0.125000
  376 1.150521 570.813663 12.546875 1.253432 0.000000 1.876036 0.121094
  377 1.156407 579.001720 12.703125 1.377065 0.000000 1.970819 0.116211
  378 1.001951 569.000606 13.000000 1.226674 0.000000 1.989153 0.128906
  379 1.145087 567.800829 12.046875 1.479018 0.000000 1.939863 0.142578
  380 1.073807 571.488886 12.375000 1.333315 0.000000 1.948154 0.153320
  381 1.070047 568.063663 12.218750 1.421205 0.000000 1.896567 0.136719
  382 1.078164 585.429617 11.937500 0.965489 0.000000 1.946494 0.182617
  383 1.146563 581.818566 11.203125 1.138313 0.000000 1.963578 0.195312
  384 1.233171 580.620794 10.765625 0.956161 0.000000 1.933679 0.192383
  385 1.140175 584.121596 11.343750 0.782628 0.000000 1.931483 0.186523
  386 1.153001 586.510633 11.203125 0.876876 0.000000 1.789420 0.217773
  387 1.088564 579.237906 11.125000 1.324525 0.000000 1.913989 0.197266
  388 1.156407 580.813663 10.265625 1.437050 0.000000 1.929727 0.220703
  389 1.163014 579.042273 11.343750 0.633185 0.000000 1.993253 0.186523
  390 1.080910 591.452255 11.062500 1.061049 0.000000 2.084917 0.179688
  391 1.145087 567.151052 12.062500 1.683315 0.000000 2.009345 0.138672
  392 1.230769 571.688663 12.343750 1.462221 0.000000 1.961931 0.133789
  393 1.073807 568.926275 11.953125 1.542494 0.000000 1.944107 0.145508
  394 1.066667 567.925829 12.640625 1.226674 0.000000 1.938319 0.134766
  395 1.071078 571.676275 12.156250 1.441713 0.000000 1.914115 0.142578
  396 1.073166 570.113886 12.140625 1.646986 0.000000 2.095259 0.125977
  397 1.071429 583.239332 11.765625 1.704018 0.000000 1.934004 0.144531
  398 1.368211 580.571239 11.234375 1.770033 0.000000 2.051538 0.166016
  399 1.230769 588.014198 10.640625 1.157338 0.000000 2.130507 0.191406
  400 1.216385 584.087995 11.890625 0.781347 0.000000 1.951479 0.183594
  401 1.163014 583.283628 11.437500 0.936854 0.000000 1.930604 0.204102
  402 1.173231 586.074804 11.093750 1.147572 0.000000 2.078697 0.174805
  403 1.163014 582.798779 10.718750 0.831818 0.000000 1.920959 0.231445
  404 1.335935 578.664911 11.531250 0.915612 0.000000 2.129684 0.166016
  405 1.163014 583.165713 11.312500 0.961244 0.000000 2.115104 0.168945
  406 1.160629 590.994412 11.125000 1.215541 0.000000 2.111607 0.179688
  407 1.150521 583.247799 11.390625 1.101499 0.000000 2.045683 0.174805
  408 1.160629 580.338708 11.562500 0.748200 0.000000 1.957108 0.175781
  409 1.163014 582.074804 11.265625 0.802353 0.000000 1.940085 0.196289
  410 1.257410 589.331578 10.812500 0.927725 0.000000 1.940812 0.198242
  411 1.257410 587.116694 11.250000 0.896513 0.000000 1.711206 0.188477
  412 1.163014 582.678637 11.265625 1.071889 0.000000 1.844873 0.188477
  413 1.150521 581.454929 11.250000 0.812148 0.000000 1.999938 0.201172
  414 1.151751 579.405910 11.187500 0.843590 0.000000 1.845747 0.203125
  415 1.151086 588.594947 10.718750 0.773106 0.000000 1.921657 0.209961
  416 1.248447 586.510633 11.218750 1.142000 0.000000 2.102617 0.179688
  417 1.078164 582.074804 11.343750 0.812074 0.000000 1.955290 0.201172
  418 1.151751 583.005375 11.046875 0.774733 0.000000 2.012074 0.186523
  419 1.073807 580.702344 10.968750 1.015218 0.000000 1.899510 0.195312
  420 1.068748 583.118298 11.718750 0.859875 0.000000 2.003496 0.166992
  421 1.335935 579.044501 10.968750 1.157924 0.000000 1.935641 0.191406
  422 1.257410 582.559653 10.859375 1.121791 0.000000 1.991244 0.171875
  423 1.142857 569.063663 10.625000 1.353041 0.000000 2.033750 0.189453
  424 1.002220 569.401052 12.046875 1.302260 0.000000 1.915975 0.149414
  425 1.000000 569.488218 12.453125 1.189565 0.000000 1.852051 0.135742
  426 1.078164 566.401052 12.625000 1.212025 0.000000 1.917211 0.137695
  427 1.066381 570.425829 11.734375 1.430971 0.000000 1.898256 0.146484
  428 1.150521 570.688663 12.593750 1.335854 0.000000 2.029505 0.131836
  429 1.078164 570.313663 12.015625 1.277455 0.000000 1.857633 0.146484
  430 1.078164 569.301275 12.718750 1.143275 0.000000 1.832307 0.131836
  431 1.070047 572.901052 11.812500 1.733119 0.000000 1.979263 0.146484
  432 1.068748 571.151052 12.250000 1.483119 0.000000 1.976920 0.132812
  433 1.153001 577.501498 12.359375 1.371791 0.000000 1.872744 0.144531
  434 1.066667 573.551275 12.312500 1.640932 0.000000 1.936904 0.126953
  435 1.073807 567.813663 12.750000 1.342104 0.000000 1.930256 0.125977
  436 1.164057 584.716159 12.375000 1.248354 0.000000 1.978318 0.126953
  437 1.145087 580.742006 11.375000 0.615423 0.000000 1.960412 0.199219
  438 1.142857 579.481934 11.890625 0.574458 0.000000 1.964512 0.175781
  439 1.233171 582.317229 11.546875 0.610309 0.000000 2.086050 0.177734
  440 1.073807 582.560188 10.703125 1.016614 0.000000 2.006172 0.201172
  441 1.160629 577.589956 10.578125 1.016492 0.000000 2.002202 0.179688
  442 1.164057 581.783360 10.859375 0.940940 0.000000 2.034873 0.187500
  443 1.078164 583.889688 10.984375 0.732549 0.000000 2.058093 0.215820
  444 1.146563 582.294590 10.875000 1.063775 0.000000 1.978581 0.188477
  445 1.156407 582.802612 10.796875 0.949100 0.000000 1.897360 0.216797
  446 1.160629 570.863886 11.265625 0.874107 0.000000 1.853694 0.203125
  447 1.163014 570.688663 12.906250 1.298354 0.000000 1.892537 0.109375
  448 1.151751 567.800829 12.500000 1.352455 0.000000 2.010666 0.131836
  449 1.257410 579.251720 12.437500 1.537221 0.000000 1.955430 0.123047
  450 1.325427 579.751498 12.843750 1.453432 0.000000 2.038863 0.109375
  451 1.078164 573.501498 12.390625 1.428627 0.000000 1.946271 0.132812
  452 1.151751 570.526052 12.218750 1.727846 0.000000 1.979435 0.113281
  453 1.196843 579.989332 12.109375 1.547377 0.000000 1.935378 0.122070
  454 1.145087 572.488886 12.484375 1.632143 0.000000 1.982441 0.125000
  455 1.163014 567.938663 12.968750 1.311049 0.000000 2.025398 0.103516
  456 1.071429 571.488886 12.500000 1.291518 0.000000 1.903350 0.134766
  457 1.240347 570.051275 12.515625 1.492299 0.000000 2.002334 0.124023
  458 1.257410 570.738886 12.390625 1.553627 0.000000 2.003685 0.124023
  459 1.163014 572.801275 13.203125 1.138783 0.000000 2.002859 0.127930
  460 1.163014 572.051275 12.656250 1.312025 0.000000 1.894288 0.128906
  461 1.068748 560.328111 13.390625 2.299135 0.000000 1.896701 0.072266
  462 1.070047 568.188441 12.625000 1.934877 0.000000 1.851437 0.118164
  463 1.078164 567.425829 12.187500 1.523744 0.000000 1.806378 0.145508
  464 1.176918 573.001720 11.843750 1.532338 0.000000 1.830220 0.156250
  465 1.006615 568.438441 11.734375 1.310854 0.000000 2.017116 0.149414
  466 1.073166 568.801275 12.156250 1.671010 0.000000 2.016400 0.112305
  467 1.070047 576.626498 12.218750 1.488979 0.000000 1.911968 0.130859
  468 1.145087 569.563663 12.187500 1.324330 0.000000 1.945309 0.127930
  469 1.063015 572.676275 12.937500 1.445033 0.000000 1.969549 0.098633
  470 1.066667 568.863218 12.359375 1.145619 0.000000 1.859057 0.125977
  471 1.142177 571.651052 12.687500 1.287807 0.000000 1.858267 0.100586
  472 1.063015 568.313441 12.296875 1.391518 0.000000 1.982063 0.137695
  473 1.160629 578.876720 12.140625 1.558900 0.000000 2.099606 0.108398
  474 1.078164 567.063663 12.265625 1.419252 0.000000 1.994150 0.133789
  475 1.160629 567.938663 11.578125 1.643080 0.000000 1.899539 0.142578
  476 1.145087 565.938441 12.312500 1.452455 0.000000 2.087007 0.130859
  477 1.073807 571.488886 12.406250 1.417104 0.000000 1.955871 0.138672
  478 1.153001 570.438663 12.359375 1.589174 0.000000 1.839404 0.126953
  479 1.006615 569.276052 12.093750 1.391908 0.000000 1.972932 0.133789
  480 1.078164 568.901052 12.062500 1.341127 0.000000 1.892790 0.144531
  481 1.160629 574.964109 11.937500 1.710463 0.000000 1.919296 0.141602
  482 1.156407 572.551275 12.218750 1.308510 0.000000 1.886420 0.135742
  483 1.156407 577.339109 12.203125 1.571596 0.000000 1.900070 0.137695
  484 1.145087 571.051275 12.093750 1.665932 0.000000 2.092912 0.122070
  485 1.142857 572.363886 12.265625 1.608119 0.000000 2.155532 0.114258
  486 1.070047 585.711168 11.593750 1.559682 0.000000 1.993307 0.148438
  487 1.335935 576.813663 10.984375 1.026479 0.000000 1.918088 0.185547
  488 1.257410 592.179528 11.187500 0.721075 0.000000 2.214223 0.159180
  489 1.233171 581.429617 10.406250 1.526869 0.000000 2.331467 0.154297
  490 1.163014 583.369011 11.109375 0.908166 0.000000 2.125306 0.167969
  491 1.240347 580.984430 10.468750 0.906239 0.000000 2.218935 0.168945
  492 1.000000 588.086391 11.390625 0.714507 0.000000 2.056734 0.179688
  493 1.150521 582.802612 11.250000 1.065755 0.000000 1.854717 0.205078
  494 1.081665 579.239510 12.015625 0.790916 0.000000 1.930511 0.173828
  495 1.070047 568.188441 11.093750 0.786688 0.000000 1.833455 0.214844
  496 1.070047 567.938441 12.843750 1.283705 0.000000 1.887932 0.121094
  497 1.070047 573.801275 12.468750 1.667104 0.000000 1.965332 0.124023
  498 1.073807 572.551275 12.187500 1.295229 0.000000 1.924255 0.156250
  499 1.070047 571.926275 12.312500 1.261244 0.000000 1.930335 0.126953
  500 1.073807 569.301275 12.593750 1.181557 0.000000 1.908795 0.121094
  501 1.164057 574.626498 12.609375 1.205385 0.000000 1.929207 0.132812
  502 1.068748 567.675829 11.968750 1.501088 0.000000 1.929863 0.142578
  503 1.070047 568.063441 12.218750 1.448549 0.000000 2.054065 0.133789
  504 1.160629 569.626498 12.093750 1.625111 0.000000 2.007292 0.129883
  505 1.233171 567.988886 12.187500 1.571596 0.000000 2.046387 0.125977
  506 1.070047 568.063441 12.140625 1.530971 0.000000 1.949742 0.134766
  507 1.233171 572.488886 11.890625 1.672182 0.000000 1.855477 0.144531
  508 1.078164 572.801275 12.265625 1.495815 0.000000 1.907313 0.139648
  509 1.002220 571.063663 11.718750 1.679408 0.000000 1.928470 0.137695
  510 1.150521 575.426275 11.875000 1.594447 0.000000 1.868656 0.155273
  511 1.073807 566.401052 12.140625 1.452650 0.000000 1.859038 0.138672
  512 1.145087 575.363886 12.218750 1.796791 0.000000 2.037683 0.143555
  513 1.070047 570.151052 12.343750 1.356557 0.000000 1.851681 0.145508
  514 1.070047 568.313441 11.937500 1.632338 0.000000 1.739836 0.133789
  515 1.145087 567.276052 12.390625 1.374916 0.000000 1.861623 0.127930
  516 1.150521 581.663753 12.187500 1.395811 0.000000 1.918464 0.155273
  517 1.156407 574.113886 11.593750 1.305577 0.000000 1.869548 0.169922
  518 1.066667 570.688441 12.656250 1.253236 0.000000 1.856712 0.136719
  519 1.070047 571.313663 12.515625 1.175502 0.000000 1.846417 0.132812
  520 1.066667 569.063441 12.390625 1.416908 0.000000 1.918232 0.134766
  521 1.233171 569.651052 11.859375 1.587221 0.000000 1.929366 0.141602
  522 1.145087 572.488886 12.218750 1.584096 0.000000 1.980643 0.112305
  523 1.145087 582.779439 10.937500 1.230283 0.000000 1.979677 0.201172
  524 1.156407 590.664911 11.046875 0.941991 0.000000 1.960694 0.192383
  525 1.068748 567.800829 10.828125 1.069935 0.000000 1.915941 0.197266
  526 1.150521 569.401052 12.250000 1.413197 0.000000 1.895314 0.148438
  527 1.078164 566.276052 11.703125 1.560658 0.000000 1.984236 0.140625
  528 1.006615 568.063441 12.343750 1.313197 0.000000 1.866662 0.127930
  529 1.145087 572.238886 12.734375 1.454604 0.000000 1.980384 0.111328
  530 1.073807 570.426275 12.125000 1.590150 0.000000 1.859476 0.133789
  531 1.068748 569.675829 12.328125 1.300307 0.000000 1.986925 0.136719
  532 1.153001 574.113886 12.250000 1.481752 0.000000 1.963651 0.122070
  533 1.068748 567.113218 11.953125 1.548940 0.000000 1.898313 0.136719
  534 1.070047 569.401052 12.234375 1.389955 0.000000 1.952763 0.131836
  535 1.073807 569.551275 12.156250 1.178041 0.000000 1.910369 0.146484
  536 1.081665 583.611435 11.937500 1.332385 0.000000 1.940618 0.130859
  537 1.080910 582.798779 10.859375 0.983193 0.000000 2.242978 0.197266
  538 1.160629 569.626498 12.000000 1.480775 0.000000 2.122965 0.123047
  539 1.070047 568.526052 12.468750 1.317494 0.000000 1.918546 0.123047
  540 1.145087 567.943072 12.406250 2.221596 0.000000 2.018236 0.121094
  541 1.145087 562.415722 13.468750 2.386049 0.000000 1.992735 0.075195
  542 1.233171 567.319977 12.875000 2.650111 0.000000 1.820260 0.080078
  543 1.068748 560.328111 13.578125 2.417690 0.000000 1.960813 0.067383
  544 1.068748 564.832366 13.843750 2.354799 0.000000 2.019287 0.066406
  545 1.071078 569.233395 13.093750 2.667299 0.000000 1.979536 0.080078
  546 1.150521 562.028625 13.046875 2.650307 0.000000 1.947293 0.081055
  547 1.078164 566.652750 13.250000 2.526283 0.000000 1.926987 0.083008
  548 1.160629 569.669393 13.328125 2.564565 0.000000 2.019760 0.079102
  549 1.233171 564.703333 13.468750 2.660854 0.000000 1.959524 0.073242
  550 1.150521 562.028625 13.250000 2.444643 0.000000 1.932549 0.081055
  551 1.078164 564.316237 13.546875 2.457338 0.000000 1.949998 0.073242
  552 1.070047 569.401052 12.062500 1.487807 0.000000 1.923707 0.146484
  553 1.066667 562.286690 12.703125 1.667299 0.000000 1.928924 0.129883
  554 1.007585 569.153264 13.921875 2.154604 0.000000 2.016980 0.058594
  555 1.150521 571.063663 12.859375 2.441322 0.000000 1.890777 0.091797
  556 1.070047 570.563663 12.000000 1.594643 0.000000 2.001112 0.132812
  557 1.066667 584.944769 11.406250 1.043248 0.000000 1.918992 0.190430
  558 1.073807 582.923824 11.437500 0.726292 0.000000 1.973572 0.188477
  559 1.335935 576.217496 10.703125 0.895815 0.000000 2.020482 0.202148
  560 1.156407 579.480330 10.640625 1.078627 0.000000 2.215669 0.155273
  561 1.070047 582.438975 10.703125 0.519990 0.000000 1.992389 0.218750
  562 1.068748 567.300829 11.625000 1.295619 0.000000 1.858060 0.166992
  563 1.145087 567.526052 12.687500 1.274330 0.000000 1.980051 0.119141
  564 1.230769 571.863886 11.656250 1.583510 0.000000 1.932839 0.163086
  565 1.233171 570.551275 11.890625 1.616322 0.000000 1.877951 0.149414
  566 1.160629 573.126498 12.390625 1.372182 0.000000 1.956368 0.109375
  567 1.066667 569.675829 12.546875 1.412807 0.000000 2.084369 0.095703
  568 1.153001 576.751498 12.296875 1.785072 0.000000 1.790645 0.144531
  569 1.071078 577.001498 12.218750 1.633900 0.000000 1.862405 0.128906
  570 1.070047 566.276052 12.421875 1.695033 0.000000 1.943160 0.123047
  571 1.160629 569.676275 12.171875 1.348158 0.000000 1.866970 0.166016
  572 1.071429 579.501720 12.328125 1.332729 0.000000 1.849723 0.136719
  573 1.145087 572.238886 11.500000 1.680385 0.000000 1.933584 0.170898
  574 1.068748 584.823557 11.953125 1.168042 0.000000 1.951707 0.159180
  575 1.081665 584.217496 10.609375 1.216758 0.000000 2.207028 0.183594
  576 1.160629 581.177300 10.281250 1.006996 0.000000 1.938600 0.237305
  577 1.243964 584.983895 10.984375 0.871620 0.000000 1.954597 0.205078
  578 1.343710 591.842897 11.015625 0.754413 0.000000 1.914653 0.210938
  579 1.066667 583.360722 10.890625 1.171810 0.000000 2.080207 0.187500
  580 1.240347 585.662148 11.203125 0.798084 0.000000 2.058005 0.183594
  581 1.257410 580.207603 10.875000 1.237611 0.000000 2.249991 0.154297
  582 1.078164 583.283628 10.906250 0.754967 0.000000 1.950634 0.194336
  583 1.146563 582.560188 11.234375 0.589815 0.000000 1.788319 0.196289
  584 1.257410 583.287460 11.765625 0.835618 0.000000 2.025979 0.193359
  585 1.145087 579.527122 10.890625 1.042664 0.000000 2.181970 0.161133
  586 1.343710 575.404840 10.906250 1.116395 0.000000 2.102460 0.187500
  587 1.145087 583.527122 10.984375 1.188197 0.000000 2.247454 0.158203
  588 1.270352 583.339109 10.890625 0.995884 0.000000 1.957669 0.204102
  589 1.163014 574.063663 12.484375 1.481752 0.000000 1.971541 0.144531
  590 1.163014 567.938663 12.546875 1.362025 0.000000 1.976309 0.125000
  591 1.257410 573.301275 11.906250 1.620424 0.000000 1.896950 0.129883
  592 1.343710 571.863886 12.562500 1.459291 0.000000 2.003525 0.129883
  593 1.074968 571.438663 11.703125 1.566127 0.000000 1.913199 0.138672
  594 1.163014 578.839109 12.734375 1.500893 0.000000 1.897794 0.125000
  595 1.163014 573.988886 12.906250 1.240736 0.000000 1.894475 0.121094
  596 1.163014 571.238886 12.093750 1.530580 0.000000 2.010116 0.150391
  597 1.145087 569.651052 12.515625 1.322377 0.000000 1.944887 0.112305
  598 1.163014 572.176275 12.671875 1.562221 0.000000 1.923078 0.134766
  599 1.163014 569.526052 12.562500 1.478822 0.000000 1.897717 0.121094
  600 1.074968 567.925829 12.984375 1.155775 0.000000 1.958389 0.113281
  601 1.368211 575.613886 12.390625 1.638588 0.000000 2.027847 0.129883
  602 1.163014 571.926275 12.593750 1.521986 0.000000 1.910322 0.133789
  603 1.325427 573.188663 12.718750 1.288393 0.000000 2.000742 0.112305
  604 1.151751 565.938441 12.390625 1.671986 0.000000 1.899721 0.132812
  605 1.257410 567.438663 12.812500 1.380190 0.000000 2.030562 0.117188
  606 1.163014 571.188663 12.453125 1.480580 0.000000 2.007349 0.123047
  607 1.163014 572.801275 12.515625 1.665150 0.000000 1.959783 0.110352
  608 1.074968 569.188441 11.812500 1.631361 0.000000 1.981372 0.139648
  609 1.081665 585.187193 12.562500 1.405385 0.000000 1.955700 0.145508
  610 1.243904 584.014198 11.562500 0.763133 0.000000 2.003561 0.194336
  611 1.343710 590.145927 11.140625 0.968931 0.000000 2.125805 0.181641
  612 1.163014 581.784965 10.781250 0.873635 0.000000 2.059124 0.185547
  613 1.233171 585.443432 11.125000 0.911073 0.000000 2.001278 0.164062
  614 1.160629 586.677567 11.156250 0.843199 0.000000 2.135240 0.174805
  615 1.001951 585.543610 11.453125 0.638456 0.000000 2.039635 0.190430
  616 1.156407 585.937639 10.859375 0.990961 0.000000 1.894638 0.223633
  617 1.073807 578.964109 11.984375 1.609682 0.000000 1.951281 0.153320
  618 1.157527 573.501498 11.421875 1.645033 0.000000 1.809337 0.151367
  619 1.068748 567.925829 12.312500 1.486830 0.000000 1.890719 0.132812
  620 1.151751 587.768476 12.453125 1.594057 0.000000 2.064132 0.123047
  621 1.256706 586.603770 10.906250 1.472963 0.000000 2.065385 0.177734
  622 1.150521 583.611435 10.421875 0.910746 0.000000 2.087568 0.189453
  623 1.078164 571.238886 12.015625 1.020025 0.000000 1.918979 0.159180
  624 1.156407 574.964109 12.781250 1.447377 0.000000 1.994860 0.113281
  625 1.233171 569.113886 12.796875 1.391713 0.000000 1.955954 0.125000
  626 1.153001 569.776052 12.421875 1.166127 0.000000 1.910134 0.125977
  627 1.068748 566.375606 12.656250 1.362221 0.000000 1.907502 0.126953
  628 1.070047 569.151052 12.781250 1.438979 0.000000 2.090676 0.097656
  629 1.375704 592.421952 11.453125 1.165638 0.000000 2.065205 0.167969
  630 1.160629 583.529885 11.218750 0.763842 0.000000 2.140463 0.208008
  631 1.150521 589.419724 11.421875 0.952039 0.000000 1.914150 0.195312
  632 1.070047 583.732647 11.000000 0.931752 0.000000 1.942629 0.196289
  633 1.160629 584.207603 11.484375 0.773338 0.000000 1.973064 0.184570
  634 1.335935 584.206533 11.140625 1.021131 0.000000 2.116508 0.169922
  635 1.145087 568.813441 11.000000 1.003810 0.000000 1.999261 0.195312
  636 1.233171 567.401052 12.140625 1.472377 0.000000 2.052273 0.131836
  637 1.070047 569.301275 12.187500 1.531166 0.000000 1.978468 0.107422
  638 1.145087 567.151052 12.859375 1.280580 0.000000 1.966105 0.121094
  639 1.073807 567.938441 12.046875 1.382533 0.000000 1.831101 0.137695
  640 1.142857 570.551275 12.500000 1.359486 0.000000 1.952496 0.125977
  641 1.233171 594.776765 11.828125 1.394252 0.000000 1.718911 0.157227
  642 1.233171 568.438663 11.718750 1.599721 0.000000 1.831553 0.150391
  643 1.160629 567.688663 11.781250 1.635072 0.000000 1.923366 0.150391
  644 1.073807 573.626498 11.937500 1.562221 0.000000 1.901960 0.151367
  645 1.230769 572.714109 12.062500 1.577455 0.000000 1.979838 0.147461
  646 1.145087 571.301275 12.218750 1.549135 0.000000 1.910309 0.129883
  647 1.145087 584.096284 12.515625 1.542885 0.000000 1.991487 0.130859
  648 1.075207 574.089109 11.812500 1.459096 0.000000 1.883067 0.151367
  649 1.070047 568.901052 11.750000 1.503627 0.000000 1.827494 0.159180
  650 1.176918 576.177389 13.218750 2.271791 0.000000 1.934981 0.091797
  651 1.068748 562.415722 13.640625 2.437221 0.000000 2.101288 0.069336
  652 1.078164 566.781782 13.875000 2.354604 0.000000 2.045034 0.061523
  653 1.145087 564.610300 13.000000 2.570229 0.000000 1.957059 0.081055
  654 1.150521 569.620492 13.687500 2.347377 0.000000 2.055073 0.065430
  655 1.078164 564.316237 13.437500 2.520619 0.000000 1.950898 0.076172
  656 1.343710 576.464109 12.687500 1.583315 0.000000 1.968957 0.116211
  657 1.150521 570.563663 12.734375 1.463783 0.000000 1.974073 0.113281
  658 1.163014 580.126498 12.171875 1.530190 0.000000 1.855894 0.135742
  659 1.243964 575.339109 12.546875 1.357338 0.000000 1.935621 0.127930
  660 1.145087 570.026052 12.359375 1.412025 0.000000 1.848075 0.131836
  661 1.150521 574.363886 12.296875 1.535268 0.000000 1.815913 0.120117
  662 1.233171 568.563663 12.312500 1.680580 0.000000 1.889589 0.140625
  663 1.243964 568.926275 11.484375 1.736635 0.000000 1.924344 0.135742
  664 1.257410 569.551275 12.078125 1.511635 0.000000 1.937363 0.146484
  665 1.151751 568.438441 12.218750 1.436830 0.000000 1.990773 0.133789
  666 1.240347 578.739332 12.281250 1.674721 0.000000 2.058892 0.115234
  667 1.240347 574.001498 12.421875 1.624135 0.000000 1.936438 0.131836
  668 1.151751 585.550829 12.734375 1.489369 0.000000 1.915404 0.123047
  669 1.325427 587.247799 11.203125 0.765247 0.000000 1.895646 0.205078
  670 1.338111 584.459920 11.078125 1.052721 0.000000 2.101782 0.166016
  671 1.237656 584.702344 11.187500 1.000111 0.000000 1.999961 0.160156
  672 1.163014 586.146997 11.265625 1.083875 0.000000 1.959774 0.184570
  673 1.255055 586.923824 11.546875 1.016908 0.000000 1.856832 0.201172
  674 1.299688 588.207603 10.390625 1.195382 0.000000 2.215488 0.189453
  675 1.338111 576.839109 12.062500 1.350397 0.000000 2.101313 0.146484
  676 1.338111 573.551275 12.156250 2.071596 0.000000 2.025520 0.116211
  677 1.361560 571.438663 12.531250 1.687611 0.000000 1.933264 0.118164
  678 1.338111 592.361881 12.609375 1.739369 0.000000 1.921701 0.116211
  679 1.338111 570.651052 13.265625 1.420815 0.000000 1.974971 0.097656
  680 1.276079 572.676275 12.781250 1.668861 0.000000 2.057110 0.109375
  681 1.257410 574.738886 12.671875 1.679408 0.000000 1.927871 0.106445
  682 1.338111 575.176275 12.718750 1.757338 0.000000 1.987819 0.120117
  683 1.351882 584.581132 12.140625 1.573691 0.000000 2.058873 0.123047
  684 1.343710 583.526052 11.609375 1.142299 0.000000 2.220425 0.156250
  685 1.240347 587.149760 11.343750 0.838826 0.000000 2.130056 0.183594
  686 1.237656 584.135945 11.453125 0.911096 0.000000 1.958870 0.166992
  687 1.201850 586.180063 11.515625 0.958154 0.000000 1.941675 0.192383
  688 1.326320 583.166248 11.156250 1.425697 0.000000 2.264055 0.149414
  689 1.151751 582.545838 11.234375 0.763546 0.000000 1.916646 0.206055
  690 1.180281 584.741471 11.156250 1.025915 0.000000 1.963441 0.194336
  691 1.237656 585.273646 11.640625 1.007473 0.000000 1.909188 0.184570
  692 1.255055 583.042273 11.453125 1.234839 0.000000 2.099437 0.166016
  693 1.151751 579.648334 11.578125 0.765925 0.000000 1.980463 0.191406
  694 1.074968 582.779439 11.515625 1.046544 0.000000 2.055027 0.153320
  695 1.255055 582.559653 11.468750 0.925307 0.000000 2.053944 0.169922
  696 1.255055 594.021418 10.437500 1.097493 0.000000 2.130166 0.221680
  697 1.088564 584.328815 10.296875 0.754515 0.000000 1.990643 0.237305
  698 1.309953 579.490223 11.062500 0.987826 0.000000 2.129749 0.186523
  699 1.163014 569.551275 11.609375 1.224818 0.000000 1.869893 0.173828
  700 1.073807 581.239332 12.218750 1.707143 0.000000 1.910688 0.143555
  701 1.150521 569.526052 12.734375 1.500307 0.000000 1.968294 0.120117
  702 1.163014 575.089109 12.234375 1.702455 0.000000 1.921960 0.122070
  703 1.240347 567.151052 11.890625 1.797768 0.000000 1.794459 0.135742
  704 1.160629 576.089109 12.250000 1.843275 0.000000 1.962852 0.124023
  705 1.257410 573.126498 11.593750 1.954994 0.000000 1.971331 0.147461
  706 1.163014 570.738886 12.250000 1.613783 0.000000 1.947534 0.135742
  707 1.163014 569.676275 12.140625 1.672377 0.000000 1.921485 0.139648
  708 1.163014 571.688663 11.937500 1.907924 0.000000 1.873734 0.143555
  709 1.236694 570.563663 12.781250 1.487221 0.000000 2.075092 0.115234
  710 1.068748 574.813663 12.203125 1.606166 0.000000 1.910756 0.136719
  711 1.225924 571.063441 12.625000 1.248940 0.000000 2.001235 0.103516
  712 1.145087 568.563663 12.031250 1.591713 0.000000 1.902022 0.140625
  713 1.163014 572.551275 12.062500 1.560463 0.000000 1.887487 0.129883
  714 1.150521 572.926275 12.906250 1.331361 0.000000 1.953477 0.109375
  715 1.078164 573.376498 12.328125 1.577650 0.000000 1.897916 0.130859
  716 1.160629 569.051275 12.359375 1.494838 0.000000 1.995687 0.132812
  717 1.257410 573.738886 12.234375 1.637221 0.000000 2.108313 0.124023
  718 1.343710 573.751498 12.046875 1.816713 0.000000 2.032382 0.137695
  719 1.343710 575.964109 12.343750 1.614174 0.000000 2.050252 0.114258
  720 1.151751 570.176275 12.937500 1.398940 0.000000 2.085071 0.114258
  721 1.145087 583.405910 11.781250 0.955931 0.000000 1.967847 0.169922
  722 1.276079 579.163485 11.593750 1.027260 0.000000 1.917137 0.175781
  723 1.163014 591.647264 11.515625 1.003456 0.000000 2.138777 0.166016
  724 1.316711 581.223022 11.640625 0.905466 0.000000 2.116685 0.175781
  725 1.163014 572.676275 12.187500 1.413002 0.000000 1.907913 0.136719
  726 1.240347 570.001498 12.656250 1.598354 0.000000 1.941718 0.105469
  727 1.151751 576.089109 13.359375 1.210463 0.000000 2.041612 0.094727
  728 1.236694 583.166248 12.375000 1.370619 0.000000 1.959425 0.123047
  729 1.081665 583.611435 10.875000 1.128134 0.000000 2.015953 0.188477
  730 1.252775 583.611435 10.921875 1.078651 0.000000 2.039054 0.185547
  731 1.160629 579.611435 11.000000 1.133971 0.000000 1.966706 0.201172
  732 1.257410 584.692451 10.890625 1.054820 0.000000 2.134602 0.163086
  733 1.066667 573.426275 11.296875 1.452065 0.000000 2.038115 0.161133
  734 1.000000 560.505015 13.750000 2.248354 0.000000 1.987826 0.081055
  735 1.002220 564.187204 12.609375 2.788979 0.000000 2.024344 0.092773
  736 1.066667 560.070046 13.609375 2.373354 0.000000 2.007572 0.076172
  737 1.087857 579.532228 13.562500 2.508119 0.000000 1.993574 0.083984
  738 1.142857 562.251720 13.281250 2.379604 0.000000 1.991069 0.085938
  739 1.142857 562.251720 12.921875 2.542494 0.000000 1.919260 0.083984
  740 1.073807 564.094171 13.578125 2.301869 0.000000 1.995052 0.053711
  741 1.142857 562.251720 13.171875 2.380190 0.000000 1.987553 0.086914
  742 1.075207 566.265653 13.046875 2.421205 0.000000 1.937757 0.083984
  743 1.073807 573.251498 12.125000 1.745619 0.000000 1.945575 0.138672
  744 1.078164 568.801275 12.078125 1.469838 0.000000 1.960061 0.126953
  745 1.145087 584.135945 12.171875 1.331752 0.000000 1.922813 0.124023
  746 1.243964 582.556355 11.515625 0.987240 0.000000 2.023716 0.157227
  747 1.442221 587.529350 11.531250 0.779941 0.000000 1.827803 0.202148
  748 1.151751 583.966783 11.281250 0.623429 0.000000 1.796293 0.197266
  749 1.151751 567.938663 13.031250 1.134315 0.000000 1.985681 0.117188
  750 1.151751 568.688441 12.562500 1.547963 0.000000 1.951938 0.134766
  751 1.243964 582.995482 11.406250 1.114070 0.000000 2.002593 0.197266
  752 1.230769 585.662148 10.765625 0.887269 0.000000 1.942485 0.193359
  753 1.078164 583.526052 11.171875 0.873345 0.000000 1.909017 0.190430
  754 1.151751 570.901052 12.250000 1.478236 0.000000 2.019678 0.117188
  755 1.163014 573.251498 13.078125 1.374135 0.000000 1.924990 0.107422
  756 1.225924 569.238218 12.484375 1.689760 0.000000 2.002619 0.112305
  757 1.225924 570.050829 13.062500 1.420229 0.000000 1.970855 0.108398
  758 1.163014 571.688663 11.984375 1.848354 0.000000 1.937255 0.131836
  759 1.257410 576.126498 11.890625 1.567299 0.000000 1.922412 0.141602
  760 1.343710 590.049492 12.046875 1.662416 0.000000 1.964638 0.131836
  761 1.338111 581.187193 11.734375 0.812789 0.000000 2.069656 0.166992
  762 1.151751 567.800829 12.328125 1.479213 0.000000 2.063404 0.113281
  763 1.177124 570.238886 12.578125 1.533119 0.000000 1.946362 0.133789
  764 1.257410 573.051275 12.578125 1.385268 0.000000 2.023801 0.129883
  765 1.163014 571.313663 12.093750 1.503041 0.000000 1.807573 0.135742
  766 1.163014 568.438441 12.328125 1.477846 0.000000 1.925170 0.128906
  767 1.145087 568.813441 12.468750 1.491322 0.000000 1.862272 0.125000
  768 1.163014 570.051275 12.281250 1.492690 0.000000 1.931457 0.135742
  769 1.163014 571.063663 12.406250 1.583705 0.000000 1.944247 0.125977
  770 1.074968 570.300829 12.640625 1.374135 0.000000 1.921317 0.129883
  771 1.236694 586.313931 13.000000 1.374330 0.000000 1.922778 0.117188
  772 1.257410 570.938663 12.515625 1.406361 0.000000 1.756408 0.131836
  773 1.257410 573.751498 12.390625 1.756947 0.000000 2.030936 0.120117
  774 1.145087 568.563663 12.109375 1.909096 0.000000 2.069482 0.116211
  775 1.257410 569.551275 12.015625 1.718275 0.000000 1.778137 0.151367
  776 1.106993 575.839109 12.625000 1.276283 0.000000 1.962593 0.124023
  777 1.074968 567.800829 12.328125 1.356752 0.000000 1.984858 0.125977
  778 1.068748 568.938441 12.390625 1.475697 0.000000 1.967285 0.122070
  779 1.156407 573.376498 12.703125 1.540736 0.000000 2.030384 0.116211
  780 1.151751 567.151052 12.765625 1.557338 0.000000 2.051099 0.115234
  781 1.225924 572.401052 12.562500 1.388979 0.000000 1.870032 0.134766
  782 1.151751 567.151052 12.578125 1.417885 0.000000 1.999427 0.123047
  783 1.257410 577.738886 12.640625 1.360658 0.000000 1.963045 0.110352
  784 1.240347 567.151052 12.812500 1.672963 0.000000 2.017374 0.104492
  785 1.163014 576.751498 12.765625 1.435463 0.000000 1.940629 0.123047
  786 1.225924 573.938663 12.578125 1.437611 0.000000 1.902213 0.125977
  787 1.068748 571.938441 13.031250 1.308315 0.000000 1.962521 0.103516
  788 1.160629 577.376498 12.046875 1.764174 0.000000 1.829542 0.137695
  789 1.243904 573.738886 12.718750 1.451283 0.000000 1.853641 0.122070
  790 1.233171 576.589109 12.484375 1.364369 0.000000 1.945279 0.113281
  791 1.151751 569.551275 12.718750 1.469447 0.000000 2.038159 0.118164
  792 1.163014 569.526052 12.828125 1.222377 0.000000 1.979932 0.111328
  793 1.257410 575.876498 12.062500 1.829994 0.000000 1.825767 0.136719
  794 1.233171 570.051275 12.562500 1.519447 0.000000 2.057184 0.125000
  795 1.240347 567.151052 12.828125 1.389174 0.000000 2.032122 0.095703
  796 1.236694 573.863886 12.281250 1.465150 0.000000 1.863548 0.133789
  797 1.257410 573.001498 12.468750 1.428627 0.000000 2.006773 0.122070
  798 1.257410 564.703333 13.203125 2.197768 0.000000 1.956442 0.095703
  799 1.236694 573.363886 13.156250 2.343275 0.000000 1.940987 0.094727
  800 1.160629 573.626498 12.656250 1.561049 0.000000 2.046742 0.100586
  801 1.151751 573.676275 12.171875 1.580190 0.000000 1.889897 0.134766
  802 1.163014 573.926275 11.937500 1.691518 0.000000 2.001924 0.130859
  803 1.163014 575.238886 12.718750 1.633705 0.000000 1.967557 0.127930
  804 1.145087 571.063663 12.765625 1.606947 0.000000 1.912587 0.105469
  805 1.233171 570.551275 12.125000 1.714955 0.000000 1.986998 0.137695
  806 1.368211 582.751720 12.968750 1.740736 0.000000 1.917722 0.121094
  807 1.225924 570.050829 12.125000 1.642104 0.000000 1.934223 0.130859
  808 1.163014 571.188663 12.359375 1.383900 0.000000 1.941909 0.137695
  809 1.240347 572.313441 12.875000 1.439565 0.000000 1.931314 0.123047
  810 1.257410 574.988886 12.062500 1.640541 0.000000 1.920035 0.148438
  811 1.151751 570.176275 12.531250 1.539369 0.000000 1.886540 0.124023
  812 1.160629 570.988886 12.250000 1.741713 0.000000 1.979384 0.149414
  813 1.257410 572.551275 11.609375 1.776088 0.000000 1.780772 0.159180
  814 1.225924 573.563663 12.765625 1.403627 0.000000 1.996362 0.118164
  815 1.270352 581.614332 12.375000 1.597572 0.000000 1.959332 0.136719
  816 1.163014 567.938663 12.625000 1.513002 0.000000 1.953193 0.123047
  817 1.151751 579.769546 12.234375 1.460268 0.000000 1.940181 0.127930
  818 1.151751 590.907335 11.390625 0.930455 0.000000 2.102007 0.167969
  819 1.081665 580.338708 11.875000 0.566725 0.000000 1.973522 0.193359
  820 1.066667 585.224091 11.187500 0.883166 0.000000 1.886747 0.208984
  821 1.081665 584.217496 11.484375 0.843357 0.000000 1.803790 0.195312
  822 1.106993 581.589956 10.640625 0.941882 0.000000 1.930146 0.200195
  823 1.160629 568.676275 12.281250 1.112867 0.000000 2.087401 0.133789
  824 1.070047 571.188663 12.171875 1.389565 0.000000 1.889554 0.161133
  825 1.006615 570.401052 12.390625 1.335658 0.000000 1.979317 0.131836
  826 1.080910 571.238886 11.531250 1.748549 0.000000 1.931249 0.135742
  827 1.078164 571.363886 12.531250 1.338197 0.000000 1.833848 0.128906
  828 1.145087 568.438441 12.375000 1.524330 0.000000 1.923505 0.136719
  829 1.070047 571.688663 12.906250 1.022182 0.000000 1.968969 0.126953
  830 1.150521 575.751498 11.953125 1.517690 0.000000 2.009362 0.127930
  831 1.142857 568.063663 11.843750 1.606752 0.000000 1.915317 0.125977
  832 1.142857 568.688663 11.953125 1.610268 0.000000 2.001724 0.132812
  833 1.160629 569.801275 11.781250 1.438002 0.000000 1.878631 0.155273
  834 1.078164 570.563663 11.625000 1.728432 0.000000 1.827837 0.155273
  835 1.150521 572.301275 12.406250 1.552650 0.000000 1.854579 0.133789
  836 1.066381 571.063441 12.515625 1.537025 0.000000 1.895630 0.133789
  837 1.066667 575.738886 12.343750 1.456947 0.000000 1.991544 0.125000
  838 1.070047 567.563441 12.484375 1.184682 0.000000 1.929759 0.125000
  839 1.160629 575.489332 11.953125 1.489174 0.000000 1.934681 0.136719
  840 1.156407 570.488886 11.843750 1.608900 0.000000 2.011186 0.126953
  841 1.156407 567.613886 12.187500 1.446986 0.000000 1.924706 0.140625
  842 1.070047 569.401052 12.093750 1.626869 0.000000 1.886588 0.131836
  843 1.073807 572.426275 11.640625 1.636440 0.000000 2.008854 0.146484
  844 1.068748 568.863218 12.140625 1.350697 0.000000 1.910900 0.141602
  845 1.142177 569.613218 12.500000 1.400502 0.000000 1.971003 0.113281
  846 1.240347 585.586658 11.671875 0.984607 0.000000 1.961760 0.178711
  847 1.163014 569.151052 12.468750 1.399330 0.000000 2.033099 0.132812
  848 1.163014 571.188663 12.093750 1.586440 0.000000 1.864660 0.129883
  849 1.074968 571.813663 12.140625 1.531557 0.000000 1.920217 0.138672
  850 1.163014 577.089109 12.000000 1.925893 0.000000 2.060574 0.142578
  851 1.151751 573.626498 12.984375 1.582143 0.000000 2.012993 0.110352
  852 1.160629 570.863886 12.156250 1.995619 0.000000 2.078199 0.129883
  853 1.078164 569.551275 12.312500 1.656557 0.000000 1.925727 0.120117
  854 1.257410 574.488886 11.828125 1.892104 0.000000 1.786521 0.141602
  855 1.163014 569.401052 12.359375 1.722963 0.000000 2.047656 0.108398
  856 1.240347 583.893521 11.843750 1.661635 0.000000 1.981647 0.143555
  857 1.151751 568.813441 11.734375 1.055583 0.000000 1.924346 0.164062
  858 1.240347 570.176275 12.093750 1.634486 0.000000 1.957298 0.141602
  859 1.257410 572.051275 12.187500 1.684682 0.000000 1.859471 0.134766
  860 1.156407 575.751498 12.593750 1.598940 0.000000 1.910784 0.125000
  861 1.078164 567.938663 11.625000 1.824721 0.000000 1.861553 0.143555
  862 1.150521 572.426275 12.484375 1.457924 0.000000 1.930935 0.116211
  863 1.151751 570.301275 11.875000 1.679994 0.000000 1.892822 0.136719
  864 1.163014 569.526052 12.406250 1.645033 0.000000 2.008120 0.109375
  865 1.163014 571.063663 12.062500 1.855775 0.000000 1.965141 0.122070
  866 1.240347 570.926275 12.250000 1.398940 0.000000 2.028150 0.106445
  867 1.145087 569.651052 12.656250 1.600697 0.000000 2.028852 0.117188
  868 1.163014 571.188663 12.640625 1.466713 0.000000 1.895130 0.122070
  869 1.150521 572.051275 12.171875 1.590541 0.000000 2.007665 0.139648
  870 1.145087 570.938441 12.609375 1.641713 0.000000 1.941530 0.116211
  871 1.325427 586.557425 12.734375 1.323940 0.000000 1.965698 0.127930
  872 1.151751 581.429617 11.390625 0.918834 0.000000 1.873988 0.197266
  873 1.326320 604.091738 10.109375 0.657230 0.000000 1.966348 0.247070
  874 1.145087 608.937817 10.265625 0.813607 0.000000 2.083374 0.266602
  875 1.070047 581.589956 11.171875 0.596376 0.000000 2.042456 0.204102
  876 1.160629 571.738886 11.187500 0.748383 0.000000 1.906824 0.195312
  877 1.070047 567.050829 12.218750 1.559096 0.000000 1.984113 0.125977
  878 1.160629 568.188663 13.000000 1.139369 0.000000 1.953674 0.108398
  879 1.078164 568.438441 12.421875 1.339955 0.000000 1.994702 0.128906
  880 1.088564 568.801275 12.968750 1.312221 0.000000 2.066691 0.116211
  881 1.068748 574.738886 11.593750 1.508315 0.000000 2.032915 0.166992
  882 1.070047 572.551275 12.796875 1.287221 0.000000 2.061389 0.120117
  883 1.230769 573.301275 11.937500 1.516127 0.000000 1.979791 0.132812
  884 1.071078 569.938663 11.937500 1.826283 0.000000 2.007568 0.141602
  885 1.156407 569.301275 12.234375 1.689565 0.000000 2.006535 0.120117
  886 1.146563 581.300116 11.625000 0.772806 0.000000 1.812326 0.180664
  887 1.150521 581.830152 11.062500 0.828687 0.000000 1.869431 0.219727
  888 1.257410 588.692451 11.328125 0.883776 0.000000 1.812653 0.211914
  889 1.163014 583.405910 10.796875 0.964440 0.000000 1.952614 0.204102
  890 1.150521 586.435143 11.250000 0.842662 0.000000 2.107371 0.185547
  891 1.236694 582.762951 11.171875 1.088026 0.000000 2.167056 0.199219
  892 1.240347 567.151052 11.562500 1.372954 0.000000 2.036928 0.164062
  893 1.325427 574.063663 12.125000 1.620815 0.000000 1.944021 0.131836
  894 1.078164 572.751498 12.234375 1.626479 0.000000 2.039450 0.125977
  895 1.068748 572.926275 12.312500 1.571791 0.000000 1.996008 0.152344
  896 1.151751 568.813441 12.593750 1.626088 0.000000 1.894550 0.118164
  897 1.240347 579.165713 11.359375 0.997346 0.000000 2.260997 0.148438
  898 1.145087 582.173378 10.531250 1.070789 0.000000 2.068925 0.177734
  899 1.240347 578.788262 11.843750 0.492191 0.000000 1.984014 0.172852
  900 1.146563 582.875874 11.062500 0.723946 0.000000 2.085090 0.200195
  901 1.073807 571.113886 11.765625 0.694632 0.000000 1.815917 0.193359
  902 1.070047 575.613886 11.765625 1.716518 0.000000 1.875932 0.146484
  903 1.145087 567.026052 12.359375 1.420424 0.000000 1.819850 0.151367
  904 1.078164 569.151052 12.281250 1.887807 0.000000 2.204973 0.121094
  905 1.068748 566.863218 12.171875 1.478041 0.000000 1.968517 0.129883
  906 1.012423 571.613886 12.296875 1.326869 0.000000 1.922608 0.128906
  907 1.150521 577.964109 11.984375 1.665541 0.000000 1.865504 0.142578
  908 1.070047 588.846729 12.156250 1.409877 0.000000 1.845405 0.131836
  909 1.233171 579.648334 10.921875 0.882321 0.000000 2.030244 0.203125
  910 1.145087 580.135945 10.875000 0.943666 0.000000 2.127447 0.188477
  911 1.145087 567.276052 11.078125 1.155775 0.000000 2.001233 0.174805
  912 1.160629 572.751498 12.109375 1.366127 0.000000 1.952483 0.140625
  913 1.150521 568.313441 12.578125 1.429018 0.000000 1.936031 0.118164
  914 1.160629 566.276052 13.031250 1.210658 0.000000 1.935341 0.108398
  915 1.156407 573.001498 11.765625 1.767494 0.000000 1.980873 0.140625
  916 1.078164 570.426275 12.375000 1.460072 0.000000 1.962107 0.128906
  917 1.164057 572.676275 12.625000 1.315736 0.000000 1.905362 0.132812
  918 1.006615 571.313663 12.453125 1.314174 0.000000 1.904661 0.120117
  919 1.068748 566.988218 12.546875 1.470424 0.000000 1.940219 0.134766
  920 1.160629 574.301275 12.515625 1.420619 0.000000 1.953573 0.127930
  921 1.066381 569.550829 12.125000 1.382729 0.000000 1.835725 0.144531
  922 1.068748 568.375606 12.062500 1.454604 0.000000 1.857998 0.144531
  923 1.073807 569.301275 12.500000 1.432533 0.000000 1.962660 0.125000
  924 1.145087 567.151052 12.375000 1.136244 0.000000 1.921527 0.140625
  925 1.071078 569.401052 12.578125 1.194643 0.000000 1.943212 0.123047
  926 1.160629 575.376720 11.687500 1.794643 0.000000 1.908713 0.136719
  927 1.078164 571.738886 12.343750 1.594838 0.000000 2.000429 0.118164
  928 1.070047 570.563663 11.968750 1.559486 0.000000 1.910677 0.132812
  929 1.073807 571.238886 12.203125 1.238002 0.000000 1.998903 0.138672
  930 1.073807 570.613886 12.578125 1.263002 0.000000 1.924917 0.119141
  931 1.078164 570.988886 12.140625 1.871010 0.000000 2.232573 0.101562
  932 1.078164 569.901052 12.390625 1.469838 0.000000 1.963542 0.129883
  933 1.164057 580.581132 11.406250 0.838168 0.000000 1.849446 0.199219
  934 1.078164 580.823557 11.109375 0.985268 0.000000 2.066043 0.191406
  935 1.160629 580.862683 11.296875 0.843360 0.000000 2.009837 0.186523
  936 1.163014 580.823557 11.734375 1.431752 0.000000 1.821035 0.159180
  937 1.240347 585.783360 11.140625 1.043714 0.000000 2.119836 0.186523
  938 1.151751 582.278102 10.750000 1.126059 0.000000 2.097441 0.194336
  939 1.073166 583.601542 10.640625 0.982117 0.000000 2.131568 0.170898
  940 1.146563 582.072576 10.875000 0.921791 0.000000 2.028438 0.184570
  941 1.073166 586.543699 10.859375 1.029037 0.000000 2.022477 0.193359
  942 1.000000 570.938663 11.906250 1.602455 0.000000 1.890607 0.135742
  943 1.233171 571.738886 13.062500 1.341908 0.000000 1.904589 0.113281
  944 1.078164 569.176275 12.000000 1.655971 0.000000 1.971151 0.127930
  945 1.164057 577.001498 11.921875 1.520424 0.000000 1.896635 0.146484
  946 1.073807 573.876498 12.484375 1.408315 0.000000 1.870783 0.146484
  947 1.233171 575.051275 12.843750 1.286049 0.000000 1.920724 0.123047
  948 1.068748 568.563441 12.250000 1.651088 0.000000 2.006384 0.145508
  949 1.150521 572.926275 11.796875 1.347768 0.000000 1.804867 0.137695
  950 1.066667 567.425829 12.781250 1.299135 0.000000 1.973323 0.123047
  951 1.145087 569.801275 12.875000 1.265541 0.000000 1.950640 0.109375
  952 1.071078 578.339109 12.000000 1.694447 0.000000 2.112445 0.122070
  953 1.070047 571.363886 12.328125 1.694447 0.000000 1.917341 0.136719
  954 1.160629 574.126498 12.343750 1.400697 0.000000 2.005971 0.118164
  955 1.078164 569.676275 12.375000 1.641518 0.000000 1.920094 0.119141
  956 1.068748 566.863218 12.734375 1.377650 0.000000 2.017072 0.116211
  957 1.233171 564.938663 11.843750 1.597377 0.000000 1.925063 0.132812
  958 1.070047 569.776052 12.500000 1.418471 0.000000 1.981892 0.127930
  959 1.243904 572.176275 12.234375 1.662807 0.000000 1.909418 0.132812
  960 1.150521 574.363886 12.640625 1.383315 0.000000 1.916347 0.120117
  961 1.164057 570.863886 11.796875 1.779799 0.000000 1.880573 0.130859
  962 1.164057 578.876720 11.687500 1.871205 0.000000 1.916469 0.149414
  963 1.233171 567.401052 12.500000 1.577260 0.000000 2.056428 0.111328
  964 1.256706 574.589109 12.218750 1.376283 0.000000 1.883586 0.149414
  965 1.145087 571.813441 12.375000 1.477260 0.000000 1.879492 0.144531
  966 1.150521 571.188663 11.984375 1.795229 0.000000 1.870425 0.152344
  967 1.070047 567.938663 12.171875 1.263783 0.000000 1.892859 0.148438
  968 1.233171 564.938663 12.312500 1.523354 0.000000 1.882358 0.136719
  969 1.150521 585.344234 11.843750 0.908287 0.000000 1.939898 0.174805
  970 1.081665 584.254394 11.093750 0.660380 0.000000 1.923221 0.214844
  971 1.500000 588.958583 10.828125 1.009652 0.000000 1.941474 0.202148
  972 1.073807 592.906801 11.234375 1.212221 0.000000 2.279870 0.155273
  973 1.148824 581.469278 10.875000 0.817365 0.000000 1.934550 0.206055
  974 1.164057 582.317229 10.812500 0.956481 0.000000 2.103320 0.195312
  975 1.335935 587.005375 11.187500 0.800248 0.000000 2.076527 0.180664
  976 1.151751 583.163485 10.671875 0.872558 0.000000 2.026590 0.195312
  977 1.164057 589.695214 11.531250 0.731308 0.000000 1.891717 0.191406
  978 1.073807 583.526052 11.453125 0.679057 0.000000 2.022576 0.185547
  979 1.073807 581.953592 10.359375 0.811218 0.000000 2.120835 0.213867
  980 1.163014 574.613886 11.765625 1.034751 0.000000 1.881533 0.175781
  981 1.163014 582.148601 11.812500 1.469838 0.000000 1.877083 0.169922
  982 1.081665 581.105642 11.859375 0.637826 0.000000 1.980948 0.164062
  983 1.081665 582.677567 11.406250 0.849665 0.000000 1.800200 0.202148
  984 1.078164 579.405910 11.125000 0.812115 0.000000 2.102310 0.183594
  985 1.368211 579.601542 10.734375 0.830929 0.000000 1.933232 0.206055
  986 1.252775 589.297442 10.812500 1.427650 0.000000 2.107724 0.158203
  987 1.153001 574.863886 11.281250 1.471986 0.000000 1.982448 0.175781
  988 1.063015 576.126498 12.140625 1.616713 0.000000 1.936228 0.147461
  989 1.068748 567.113218 12.171875 1.674916 0.000000 1.866980 0.143555
  990 1.216385 579.879172 11.734375 1.207480 0.000000 1.983614 0.161133
  991 1.240347 583.284697 11.109375 0.892235 0.000000 2.008265 0.193359
  992 1.163014 598.021418 10.390625 0.490098 0.000000 1.980359 0.246094
  993 1.180281 588.010901 10.250000 0.605882 0.000000 1.961533 0.253906
  994 1.338111 582.678637 11.281250 1.248571 0.000000 2.215202 0.162109
  995 1.257410 582.180063 11.593750 0.835529 0.000000 2.021163 0.175781
  996 1.151751 582.559653 11.171875 1.183582 0.000000 2.037330 0.170898
  997 1.163014 589.298512 11.281250 0.830234 0.000000 1.962990 0.193359
  998 1.160629 570.988886 11.328125 1.180190 0.000000 2.079584 0.173828
  999 1.163014 571.063663 12.187500 1.661244 0.000000 1.784622 0.123047
 1000 1.240347 570.301275 12.500000 1.462221 0.000000 2.038021 0.120117
