    0 -257.360    0.000  317.000    0.000   56.000    0.000    1.000    0.000 
    1 -295.951    0.277  324.000    0.000   59.000    0.000    1.141    0.000 
    2 -323.327    0.254  327.000    0.000   64.000    0.000    1.172    0.000 
    3 -333.332    0.223  328.000    0.000   68.000    0.000    1.133    0.000 
    4 -337.885    0.219  320.000    0.000   67.000    0.000    1.168    0.000 
    5 -337.537    0.262  327.000    0.000   65.000    0.000    1.059    0.000 
    6 -353.448    0.266  327.000    0.000   66.000    0.000    1.098    0.000 
    7 -366.391    0.207  328.000    0.000   65.000    0.000    1.137    0.000 
    8 -372.358    0.250  324.000    0.000   66.000    0.000    1.251    0.000 
    9 -382.885    0.219  324.000    0.000   67.000    0.000    1.284    0.000 
   10 -389.412    0.203  326.000    0.000   65.000    0.000    1.284    0.000 
   11 -384.345    0.172  328.000    0.000   66.000    0.000    1.207    0.000 
   12 -385.836    0.266  326.000    0.000   66.000    0.000    1.275    0.000 
   13 -393.850    0.203  328.000    0.000   64.000    0.000    1.275    0.000 
   14 -393.302    0.176  323.000    0.000   63.000    0.000    1.327    0.000 
   15 -384.079    0.266  325.000    0.000   67.000    0.000    1.322    0.000 
   16 -390.736    0.199  326.000    0.000   68.000    0.000    1.366    0.000 
   17 -392.944    0.305  326.000    0.000   66.000    0.000    1.439    0.000 
   18 -406.077    0.191  323.000    0.000   68.000    0.000    1.518    0.000 
   19 -428.860    0.258  327.000    0.000   68.000    0.000    1.586    0.000 
   20 -434.515    0.203  325.000    0.000   70.000    0.000    1.491    0.000 
   21 -443.884    0.180  321.000    0.000   68.000    0.000    1.430    0.000 
   22 -444.341    0.219  329.000    0.000   69.000    0.000    1.664    0.000 
   23 -452.359    0.195  329.000    0.000   71.000    0.000    1.709    0.000 
   24 -447.932    0.230  330.000    0.000   70.000    0.000    1.742    0.000 
   25 -454.932    0.242  330.000    0.000   70.000    0.000    1.808    0.000 
   26 -458.467    0.207  325.000    0.000   71.000    0.000    1.905    0.000 
   27 -465.367    0.238  322.000    0.000   69.000    0.000    1.976    0.000 
   28 -479.538    0.207  327.000    0.000   70.000    0.000    2.025    0.000 
   29 -481.175    0.195  327.000    0.000   75.000    0.000    2.523    0.000 
   30 -478.067    0.191  334.000    0.000   73.000    0.000    2.114    0.000 
   31 -489.297    0.172  328.000    0.000   73.000    0.000    2.274    0.000 
   32 -489.684    0.246  327.000    0.000   71.000    0.000    2.336    0.000 
   33 -505.820    0.223  324.000    0.000   69.000    0.000    2.504    0.000 
   34 -499.438    0.188  332.000    0.000   69.000    0.000    2.563    0.000 
   35 -501.784    0.184  327.000    0.000   72.000    0.000    2.610    0.000 
   36 -506.045    0.152  330.000    0.000   72.000    0.000    2.504    0.000 
   37 -512.863    0.145  331.000    0.000   70.000    0.000    2.504    0.000 
   38 -514.070    0.156  327.000    0.000   71.000    0.000    2.612    0.000 
   39 -515.947    0.129  326.000    0.000   71.000    0.000    2.612    0.000 
   40 -503.217    0.129  329.000    0.000   75.000    0.000    2.711    0.000 
   41 -512.626    0.125  333.000    0.000   73.000    0.000    2.720    0.000 
   42 -520.418    0.125  333.000    0.000   73.000    0.000    2.656    0.000 
   43 -511.297    0.109  327.000    0.000   73.000    0.000    2.720    0.000 
   44 -515.945    0.133  331.000    0.000   73.000    0.000    2.821    0.000 
   45 -518.565    0.156  329.000    0.000   72.000    0.000    2.821    0.000 
   46 -515.486    0.125  331.000    0.000   73.000    0.000    2.873    0.000 
   47 -517.238    0.172  329.000    0.000   73.000    0.000    2.828    0.000 
   48 -518.971    0.172  333.000    0.000   76.000    0.000    3.173    0.000 
   49 -522.796    0.125  339.000    0.000   75.000    0.000    3.075    0.000 
   50 -504.547    0.121  340.000    0.000   77.000    0.000    3.173    0.000 
   51 -523.983    0.121  337.000    0.000   75.000    0.000    3.173    0.000 
   52 -526.005    0.098  332.000    0.000   76.000    0.000    3.173    0.000 
   53 -522.099    0.105  337.000    0.000   77.000    0.000    3.041    0.000 
   54 -522.043    0.090  338.000    0.000   79.000    0.000    3.291    0.000 
   55 -527.612    0.105  337.000    0.000   77.000    0.000    3.291    0.000 
   56 -533.757    0.109  335.000    0.000   77.000    0.000    3.291    0.000 
   57 -525.214    0.090  338.000    0.000   80.000    0.000    3.348    0.000 
   58 -523.740    0.094  334.000    0.000   79.000    0.000    3.348    0.000 
   59 -528.403    0.145  329.000    0.000   78.000    0.000    3.100    0.000 
   60 -536.807    0.141  331.000    0.000   78.000    0.000    3.100    0.000 
   61 -531.072    0.129  330.000    0.000   77.000    0.000    3.291    0.000 
   62 -526.728    0.152  329.000    0.000   78.000    0.000    3.094    0.000 
   63 -528.854    0.199  330.000    0.000   76.000    0.000    3.041    0.000 
   64 -527.142    0.164  328.000    0.000   76.000    0.000    3.230    0.000 
   65 -528.941    0.113  331.000    0.000   75.000    0.000    3.199    0.000 
   66 -536.536    0.156  331.000    0.000   75.000    0.000    3.199    0.000 
   67 -527.620    0.125  333.000    0.000   77.000    0.000    3.348    0.000 
   68 -538.449    0.117  333.000    0.000   77.000    0.000    3.540    0.000 
   69 -529.491    0.172  331.000    0.000   77.000    0.000    3.297    0.000 
   70 -522.994    0.164  335.000    0.000   77.000    0.000    3.297    0.000 
   71 -533.186    0.141  333.000    0.000   77.000    0.000    3.291    0.000 
   72 -539.475    0.141  333.000    0.000   77.000    0.000    3.348    0.000 
   73 -539.690    0.137  330.000    0.000   77.000    0.000    3.100    0.000 
   74 -534.642    0.145  329.000    0.000   79.000    0.000    4.372    0.000 
   75 -541.299    0.164  329.000    0.000   78.000    0.000    3.792    0.000 
   76 -544.296    0.129  330.000    0.000   77.000    0.000    4.221    0.000 
   77 -532.161    0.164  334.000    0.000   78.000    0.000    3.682    0.000 
   78 -537.523    0.145  335.000    0.000   76.000    0.000    3.438    0.000 
   79 -521.043    0.121  338.000    0.000   79.000    0.000    3.682    0.000 
   80 -542.441    0.188  332.000    0.000   77.000    0.000    3.970    0.000 
   81 -545.848    0.148  330.000    0.000   77.000    0.000    4.630    0.000 
   82 -538.303    0.137  333.000    0.000   78.000    0.000    4.630    0.000 
   83 -540.135    0.156  331.000    0.000   77.000    0.000    4.703    0.000 
   84 -541.054    0.137  330.000    0.000   76.000    0.000    4.306    0.000 
   85 -542.294    0.203  330.000    0.000   76.000    0.000    4.306    0.000 
   86 -541.639    0.137  333.000    0.000   81.000    0.000    4.372    0.000 
   87 -542.684    0.098  328.000    0.000   81.000    0.000    4.372    0.000 
   88 -536.239    0.145  333.000    0.000   81.000    0.000    4.757    0.000 
   89 -537.713    0.117  333.000    0.000   79.000    0.000    4.686    0.000 
   90 -546.273    0.156  329.000    0.000   78.000    0.000    4.378    0.000 
   91 -545.847    0.145  328.000    0.000   81.000    0.000    5.264    0.000 
   92 -544.127    0.188  326.000    0.000   81.000    0.000    4.692    0.000 
   93 -547.033    0.156  330.000    0.000   77.000    0.000    4.372    0.000 
   94 -550.861    0.129  325.000    0.000   77.000    0.000    4.378    0.000 
   95 -542.223    0.137  330.000    0.000   79.000    0.000    4.459    0.000 
   96 -551.852    0.117  326.000    0.000   81.000    0.000    5.444    0.000 
   97 -547.720    0.141  328.000    0.000   78.000    0.000    5.806    0.000 
   98 -550.591    0.141  332.000    0.000   84.000    0.000    5.435    0.000 
   99 -543.607    0.125  328.000    0.000   82.000    0.000    6.013    0.000 
  100 -535.589    0.152  333.000    0.000   84.000    0.000    6.101    0.000 
  101 -548.882    0.129  330.000    0.000   85.000    0.000    6.080    0.000 
  102 -548.176    0.105  329.000    0.000   86.000    0.000    5.989    0.000 
  103 -545.672    0.113  328.000    0.000   85.000    0.000    5.529    0.000 
  104 -549.620    0.148  326.000    0.000   82.000    0.000    5.289    0.000 
  105 -541.915    0.090  337.000    0.000   82.000    0.000    5.289    0.000 
  106 -546.817    0.168  332.000    0.000   83.000    0.000    5.529    0.000 
  107 -536.470    0.180  338.000    0.000   82.000    0.000    4.507    0.000 
  108 -532.659    0.156  334.000    0.000   83.000    0.000    4.507    0.000 
  109 -533.013    0.156  332.000    0.000   84.000    0.000    5.523    0.000 
  110 -533.088    0.133  330.000    0.000   83.000    0.000    4.679    0.000 
  111 -547.035    0.145  331.000    0.000   80.000    0.000    5.523    0.000 
  112 -537.340    0.117  337.000    0.000   81.000    0.000    5.613    0.000 
  113 -546.320    0.141  331.000    0.000   79.000    0.000    5.432    0.000 
  114 -544.809    0.105  332.000    0.000   77.000    0.000    4.459    0.000 
  115 -544.598    0.129  329.000    0.000   78.000    0.000    4.935    0.000 
  116 -542.900    0.129  334.000    0.000   80.000    0.000    5.523    0.000 
  117 -553.050    0.113  331.000    0.000   79.000    0.000    5.015    0.000 
  118 -556.836    0.094  329.000    0.000   80.000    0.000    5.523    0.000 
  119 -547.826    0.121  332.000    0.000   82.000    0.000    6.101    0.000 
  120 -535.171    0.121  329.000    0.000   83.000    0.000    6.002    0.000 
  121 -543.285    0.160  332.000    0.000   81.000    0.000    5.015    0.000 
  122 -548.592    0.121  331.000    0.000   80.000    0.000    5.523    0.000 
  123 -549.333    0.117  335.000    0.000   81.000    0.000    5.089    0.000 
  124 -543.897    0.145  328.000    0.000   83.000    0.000    5.089    0.000 
  125 -538.671    0.168  329.000    0.000   83.000    0.000    5.020    0.000 
  126 -542.944    0.203  323.000    0.000   82.000    0.000    6.744    0.000 
  127 -542.819    0.211  329.000    0.000   84.000    0.000    5.797    0.000 
  128 -547.768    0.148  327.000    0.000   84.000    0.000    5.975    0.000 
  129 -542.880    0.152  328.000    0.000   84.000    0.000    6.279    0.000 
  130 -556.825    0.172  324.000    0.000   82.000    0.000    6.279    0.000 
  131 -556.212    0.125  326.000    0.000   82.000    0.000    6.178    0.000 
  132 -542.483    0.160  335.000    0.000   86.000    0.000    6.501    0.000 
  133 -535.189    0.133  335.000    0.000   86.000    0.000    6.279    0.000 
  134 -542.738    0.133  331.000    0.000   87.000    0.000    6.472    0.000 
  135 -543.759    0.129  330.000    0.000   86.000    0.000    6.671    0.000 
  136 -551.349    0.168  331.000    0.000   86.000    0.000    6.067    0.000 
  137 -556.282    0.117  325.000    0.000   83.000    0.000    7.071    0.000 
  138 -544.057    0.215  328.000    0.000   86.000    0.000    7.081    0.000 
  139 -549.279    0.180  328.000    0.000   85.000    0.000    7.071    0.000 
  140 -559.138    0.133  326.000    0.000   82.000    0.000    6.965    0.000 
  141 -545.320    0.160  331.000    0.000   85.000    0.000    6.412    0.000 
  142 -543.725    0.098  334.000    0.000   82.000    0.000    6.279    0.000 
  143 -546.765    0.168  329.000    0.000   82.000    0.000    5.797    0.000 
  144 -544.998    0.164  333.000    0.000   84.000    0.000    7.179    0.000 
