    0 -142.360    0.000  317.000    0.000   56.000    0.000    1.000    0.000 
    1 -155.637    0.359  315.000    0.000   59.000    0.000    1.070    0.000 
    2 -157.098    0.371  320.000    0.000   62.000    0.000    1.106    0.000 
    3 -168.496    0.371  321.000    0.000   62.000    0.000    1.145    0.000 
    4 -165.754    0.285  318.000    0.000   60.000    0.000    1.137    0.000 
    5 -170.035    0.270  327.000    0.000   62.000    0.000    1.220    0.000 
    6 -171.349    0.305  321.000    0.000   62.000    0.000    1.180    0.000 
    7 -176.621    0.293  322.000    0.000   60.000    0.000    1.188    0.000 
    8 -175.409    0.258  320.000    0.000   62.000    0.000    1.180    0.000 
    9 -179.961    0.277  323.000    0.000   62.000    0.000    1.293    0.000 
   10 -182.557    0.277  320.000    0.000   62.000    0.000    1.407    0.000 
   11 -189.043    0.195  324.000    0.000   62.000    0.000    1.343    0.000 
   12 -180.020    0.273  322.000    0.000   65.000    0.000    1.439    0.000 
   13 -190.956    0.328  316.000    0.000   65.000    0.000    1.541    0.000 
   14 -186.172    0.281  322.000    0.000   66.000    0.000    1.521    0.000 
   15 -189.695    0.250  322.000    0.000   66.000    0.000    1.500    0.000 
   16 -191.972    0.273  322.000    0.000   67.000    0.000    1.581    0.000 
   17 -197.676    0.227  322.000    0.000   65.000    0.000    1.741    0.000 
   18 -193.546    0.242  314.000    0.000   65.000    0.000    1.720    0.000 
   19 -206.739    0.285  317.000    0.000   64.000    0.000    1.659    0.000 
   20 -198.578    0.250  319.000    0.000   65.000    0.000    1.956    0.000 
   21 -196.022    0.238  324.000    0.000   67.000    0.000    2.012    0.000 
   22 -195.766    0.207  319.000    0.000   65.000    0.000    1.971    0.000 
   23 -196.702    0.316  324.000    0.000   69.000    0.000    1.966    0.000 
   24 -204.229    0.223  321.000    0.000   66.000    0.000    1.820    0.000 
   25 -189.868    0.211  323.000    0.000   68.000    0.000    1.781    0.000 
   26 -196.309    0.266  323.000    0.000   70.000    0.000    1.938    0.000 
   27 -200.339    0.266  325.000    0.000   66.000    0.000    1.956    0.000 
   28 -199.956    0.254  316.000    0.000   65.000    0.000    2.233    0.000 
   29 -200.202    0.328  314.000    0.000   65.000    0.000    2.243    0.000 
   30 -200.783    0.258  322.000    0.000   64.000    0.000    2.027    0.000 
   31 -206.155    0.309  315.000    0.000   64.000    0.000    2.104    0.000 
   32 -204.854    0.203  323.000    0.000   64.000    0.000    2.413    0.000 
   33 -207.628    0.285  320.000    0.000   64.000    0.000    2.336    0.000 
   34 -204.970    0.250  318.000    0.000   66.000    0.000    2.691    0.000 
   35 -196.104    0.234  320.000    0.000   64.000    0.000    2.642    0.000 
   36 -196.549    0.258  324.000    0.000   65.000    0.000    2.416    0.000 
   37 -199.222    0.289  328.000    0.000   66.000    0.000    2.012    0.000 
   38 -202.453    0.203  326.000    0.000   68.000    0.000    2.069    0.000 
   39 -201.463    0.266  322.000    0.000   68.000    0.000    2.643    0.000 
   40 -199.378    0.277  311.000    0.000   66.000    0.000    2.455    0.000 
   41 -203.027    0.316  318.000    0.000   69.000    0.000    2.230    0.000 
   42 -207.881    0.266  322.000    0.000   67.000    0.000    2.432    0.000 
   43 -207.687    0.289  324.000    0.000   69.000    0.000    2.154    0.000 
   44 -205.613    0.250  322.000    0.000   68.000    0.000    2.111    0.000 
   45 -206.019    0.223  323.000    0.000   69.000    0.000    2.206    0.000 
   46 -207.396    0.273  319.000    0.000   68.000    0.000    2.271    0.000 
   47 -198.653    0.254  322.000    0.000   67.000    0.000    2.202    0.000 
   48 -209.285    0.297  316.000    0.000   67.000    0.000    2.327    0.000 
   49 -205.971    0.305  320.000    0.000   66.000    0.000    2.327    0.000 
   50 -207.878    0.273  318.000    0.000   66.000    0.000    2.401    0.000 
   51 -203.869    0.285  317.000    0.000   67.000    0.000    2.065    0.000 
   52 -207.207    0.301  322.000    0.000   65.000    0.000    2.253    0.000 
   53 -194.557    0.273  326.000    0.000   68.000    0.000    2.287    0.000 
   54 -205.828    0.293  319.000    0.000   67.000    0.000    2.126    0.000 
   55 -203.056    0.266  315.000    0.000   67.000    0.000    2.490    0.000 
   56 -196.048    0.305  321.000    0.000   68.000    0.000    2.501    0.000 
   57 -206.910    0.340  314.000    0.000   69.000    0.000    2.290    0.000 
   58 -202.886    0.285  327.000    0.000   70.000    0.000    2.467    0.000 
   59 -199.928    0.273  323.000    0.000   68.000    0.000    2.545    0.000 
   60 -204.412    0.281  315.000    0.000   68.000    0.000    2.405    0.000 
   61 -205.737    0.297  315.000    0.000   67.000    0.000    2.678    0.000 
   62 -197.682    0.316  320.000    0.000   68.000    0.000    2.652    0.000 
   63 -200.443    0.254  321.000    0.000   70.000    0.000    2.608    0.000 
   64 -194.278    0.309  322.000    0.000   72.000    0.000    2.515    0.000 
   65 -204.266    0.328  320.000    0.000   71.000    0.000    2.658    0.000 
   66 -203.515    0.215  325.000    0.000   70.000    0.000    2.774    0.000 
   67 -200.410    0.270  330.000    0.000   70.000    0.000    2.774    0.000 
   68 -212.801    0.258  324.000    0.000   71.000    0.000    2.467    0.000 
   69 -199.955    0.324  325.000    0.000   72.000    0.000    2.658    0.000 
   70 -206.689    0.246  318.000    0.000   69.000    0.000    2.765    0.000 
   71 -209.893    0.281  324.000    0.000   69.000    0.000    2.774    0.000 
   72 -211.507    0.254  317.000    0.000   68.000    0.000    2.798    0.000 
   73 -208.748    0.242  321.000    0.000   69.000    0.000    2.515    0.000 
   74 -200.398    0.293  322.000    0.000   71.000    0.000    2.591    0.000 
   75 -204.817    0.293  321.000    0.000   71.000    0.000    2.500    0.000 
   76 -200.086    0.312  319.000    0.000   71.000    0.000    2.614    0.000 
   77 -192.294    0.324  320.000    0.000   74.000    0.000    2.447    0.000 
   78 -201.586    0.312  320.000    0.000   73.000    0.000    2.765    0.000 
   79 -194.183    0.266  322.000    0.000   75.000    0.000    2.919    0.000 
   80 -205.161    0.262  323.000    0.000   74.000    0.000    2.742    0.000 
   81 -198.539    0.305  321.000    0.000   75.000    0.000    2.470    0.000 
   82 -211.221    0.230  318.000    0.000   73.000    0.000    2.577    0.000 
   83 -207.843    0.223  321.000    0.000   72.000    0.000    2.577    0.000 
   84 -207.321    0.281  319.000    0.000   72.000    0.000    2.578    0.000 
   85 -204.705    0.309  318.000    0.000   71.000    0.000    2.577    0.000 
   86 -205.681    0.262  317.000    0.000   72.000    0.000    2.724    0.000 
   87 -202.450    0.270  324.000    0.000   73.000    0.000    2.790    0.000 
   88 -205.781    0.316  325.000    0.000   74.000    0.000    3.094    0.000 
   89 -205.804    0.324  318.000    0.000   73.000    0.000    2.899    0.000 
   90 -199.952    0.309  321.000    0.000   73.000    0.000    2.970    0.000 
   91 -203.446    0.285  324.000    0.000   74.000    0.000    3.394    0.000 
   92 -205.616    0.223  321.000    0.000   69.000    0.000    3.335    0.000 
   93 -203.574    0.262  322.000    0.000   72.000    0.000    3.193    0.000 
   94 -204.575    0.270  321.000    0.000   71.000    0.000    3.455    0.000 
   95 -208.613    0.293  316.000    0.000   70.000    0.000    3.394    0.000 
   96 -206.591    0.273  318.000    0.000   71.000    0.000    3.161    0.000 
   97 -212.307    0.293  325.000    0.000   72.000    0.000    3.276    0.000 
   98 -218.221    0.254  318.000    0.000   73.000    0.000    3.045    0.000 
   99 -210.908    0.211  324.000    0.000   73.000    0.000    2.844    0.000 
  100 -209.617    0.215  321.000    0.000   70.000    0.000    2.970    0.000 
  101 -215.137    0.246  322.000    0.000   72.000    0.000    2.970    0.000 
  102 -212.207    0.234  320.000    0.000   70.000    0.000    2.899    0.000 
  103 -207.657    0.312  318.000    0.000   72.000    0.000    2.724    0.000 
  104 -199.823    0.258  326.000    0.000   73.000    0.000    2.644    0.000 
  105 -203.951    0.258  320.000    0.000   71.000    0.000    2.724    0.000 
  106 -205.035    0.293  321.000    0.000   73.000    0.000    3.078    0.000 
  107 -208.347    0.270  318.000    0.000   72.000    0.000    3.000    0.000 
  108 -207.346    0.305  318.000    0.000   73.000    0.000    2.970    0.000 
  109 -212.309    0.258  320.000    0.000   71.000    0.000    2.970    0.000 
  110 -192.425    0.320  326.000    0.000   70.000    0.000    2.578    0.000 
  111 -204.055    0.242  324.000    0.000   69.000    0.000    2.742    0.000 
  112 -212.530    0.258  320.000    0.000   69.000    0.000    2.947    0.000 
  113 -203.192    0.309  319.000    0.000   67.000    0.000    2.846    0.000 
  114 -200.512    0.234  325.000    0.000   68.000    0.000    2.846    0.000 
  115 -207.179    0.227  317.000    0.000   68.000    0.000    3.029    0.000 
  116 -196.868    0.270  314.000    0.000   70.000    0.000    3.558    0.000 
  117 -201.288    0.234  324.000    0.000   70.000    0.000    3.314    0.000 
  118 -203.816    0.258  320.000    0.000   70.000    0.000    3.161    0.000 
  119 -199.590    0.305  320.000    0.000   72.000    0.000    3.500    0.000 
  120 -193.113    0.262  329.000    0.000   73.000    0.000    3.384    0.000 
  121 -199.213    0.262  328.000    0.000   73.000    0.000    3.732    0.000 
  122 -201.914    0.277  319.000    0.000   71.000    0.000    3.493    0.000 
  123 -206.013    0.254  322.000    0.000   70.000    0.000    2.899    0.000 
  124 -208.174    0.234  318.000    0.000   69.000    0.000    3.430    0.000 
  125 -192.867    0.316  325.000    0.000   71.000    0.000    2.754    0.000 
  126 -195.660    0.273  321.000    0.000   70.000    0.000    2.750    0.000 
  127 -201.366    0.262  324.000    0.000   73.000    0.000    2.824    0.000 
  128 -216.912    0.242  320.000    0.000   69.000    0.000    2.899    0.000 
  129 -207.717    0.258  322.000    0.000   68.000    0.000    2.824    0.000 
  130 -202.377    0.285  321.000    0.000   68.000    0.000    2.370    0.000 
  131 -196.456    0.270  320.000    0.000   69.000    0.000    2.394    0.000 
  132 -199.925    0.309  321.000    0.000   69.000    0.000    2.452    0.000 
  133 -206.108    0.277  322.000    0.000   67.000    0.000    2.452    0.000 
  134 -190.362    0.258  328.000    0.000   68.000    0.000    2.230    0.000 
  135 -198.553    0.277  321.000    0.000   66.000    0.000    2.477    0.000 
  136 -199.703    0.246  324.000    0.000   67.000    0.000    2.491    0.000 
  137 -201.346    0.230  329.000    0.000   68.000    0.000    2.290    0.000 
  138 -203.194    0.266  317.000    0.000   68.000    0.000    2.334    0.000 
  139 -197.381    0.254  326.000    0.000   70.000    0.000    2.724    0.000 
  140 -206.115    0.281  320.000    0.000   68.000    0.000    2.659    0.000 
  141 -203.615    0.266  318.000    0.000   69.000    0.000    2.954    0.000 
  142 -204.392    0.262  321.000    0.000   68.000    0.000    2.405    0.000 
  143 -200.783    0.320  321.000    0.000   66.000    0.000    2.490    0.000 
  144 -202.631    0.340  316.000    0.000   66.000    0.000    2.652    0.000 
