    0 0.000000 2.324155 0.000000 0.000000 0.000000 0.000000 0.000000
    1 1.500000 2.493105 0.422852 0.889676 0.000000 3.068966 0.503906
    2 1.802776 2.533717 0.440430 0.715133 0.000000 3.694565 0.459961
    3 1.902630 9.426438 0.434570 0.534999 0.000000 3.410938 0.467773
    4 1.596270 -3.162407 0.421875 0.875115 0.000000 3.805463 0.440430
    5 1.355213 14.074060 0.406250 0.777509 0.000000 3.722178 0.458008
    6 1.711724 -5.132988 0.405273 0.798675 0.000000 3.596605 0.445312
    7 1.767767 2.252307 0.358398 0.478128 0.000000 3.837673 0.441406
    8 1.382666 5.062327 0.380859 0.524581 0.000000 3.665242 0.443359
    9 1.221945 3.970615 0.484375 0.903066 0.000000 3.408928 0.452148
   10 1.255055 0.527019 0.472656 0.538898 0.000000 2.978097 0.502930
   11 1.265784 7.301186 0.439453 0.617396 0.000000 3.115058 0.500000
   12 1.216261 3.461610 0.386719 0.647023 0.000000 3.144603 0.468750
   13 1.329662 3.283504 0.414062 0.641776 0.000000 3.253232 0.457031
   14 1.209995 6.296938 0.441406 0.892094 0.000000 3.445835 0.454102
   15 2.224998 1.070883 0.385742 0.672084 0.000000 3.875145 0.434570
   16 1.922009 3.402939 0.409180 0.806526 0.000000 3.998523 0.424805
   17 2.169635 -7.012896 0.321289 0.718220 0.000000 4.587205 0.387695
   18 1.760942 8.093407 0.422852 0.628106 0.000000 3.895679 0.458008
   19 1.286876 -8.125323 0.398438 0.705223 0.000000 3.573640 0.442383
   20 1.257410 14.339408 0.506836 0.651809 0.000000 3.290506 0.500000
   21 1.596456 20.025161 0.444336 0.500615 0.000000 2.911558 0.506836
   22 1.339068 13.735044 0.395508 0.814971 0.000000 3.333890 0.445312
   23 1.351882 15.204216 0.482422 0.774016 0.000000 3.103831 0.499023
   24 1.162476 22.981028 0.453125 0.670193 0.000000 2.800140 0.541016
   25 1.096323 13.200384 0.433594 0.690700 0.000000 3.096755 0.504883
   26 1.638887 8.244286 0.452148 0.662449 0.000000 3.482434 0.449219
   27 1.171020 12.879706 0.478516 0.713053 0.000000 3.323770 0.492188
   28 1.156407 4.268986 0.447266 0.842616 0.000000 3.064257 0.517578
   29 1.414214 24.983271 0.410156 0.914639 0.000000 3.310675 0.457031
   30 1.227262 8.998775 0.521484 0.613445 0.000000 3.114020 0.519531
   31 1.388524 7.718037 0.439453 0.457956 0.000000 3.033693 0.512695
   32 1.818209 24.027666 0.421875 0.565571 0.000000 3.422936 0.460938
   33 1.297212 7.620476 0.386719 0.747158 0.000000 3.274474 0.460938
   34 1.445352 26.289599 0.472656 0.702490 0.000000 2.782756 0.533203
   35 1.556411 17.273438 0.471680 0.714325 0.000000 2.996275 0.519531
   36 1.175251 20.168922 0.436523 0.716330 0.000000 2.962930 0.488281
   37 1.278985 20.596128 0.408203 0.838381 0.000000 3.018694 0.500977
   38 1.579688 14.272818 0.417969 0.687489 0.000000 2.905448 0.534180
   39 1.228848 9.595119 0.413086 0.786430 0.000000 3.049234 0.475586
   40 1.564609 -0.412048 0.472656 0.650717 0.000000 3.210878 0.515625
   41 1.646026 15.383271 0.430664 0.903072 0.000000 3.304194 0.466797
   42 1.726088 9.159772 0.461914 0.555607 0.000000 3.061432 0.481445
   43 1.198012 4.469605 0.392578 0.666907 0.000000 3.296276 0.508789
   44 1.355815 9.606979 0.385742 0.718967 0.000000 3.534809 0.458984
   45 1.465865 11.064739 0.470703 0.669275 0.000000 3.293607 0.469727
   46 1.459927 32.270883 0.479492 0.888082 0.000000 3.211743 0.482422
   47 1.270352 -0.399616 0.390625 0.423959 0.000000 3.830318 0.444336
   48 1.439851 30.495751 0.385742 0.750637 0.000000 3.360754 0.446289
   49 1.045973 0.010720 0.391602 0.770538 0.000000 3.203763 0.478516
   50 1.386750 2.252307 0.384766 0.518807 0.000000 3.596091 0.429688
   51 1.712511 11.446106 0.449219 0.608101 0.000000 3.530177 0.435547
   52 1.416667 16.649938 0.487305 0.720716 0.000000 3.177196 0.489258
   53 1.488624 -7.931457 0.479492 0.699795 0.000000 3.219629 0.498047
   54 1.636734 9.070883 0.379883 0.782390 0.000000 3.581945 0.454102
   55 1.932013 22.787104 0.449219 0.817752 0.000000 3.842863 0.437500
   56 1.556113 5.127544 0.351562 1.002753 0.000000 4.186291 0.386719
   57 2.026298 -3.153360 0.345703 0.704077 0.000000 4.085334 0.408203
   58 2.114033 -10.698543 0.375000 0.850119 0.000000 4.456492 0.388672
   59 1.426437 0.536969 0.361328 0.669489 0.000000 4.136026 0.407227
   60 1.201850 10.412772 0.402344 0.633587 0.000000 3.049127 0.487305
   61 1.646026 4.329769 0.440430 0.845822 0.000000 3.195472 0.486328
   62 1.219756 11.198690 0.446289 0.665889 0.000000 3.100033 0.472656
   63 1.365284 -0.379524 0.401367 0.563131 0.000000 3.350478 0.468750
   64 1.488624 13.370868 0.445312 0.687226 0.000000 3.132876 0.495117
   65 1.278985 29.387104 0.519531 0.674211 0.000000 3.078489 0.538086
   66 1.228848 19.534995 0.445312 0.734101 0.000000 2.888262 0.501953
   67 1.257916 -12.151959 0.429688 0.690742 0.000000 3.256805 0.474609
   68 1.261886 0.278819 0.434570 0.534942 0.000000 3.444573 0.461914
   69 1.249204 11.987995 0.514648 0.900706 0.000000 3.067795 0.524414
   70 1.465865 -4.672207 0.480469 0.757785 0.000000 3.032527 0.509766
   71 1.363474 11.827716 0.466797 0.857055 0.000000 3.073762 0.497070
   72 1.162476 14.546245 0.437500 0.828773 0.000000 3.120080 0.499023
   73 1.257916 43.903325 0.446289 0.794676 0.000000 3.065341 0.470703
   74 1.475287 14.316605 0.508789 0.990659 0.000000 3.122428 0.499023
   75 1.249204 0.844480 0.399414 0.614847 0.000000 3.050155 0.485352
   76 1.236694 17.895381 0.436523 0.738953 0.000000 3.074229 0.492188
   77 1.355669 18.385945 0.436523 0.499866 0.000000 3.680482 0.450195
   78 1.515684 -0.546151 0.502930 0.939319 0.000000 3.661246 0.461914
   79 1.675617 8.794692 0.488281 0.645359 0.000000 3.299983 0.509766
   80 1.278275 -7.051030 0.378906 0.646575 0.000000 3.582977 0.415039
   81 1.457384 0.181018 0.397461 0.863370 0.000000 3.240839 0.500977
   82 1.218227 2.636582 0.524414 0.631659 0.000000 3.098164 0.539062
   83 1.640342 17.286302 0.457031 0.645006 0.000000 3.319153 0.502930
   84 1.913992 11.759822 0.401367 0.708583 0.000000 3.719734 0.451172
   85 1.498717 -9.716743 0.425781 0.753429 0.000000 3.771628 0.456055
   86 1.892154 13.870883 0.460938 0.670281 0.000000 3.470231 0.492188
   87 1.937926 -1.062451 0.336914 0.660529 0.000000 3.967582 0.427734
   88 1.636364 12.933717 0.449219 0.661687 0.000000 3.519432 0.456055
   89 1.279681 -3.838434 0.372070 0.680579 0.000000 3.249891 0.476562
   90 1.277204 16.393699 0.443359 0.583967 0.000000 3.248607 0.465820
   91 1.562889 6.255629 0.487305 1.075163 0.000000 2.982540 0.482422
   92 1.271162 3.585496 0.393555 0.848975 0.000000 3.278447 0.488281
   93 1.156407 17.174297 0.408203 0.647506 0.000000 3.148831 0.508789
   94 1.433587 18.903422 0.477539 0.627016 0.000000 3.241809 0.519531
   95 1.811077 4.086486 0.408203 0.730937 0.000000 3.351838 0.467773
   96 1.480466 4.203681 0.444336 0.488262 0.000000 3.440407 0.476562
   97 1.333333 9.886474 0.330078 0.954130 0.000000 3.170015 0.445312
   98 1.556113 10.041242 0.400391 0.907162 0.000000 3.384249 0.430664
   99 1.584929 17.091828 0.410156 0.672599 0.000000 3.412700 0.478516
  100 1.700000 -2.289125 0.441406 0.593015 0.000000 3.447873 0.472656
  101 1.636734 7.831756 0.451172 0.873368 0.000000 3.608508 0.462891
  102 1.702939 5.779439 0.465820 0.645442 0.000000 3.305259 0.479492
  103 1.547416 5.667050 0.426758 0.990408 0.000000 3.155622 0.493164
  104 1.321069 22.075470 0.461914 0.766317 0.000000 3.219974 0.449219
  105 1.579688 24.471418 0.487305 0.592629 0.000000 2.948041 0.541992
  106 1.218227 1.634463 0.438477 0.564550 0.000000 2.971536 0.514648
  107 1.295319 -0.342435 0.396484 0.522030 0.000000 3.037041 0.497070
  108 1.085931 26.277270 0.401367 0.562081 0.000000 3.367303 0.461914
  109 1.427153 18.107781 0.392578 0.718554 0.000000 3.493031 0.465820
  110 1.380670 26.520883 0.420898 0.834086 0.000000 3.148798 0.484375
  111 1.337281 -0.443403 0.469727 0.792253 0.000000 2.992910 0.511719
  112 1.240520 6.845447 0.379883 0.785690 0.000000 3.456761 0.465820
  113 1.162476 26.091828 0.477539 0.726645 0.000000 3.177568 0.488281
  114 1.257410 3.449177 0.487305 1.010672 0.000000 3.269407 0.469727
  115 1.350926 0.183271 0.410156 0.874935 0.000000 3.348122 0.467773
  116 1.248447 13.842311 0.440430 0.591411 0.000000 3.450056 0.463867
  117 1.586582 -5.420523 0.447266 0.582095 0.000000 3.462032 0.475586
  118 1.932013 8.492897 0.396484 0.551144 0.000000 4.030769 0.390625
  119 2.333333 11.082327 0.358398 0.696501 0.000000 4.471272 0.377930
  120 2.300895 -30.177394 0.306641 0.741739 0.000000 5.710666 0.327148
  121 2.224998 -1.945293 0.260742 0.526244 0.000000 5.396374 0.352539
  122 2.002498 -6.790314 0.383789 0.749535 0.000000 4.092388 0.436523
  123 2.648529 -16.687673 0.346680 0.872493 0.000000 5.206368 0.374023
  124 2.027588 -15.946306 0.315430 0.828078 0.000000 4.915761 0.376953
  125 1.955385 7.649938 0.318359 0.740023 0.000000 4.875423 0.362305
  126 1.704457 26.605805 0.451172 0.794242 0.000000 3.564596 0.446289
  127 1.242730 25.891828 0.532227 0.731203 0.000000 2.977500 0.487305
  128 1.465865 7.112772 0.486328 0.490136 0.000000 3.057998 0.524414
  129 1.369932 2.884105 0.453125 0.414586 0.000000 2.931076 0.524414
  130 1.811077 -9.715916 0.394531 0.673337 0.000000 3.409387 0.435547
  131 1.831876 -11.871974 0.352539 0.772728 0.000000 4.233445 0.391602
  132 2.036257 -0.491506 0.319336 0.486793 0.000000 4.638159 0.393555
  133 1.702939 -8.736869 0.334961 0.766840 0.000000 4.575077 0.379883
  134 1.343968 22.042182 0.373047 0.605638 0.000000 3.522507 0.465820
  135 1.545867 22.279439 0.424805 0.922474 0.000000 3.216714 0.448242
  136 1.280720 3.122835 0.458008 0.580456 0.000000 3.062650 0.547852
  137 1.556113 1.251248 0.440430 0.611903 0.000000 3.462150 0.458984
  138 1.380257 15.045287 0.471680 0.950727 0.000000 3.385411 0.484375
  139 1.363474 11.308882 0.370117 0.445278 0.000000 3.213158 0.480469
  140 1.505199 17.483344 0.496094 0.649692 0.000000 2.763402 0.547852
  141 1.964389 17.468120 0.474609 0.728745 0.000000 2.875210 0.510742
  142 1.234662 16.697971 0.544922 0.863638 0.000000 2.821092 0.529297
  143 1.154006 6.568499 0.459961 0.605563 0.000000 3.094271 0.502930
  144 1.416667 16.675993 0.473633 0.720181 0.000000 2.795941 0.533203
  145 1.159818 25.164291 0.526367 0.768340 0.000000 3.035087 0.532227
  146 1.414214 12.751503 0.509766 0.820526 0.000000 2.583827 0.540039
  147 1.237656 11.799492 0.486328 0.543338 0.000000 2.783944 0.526367
  148 1.712511 41.265161 0.485352 0.840825 0.000000 2.798757 0.517578
  149 1.449677 15.924029 0.414062 0.830705 0.000000 3.109507 0.465820
  150 1.605609 10.799106 0.409180 0.719036 0.000000 2.889192 0.484375
  151 1.456022 29.724359 0.423828 0.638196 0.000000 2.702654 0.513672
  152 1.066205 8.112772 0.503906 0.832349 0.000000 2.676649 0.554688
  153 1.204037 3.657565 0.421875 0.955618 0.000000 3.359546 0.449219
  154 1.309953 22.285376 0.431641 0.600114 0.000000 3.157423 0.482422
  155 1.338111 18.809326 0.501953 0.848840 0.000000 2.763267 0.533203
  156 1.445352 26.751070 0.545898 0.832088 0.000000 2.706581 0.556641
  157 1.428768 18.093487 0.471680 0.685799 0.000000 2.915437 0.496094
  158 1.058391 7.615772 0.392578 0.469403 0.000000 3.271795 0.481445
  159 1.175266 3.879400 0.400391 0.742434 0.000000 3.150660 0.471680
  160 1.335935 19.102879 0.415039 0.762581 0.000000 3.578710 0.420898
  161 1.335935 17.277975 0.465820 0.743793 0.000000 3.075700 0.481445
  162 1.320972 9.752803 0.388672 0.873961 0.000000 3.113892 0.462891
  163 1.459927 17.648334 0.501953 0.631474 0.000000 2.983945 0.510742
  164 1.447719 16.696938 0.498047 0.648444 0.000000 3.299256 0.500000
  165 1.671063 -5.363418 0.398438 0.936343 0.000000 3.671803 0.420898
  166 1.301319 3.231639 0.431641 0.617942 0.000000 3.496979 0.470703
  167 1.137220 29.191186 0.485352 0.709753 0.000000 3.069042 0.507812
  168 1.682889 18.389069 0.427734 0.808866 0.000000 3.430377 0.477539
  169 1.475127 1.401988 0.428711 0.606267 0.000000 3.121688 0.517578
  170 1.636734 3.104484 0.445312 0.550440 0.000000 3.695193 0.447266
  171 1.233171 31.235381 0.400391 0.993284 0.000000 3.521116 0.468750
  172 1.465865 5.495689 0.436523 0.581410 0.000000 3.178840 0.493164
  173 1.802776 -15.862257 0.436523 0.902817 0.000000 3.443252 0.454102
  174 1.386750 -7.350642 0.397461 0.627535 0.000000 3.903875 0.450195
  175 1.267105 2.962327 0.418945 0.839719 0.000000 3.817228 0.417969
  176 1.279681 11.773998 0.429688 0.669332 0.000000 3.109066 0.506836
  177 1.126185 7.137549 0.485352 0.545206 0.000000 2.989344 0.491211
  178 1.260572 19.421328 0.430664 0.609725 0.000000 2.891022 0.486328
  179 1.159897 19.001661 0.427734 0.597441 0.000000 2.886192 0.507812
  180 1.240347 15.970615 0.436523 0.650209 0.000000 3.169751 0.481445
  181 1.955761 2.755731 0.489258 0.625734 0.000000 3.175213 0.520508
  182 2.026298 1.377211 0.412109 0.773242 0.000000 3.588067 0.465820
  183 1.350926 3.213489 0.386719 0.967090 0.000000 4.231543 0.405273
  184 1.894264 -3.530395 0.406250 0.639238 0.000000 3.702355 0.475586
  185 1.641057 -11.896713 0.401367 0.549042 0.000000 4.063331 0.410156
  186 1.706984 -1.440971 0.351562 0.875345 0.000000 3.821231 0.423828
  187 1.802776 5.401661 0.415039 0.814617 0.000000 3.588692 0.463867
  188 1.548126 1.583806 0.405273 1.029137 0.000000 3.830625 0.381836
  189 1.757271 1.566159 0.424805 0.684082 0.000000 3.650018 0.464844
  190 1.276484 17.048943 0.365234 0.619149 0.000000 3.803645 0.411133
  191 1.432581 -0.800271 0.486328 0.644543 0.000000 3.593038 0.457031
  192 2.343891 8.112772 0.452148 0.539487 0.000000 4.009243 0.441406
  193 1.562889 5.303248 0.435547 0.553581 0.000000 3.678278 0.447266
  194 1.236694 17.606152 0.500000 0.884231 0.000000 3.130965 0.527344
  195 1.301319 4.677171 0.520508 0.844691 0.000000 3.259285 0.464844
  196 1.252025 14.500802 0.438477 0.776583 0.000000 3.348469 0.481445
  197 1.351882 9.183233 0.483398 0.707812 0.000000 2.914941 0.510742
  198 1.219756 18.765624 0.488281 0.640694 0.000000 3.062201 0.528320
  199 1.261886 5.266174 0.484375 0.784744 0.000000 2.875710 0.497070
  200 1.309953 18.119368 0.442383 0.690353 0.000000 3.162870 0.496094
  201 1.343710 10.879706 0.458984 0.808762 0.000000 3.321741 0.471680
  202 1.556113 2.700384 0.462891 0.751304 0.000000 3.322606 0.474609
  203 1.556113 26.401988 0.420898 0.733282 0.000000 3.576002 0.417969
  204 1.084255 15.329923 0.502930 0.604780 0.000000 3.256370 0.517578
  205 1.278985 13.002939 0.456055 0.765668 0.000000 3.237809 0.470703
  206 1.396082 14.290550 0.390625 1.006918 0.000000 3.367611 0.463867
  207 1.370008 -0.814057 0.510742 0.843253 0.000000 3.186971 0.496094
  208 1.640122 1.737549 0.454102 0.640097 0.000000 3.247880 0.466797
  209 1.556113 2.935652 0.496094 0.689166 0.000000 3.218547 0.510742
  210 1.355669 5.246144 0.381836 0.737586 0.000000 3.740310 0.433594
  211 1.419116 9.606152 0.475586 0.496085 0.000000 3.359889 0.469727
  212 1.600000 -8.790401 0.391602 0.868229 0.000000 3.838943 0.436523
  213 1.711724 13.934275 0.397461 0.858769 0.000000 3.756848 0.445312
  214 1.457458 21.733620 0.427734 0.731704 0.000000 3.012447 0.508789
  215 1.669397 7.583806 0.426758 0.919475 0.000000 3.255089 0.479492
  216 1.581139 14.252410 0.422852 0.846997 0.000000 3.503740 0.450195
  217 1.827250 4.689986 0.390625 0.605949 0.000000 4.526886 0.408203
  218 1.802776 6.406469 0.376953 0.997213 0.000000 4.418156 0.381836
  219 1.480540 18.476025 0.352539 0.651512 0.000000 4.292573 0.404297
  220 1.554151 8.038352 0.430664 0.670848 0.000000 3.922282 0.423828
  221 1.562050 -1.813657 0.382812 0.873933 0.000000 4.254162 0.400391
  222 1.438482 -7.484185 0.401367 0.705335 0.000000 3.808956 0.432617
  223 1.222222 8.868328 0.406250 0.838557 0.000000 3.446908 0.451172
  224 1.148442 2.611968 0.434570 0.737436 0.000000 3.246388 0.492188
  225 1.276079 4.596086 0.410156 0.802321 0.000000 3.410957 0.445312
  226 1.384931 17.190860 0.425781 0.644965 0.000000 3.277816 0.485352
  227 1.119846 7.996589 0.505859 0.771270 0.000000 2.854551 0.552734
  228 1.315587 14.785670 0.580078 1.013926 0.000000 2.932353 0.483398
  229 1.267105 16.003592 0.413086 0.723183 0.000000 2.919402 0.481445
  230 1.509231 7.635224 0.496094 1.039724 0.000000 2.924733 0.497070
  231 1.457384 -9.395784 0.409180 0.619175 0.000000 3.575065 0.458984
  232 1.584929 -1.950062 0.371094 0.750312 0.000000 3.467759 0.434570
  233 1.646026 4.028459 0.408203 0.660792 0.000000 3.377004 0.483398
  234 1.906344 9.700427 0.433594 0.960743 0.000000 3.562214 0.449219
  235 1.536902 7.964882 0.381836 0.596712 0.000000 3.638373 0.437500
  236 1.460258 -0.954713 0.357422 0.916202 0.000000 3.226056 0.454102
  237 1.578410 -10.399616 0.407227 0.812766 0.000000 3.407585 0.458984
  238 1.815772 7.116605 0.405273 0.715172 0.000000 3.458078 0.455078
  239 1.584929 2.894071 0.414062 0.808631 0.000000 3.839435 0.440430
  240 2.500000 15.067587 0.347656 0.577730 0.000000 4.143529 0.429688
  241 2.021519 8.177549 0.407227 0.524535 0.000000 4.257975 0.417969
  242 1.162476 1.385500 0.341797 0.820943 0.000000 3.924815 0.412109
  243 1.783044 14.043862 0.408203 0.698582 0.000000 3.373890 0.461914
  244 1.817348 -2.356449 0.389648 0.587667 0.000000 3.635949 0.422852
  245 1.811077 11.722992 0.378906 0.587335 0.000000 3.978699 0.404297
  246 1.488624 -9.355133 0.388672 0.621997 0.000000 4.456827 0.384766
  247 1.711724 -5.300546 0.364258 0.608066 0.000000 3.637484 0.433594
  248 2.455486 21.175161 0.413086 0.885043 0.000000 4.051457 0.416992
  249 2.063221 8.695571 0.332031 1.046558 0.000000 5.211766 0.363281
  250 1.596270 -5.341773 0.355469 0.602910 0.000000 4.185683 0.415039
  251 1.459927 1.767826 0.384766 0.552317 0.000000 3.728551 0.448242
  252 1.386750 -5.521761 0.461914 0.474777 0.000000 3.456610 0.469727
  253 1.989700 1.579439 0.363281 0.660495 0.000000 4.118425 0.398438
  254 1.817348 -1.933980 0.357422 0.590815 0.000000 3.728934 0.450195
  255 1.475127 7.120466 0.464844 0.874056 0.000000 3.907177 0.420898
  256 1.153846 8.473941 0.474609 0.614586 0.000000 3.179191 0.487305
  257 1.163014 16.533659 0.485352 0.646771 0.000000 2.961372 0.519531
  258 1.700000 4.376380 0.435547 0.805797 0.000000 3.612452 0.482422
  259 1.426437 4.922665 0.468750 0.518210 0.000000 3.033580 0.539062
  260 1.863928 6.970615 0.440430 0.764439 0.000000 3.450002 0.414062
  261 1.390000 12.853771 0.454102 0.710717 0.000000 3.397064 0.489258
  262 1.465093 21.705184 0.426758 0.702514 0.000000 3.237068 0.488281
  263 1.465865 4.636582 0.464844 0.791195 0.000000 3.204612 0.486328
  264 1.381484 22.639677 0.446289 0.645131 0.000000 3.214947 0.507812
  265 1.596270 8.763935 0.441406 0.798095 0.000000 3.552977 0.474609
  266 1.767767 13.987104 0.414062 0.750527 0.000000 3.651747 0.455078
  267 1.170783 34.142800 0.415039 0.765815 0.000000 3.462500 0.487305
  268 1.252025 10.066261 0.448242 0.884281 0.000000 3.177185 0.477539
  269 1.618477 10.273111 0.429688 0.538364 0.000000 2.927801 0.512695
  270 1.500000 16.840762 0.471680 0.549111 0.000000 2.672005 0.555664
  271 1.740910 32.258494 0.483398 0.613213 0.000000 3.030500 0.485352
  272 1.156294 1.991402 0.442383 0.616408 0.000000 3.247827 0.498047
  273 1.386750 26.954127 0.486328 0.802379 0.000000 3.365684 0.491211
  274 1.480466 9.805286 0.439453 0.591962 0.000000 3.348206 0.488281
  275 1.414214 0.785826 0.385742 0.785344 0.000000 3.568676 0.432617
  276 1.295408 6.021863 0.395508 0.717163 0.000000 3.543439 0.438477
  277 1.584929 13.717882 0.409180 0.832789 0.000000 3.288351 0.457031
  278 1.556113 8.038352 0.371094 0.646508 0.000000 3.734338 0.446289
  279 1.411901 0.013574 0.396484 0.874809 0.000000 3.757801 0.433594
  280 1.369932 3.689273 0.456055 0.659839 0.000000 3.150433 0.484375
  281 1.255055 6.187066 0.408203 0.654895 0.000000 3.427173 0.441406
  282 1.223641 8.914050 0.463867 0.639200 0.000000 2.986539 0.519531
  283 1.255055 11.744145 0.423828 0.708120 0.000000 2.912116 0.495117
  284 1.343710 1.286302 0.404297 0.702431 0.000000 3.195218 0.469727
  285 1.256444 17.171677 0.470703 0.664982 0.000000 3.074375 0.501953
  286 1.400241 12.816465 0.426758 0.810652 0.000000 3.782070 0.433594
  287 1.638887 13.091293 0.461914 0.735506 0.000000 3.595412 0.455078
  288 1.492072 -4.488505 0.435547 0.922092 0.000000 3.316670 0.458984
  289 2.022375 4.790936 0.362305 0.784763 0.000000 3.920659 0.417969
  290 2.000000 -5.374839 0.337891 0.874744 0.000000 5.056360 0.333984
  291 1.649242 0.916159 0.327148 0.598385 0.000000 4.493206 0.347656
  292 1.370008 18.251216 0.422852 0.816966 0.000000 3.504568 0.450195
  293 1.325427 19.697557 0.475586 0.730695 0.000000 2.739084 0.538086
  294 1.361560 7.888576 0.502930 0.837563 0.000000 2.827493 0.525391
  295 1.163014 18.937549 0.468750 0.693625 0.000000 2.691705 0.504883
  296 1.276079 17.573913 0.510742 0.650274 0.000000 3.134784 0.525391
  297 1.459715 21.408049 0.371094 0.796772 0.000000 3.095652 0.477539
  298 1.590571 -0.371709 0.412109 0.654760 0.000000 3.422468 0.455078
  299 1.711724 5.575606 0.385742 0.645768 0.000000 3.628516 0.464844
  300 1.672772 17.209938 0.371094 0.542503 0.000000 3.921274 0.437500
  301 1.536902 -7.540538 0.404297 0.835579 0.000000 4.043427 0.435547
  302 1.605609 9.120437 0.334961 0.697567 0.000000 4.353431 0.381836
  303 1.562050 3.210277 0.383789 0.801028 0.000000 3.388764 0.466797
  304 1.240347 13.452220 0.477539 0.793041 0.000000 2.977114 0.537109
  305 1.457384 -13.512005 0.379883 1.037911 0.000000 3.314971 0.462891
  306 1.459715 15.712772 0.409180 0.675072 0.000000 3.387984 0.458984
  307 1.257916 16.744145 0.503906 0.901441 0.000000 3.001522 0.517578
  308 1.279681 7.675606 0.404297 0.637583 0.000000 2.799361 0.502930
  309 1.442221 13.446048 0.495117 0.506125 0.000000 2.976888 0.524414
  310 1.250000 6.849938 0.438477 0.674851 0.000000 2.640948 0.538086
  311 1.513926 25.111495 0.464844 0.714700 0.000000 2.773231 0.523438
  312 1.446481 26.604216 0.492188 0.841117 0.000000 2.971172 0.504883
  313 1.531716 16.193363 0.495117 0.696961 0.000000 2.733889 0.531250
  314 1.393799 22.045442 0.405273 1.074085 0.000000 2.810861 0.498047
  315 1.445352 42.903771 0.385742 0.798873 0.000000 2.833355 0.490234
  316 1.867857 14.022031 0.389648 0.597251 0.000000 2.813159 0.514648
  317 1.138129 7.975519 0.469727 0.779948 0.000000 2.810812 0.511719
  318 1.204037 20.426911 0.409180 0.772896 0.000000 3.072534 0.487305
  319 1.548126 14.404216 0.500977 0.634411 0.000000 2.985522 0.523438
  320 1.729663 21.269605 0.518555 0.664911 0.000000 3.118588 0.530273
  321 2.134375 7.228993 0.373047 0.729803 0.000000 3.565345 0.459961
  322 2.012308 -18.180607 0.366211 0.683291 0.000000 4.297010 0.414062
  323 1.831876 -8.841929 0.363281 0.703505 0.000000 4.452759 0.376953
  324 1.811077 7.856533 0.364258 0.990393 0.000000 4.257528 0.383789
  325 1.416931 6.707043 0.431641 0.811627 0.000000 3.350459 0.485352
  326 1.726746 18.518848 0.402344 0.580797 0.000000 3.664656 0.482422
  327 2.114033 9.133755 0.364258 1.002511 0.000000 4.213721 0.412109
  328 2.408319 -11.062451 0.300781 0.768295 0.000000 5.534689 0.328125
  329 2.436896 -27.456445 0.285156 0.614269 0.000000 5.883474 0.305664
  330 2.022375 19.540482 0.308594 0.579428 0.000000 5.002595 0.352539
  331 2.636878 -4.000371 0.361328 0.695373 0.000000 4.237296 0.411133
  332 2.137265 -10.285623 0.353516 0.893174 0.000000 5.033828 0.336914
  333 2.527969 -1.604340 0.390625 0.964402 0.000000 4.239002 0.406250
  334 2.469324 7.059331 0.308594 0.734325 0.000000 4.952670 0.334961
  335 2.236068 5.994490 0.359375 1.041108 0.000000 4.708038 0.350586
  336 1.581139 -3.143467 0.386719 0.775354 0.000000 3.899262 0.452148
  337 1.232444 1.879706 0.432617 0.926698 0.000000 3.544525 0.457031
  338 1.388524 7.356154 0.402344 1.042508 0.000000 3.352298 0.452148
  339 1.382666 0.727656 0.424805 0.775952 0.000000 3.192734 0.483398
  340 1.261412 10.846640 0.373047 0.887254 0.000000 3.631876 0.424805
  341 1.160668 5.668328 0.437500 0.532634 0.000000 3.453450 0.478516
  342 2.404423 11.421328 0.380859 0.705199 0.000000 3.603365 0.431641
  343 1.846574 6.091382 0.415039 0.964221 0.000000 4.299827 0.409180
  344 2.100265 -6.302112 0.376953 0.945754 0.000000 4.006780 0.425781
  345 2.057983 6.987104 0.365234 0.569688 0.000000 4.638290 0.383789
  346 1.370008 6.236072 0.436523 0.711604 0.000000 3.600434 0.456055
  347 1.351882 -0.086841 0.524414 0.601762 0.000000 3.085589 0.504883
  348 1.333333 6.835054 0.421875 0.788809 0.000000 3.458985 0.458984
  349 1.840894 9.900006 0.419922 0.841067 0.000000 3.455867 0.460938
  350 1.800000 11.021863 0.420898 0.729832 0.000000 3.909466 0.416016
  351 1.488624 4.423883 0.442383 0.681215 0.000000 3.868622 0.429688
  352 1.242730 19.782992 0.416992 0.687664 0.000000 3.608450 0.430664
  353 1.428768 15.559772 0.458984 0.575240 0.000000 2.752645 0.551758
  354 1.673835 34.979107 0.456055 0.980122 0.000000 3.057323 0.504883
  355 1.390000 13.064710 0.431641 0.677214 0.000000 2.970321 0.492188
  356 1.480540 5.547112 0.481445 0.708016 0.000000 3.148441 0.453125
  357 1.337955 2.780716 0.392578 0.712883 0.000000 2.840535 0.509766
  358 1.000000 4.131704 0.458984 0.788929 0.000000 3.014114 0.486328
  359 1.624171 23.896938 0.515625 0.722167 0.000000 3.020237 0.521484
  360 1.556113 13.320437 0.477539 0.765531 0.000000 3.503381 0.506836
  361 1.802776 2.894996 0.470703 0.958738 0.000000 3.485881 0.476562
  362 1.702939 0.825161 0.361328 0.877945 0.000000 3.978219 0.399414
  363 1.334474 16.542541 0.376953 0.471132 0.000000 3.992765 0.454102
  364 1.308625 19.457324 0.538086 0.877993 0.000000 3.000260 0.528320
  365 1.271162 8.577889 0.447266 0.778712 0.000000 3.237886 0.465820
  366 1.295408 4.627716 0.416992 0.687043 0.000000 3.569169 0.426758
  367 1.248529 20.341382 0.436523 0.804498 0.000000 3.373526 0.429688
  368 1.563750 14.033857 0.388672 0.687259 0.000000 3.460917 0.425781
  369 1.457384 -8.350062 0.422852 0.648162 0.000000 3.463537 0.458984
  370 1.160668 18.938827 0.437500 0.830570 0.000000 3.146227 0.478516
  371 1.333333 19.522748 0.475586 0.608856 0.000000 2.998947 0.507812
  372 1.161063 1.970615 0.434570 0.877864 0.000000 3.222893 0.484375
  373 1.419116 11.584549 0.416992 0.501165 0.000000 3.384695 0.463867
  374 1.493576 28.456939 0.457031 0.627648 0.000000 3.059678 0.504883
  375 1.493576 6.935652 0.438477 0.756925 0.000000 3.135409 0.484375
  376 1.380257 13.483004 0.511719 0.691992 0.000000 2.774262 0.543945
  377 1.459927 2.098215 0.465820 0.790026 0.000000 2.981438 0.519531
  378 1.256706 3.700384 0.469727 0.801011 0.000000 3.042390 0.508789
  379 1.295319 7.317674 0.425781 0.493878 0.000000 3.307917 0.494141
  380 1.355669 5.076324 0.343750 0.735019 0.000000 3.617422 0.441406
  381 1.646434 7.879706 0.450195 0.582345 0.000000 3.576193 0.460938
  382 2.281036 -8.912005 0.377930 0.690441 0.000000 4.266864 0.409180
  383 2.169635 -4.972284 0.344727 0.679611 0.000000 4.887852 0.354492
  384 1.712511 13.171677 0.391602 0.637330 0.000000 3.880515 0.441406
  385 1.726746 14.691828 0.364258 0.546876 0.000000 3.672754 0.441406
  386 1.902630 12.282985 0.404297 0.816687 0.000000 3.998169 0.418945
  387 1.419116 13.653236 0.499023 0.848691 0.000000 3.416762 0.455078
  388 1.240520 5.835054 0.507812 0.911877 0.000000 3.005052 0.500000
  389 1.214747 14.769953 0.432617 0.807541 0.000000 2.880870 0.508789
  390 1.325236 19.782992 0.416992 0.619541 0.000000 2.932821 0.511719
  391 1.486946 6.912772 0.375977 0.768402 0.000000 2.983237 0.465820
  392 1.151086 14.318502 0.467773 0.938669 0.000000 2.878916 0.517578
  393 1.618477 9.516605 0.462891 0.665438 0.000000 2.995560 0.512695
  394 1.625000 23.672243 0.412109 0.655949 0.000000 2.841067 0.526367
  395 1.295408 4.609946 0.439453 0.807141 0.000000 2.922032 0.501953
  396 1.327782 11.649938 0.460938 0.725737 0.000000 3.174913 0.499023
  397 1.237656 16.804216 0.474609 0.976197 0.000000 3.198357 0.456055
  398 1.329772 9.101014 0.451172 0.947369 0.000000 3.086133 0.477539
  399 1.680697 17.028459 0.391602 0.557076 0.000000 3.343307 0.491211
  400 1.820453 47.055197 0.381836 0.848217 0.000000 3.579683 0.453125
  401 1.112485 -1.971541 0.485352 0.518878 0.000000 3.233054 0.500000
  402 1.492072 -5.189396 0.350586 0.780881 0.000000 3.796502 0.442383
  403 1.712511 -5.150062 0.312500 0.705209 0.000000 4.475027 0.382812
  404 1.937926 20.883981 0.374023 0.737909 0.000000 4.390907 0.394531
  405 1.726088 -11.792230 0.325195 0.779281 0.000000 4.276527 0.396484
  406 1.550434 -2.211075 0.357422 0.733889 0.000000 3.957297 0.421875
  407 1.811077 18.580857 0.456055 0.614363 0.000000 3.045346 0.493164
  408 1.250000 18.794692 0.488281 0.880332 0.000000 3.299660 0.482422
  409 1.475127 12.651216 0.478516 0.808673 0.000000 3.064605 0.484375
  410 1.114259 6.425922 0.404297 0.638794 0.000000 3.501706 0.453125
  411 1.498717 26.765073 0.504883 0.918376 0.000000 2.717113 0.519531
  412 1.432581 1.867782 0.466797 0.786571 0.000000 2.977447 0.515625
  413 1.500000 -14.730395 0.405273 0.609115 0.000000 3.660242 0.444336
  414 1.616542 22.758585 0.382812 0.644389 0.000000 3.646852 0.447266
  415 1.475127 7.471418 0.501953 0.591460 0.000000 3.203651 0.512695
  416 1.435552 -2.895516 0.343750 0.817562 0.000000 3.816794 0.438477
  417 1.409460 12.890797 0.389648 0.756936 0.000000 3.787237 0.392578
  418 1.098751 16.367065 0.366211 0.824766 0.000000 3.324199 0.469727
  419 1.315587 8.714669 0.458008 0.631357 0.000000 2.981528 0.514648
  420 1.617215 4.161553 0.489258 0.596704 0.000000 3.088945 0.510742
  421 2.532146 5.432547 0.458984 0.424924 0.000000 3.599875 0.485352
  422 2.233306 -5.969729 0.373047 0.707881 0.000000 4.115911 0.447266
  423 1.910497 6.091828 0.370117 0.805463 0.000000 4.420321 0.394531
  424 1.643753 -3.740886 0.480469 0.653154 0.000000 3.604697 0.467773
  425 1.343710 8.181018 0.420898 0.475319 0.000000 3.271040 0.494141
  426 1.729663 10.195393 0.458984 0.790709 0.000000 3.334182 0.475586
  427 2.651650 -17.431668 0.369141 0.622051 0.000000 4.310476 0.417969
  428 2.677542 -25.078717 0.303711 0.655719 0.000000 5.454292 0.342773
  429 2.651650 -21.417174 0.338867 0.778136 0.000000 5.430537 0.348633
  430 2.512469 -19.042783 0.259766 1.032412 0.000000 5.979101 0.288086
  431 2.651650 1.993788 0.287109 0.574937 0.000000 5.392096 0.342773
  432 2.382534 5.483271 0.325195 0.764162 0.000000 4.746347 0.361328
  433 2.408319 -6.082950 0.342773 0.603437 0.000000 4.611112 0.396484
  434 2.627975 -25.176149 0.357422 0.681680 0.000000 4.969899 0.359375
  435 2.144192 -5.363253 0.332031 0.473869 0.000000 4.885177 0.357422
  436 1.205842 -4.635980 0.420898 0.848919 0.000000 3.677887 0.445312
  437 1.554930 7.987104 0.324219 0.439133 0.000000 4.177345 0.411133
  438 1.343640 -4.273766 0.356445 0.564800 0.000000 3.966899 0.417969
  439 1.457458 13.211881 0.450195 0.613865 0.000000 3.367176 0.480469
  440 1.205842 25.674715 0.395508 0.724937 0.000000 3.237087 0.467773
  441 1.726746 -6.591951 0.344727 0.807658 0.000000 3.781265 0.406250
  442 1.815772 -11.760886 0.374023 0.597066 0.000000 4.526485 0.390625
  443 1.737593 5.997109 0.430664 0.605404 0.000000 3.891331 0.448242
  444 2.122775 15.236658 0.377930 0.779578 0.000000 4.227762 0.410156
  445 2.137265 -7.371339 0.388672 0.656753 0.000000 3.897340 0.450195
  446 2.357023 10.194715 0.302734 1.068673 0.000000 5.393885 0.335938
  447 2.910618 -10.143556 0.286133 0.968440 0.000000 5.400848 0.344727
  448 2.503123 -21.191860 0.258789 0.610294 0.000000 5.738833 0.309570
  449 2.317160 -9.887228 0.243164 0.849732 0.000000 6.045896 0.315430
  450 2.677542 -9.271007 0.315430 0.812233 0.000000 4.785238 0.371094
  451 2.877716 -10.632326 0.322266 0.795234 0.000000 5.816615 0.306641
  452 2.264820 -17.061173 0.264648 0.579725 0.000000 5.405239 0.338867
  453 2.247083 0.100247 0.344727 0.888345 0.000000 4.468085 0.414062
  454 1.808101 1.658227 0.337891 0.668659 0.000000 4.319820 0.393555
  455 1.515438 11.001661 0.416016 0.675253 0.000000 3.749678 0.441406
  456 1.783044 -5.150062 0.467773 0.710707 0.000000 3.813944 0.448242
  457 1.649242 1.545243 0.395508 0.937736 0.000000 4.281730 0.407227
  458 2.012308 -2.424394 0.421875 0.772540 0.000000 3.953008 0.422852
  459 1.808101 -7.713698 0.335938 0.769194 0.000000 4.262297 0.376953
  460 2.124193 14.851903 0.452148 0.777328 0.000000 3.558159 0.461914
  461 1.636364 0.624580 0.467773 0.886696 0.000000 3.576639 0.457031
  462 1.386750 -0.220561 0.427734 0.666459 0.000000 3.385084 0.472656
  463 1.414214 19.634511 0.460938 0.561229 0.000000 3.396798 0.468750
  464 1.442221 0.814631 0.438477 0.718608 0.000000 3.163073 0.473633
  465 1.227262 2.255629 0.463867 0.451543 0.000000 3.163745 0.526367
  466 1.438858 12.459462 0.367188 0.832693 0.000000 3.182126 0.499023
  467 1.438482 1.095622 0.505859 0.669833 0.000000 2.916740 0.513672
  468 1.380670 19.008049 0.486328 0.745899 0.000000 3.357936 0.458984
  469 1.334474 9.256111 0.468750 0.714136 0.000000 3.022586 0.482422
  470 1.145087 19.653236 0.421875 0.922988 0.000000 2.904745 0.512695
  471 1.216997 11.116576 0.417969 0.668043 0.000000 2.922318 0.510742
  472 1.104315 12.765624 0.448242 0.786314 0.000000 3.162024 0.496094
  473 1.428768 9.334252 0.454102 0.840270 0.000000 2.993555 0.511719
  474 1.470217 30.311079 0.498047 0.727751 0.000000 2.717870 0.537109
  475 1.212678 15.577504 0.532227 0.628417 0.000000 2.792379 0.561523
  476 1.382666 7.595893 0.498047 0.646035 0.000000 2.975856 0.540039
  477 1.198012 10.129261 0.519531 0.894259 0.000000 3.059490 0.494141
  478 1.338111 21.872160 0.484375 0.725280 0.000000 3.069170 0.501953
  479 1.380257 18.455591 0.488281 0.718948 0.000000 2.762375 0.541016
  480 1.209995 9.957002 0.449219 0.879461 0.000000 3.124332 0.478516
  481 1.570717 32.820437 0.459961 0.748622 0.000000 2.674758 0.551758
  482 1.212678 15.860762 0.473633 0.769923 0.000000 2.820315 0.514648
  483 1.212678 0.980931 0.403320 0.787442 0.000000 2.877378 0.508789
  484 1.531383 21.604216 0.423828 0.773883 0.000000 3.040857 0.490234
  485 1.616542 -1.162451 0.489258 0.585444 0.000000 2.822089 0.550781
  486 1.257916 13.442157 0.435547 0.623736 0.000000 3.224311 0.475586
  487 1.277204 18.987104 0.455078 0.780824 0.000000 2.978356 0.518555
  488 1.271162 11.182540 0.442383 0.793463 0.000000 3.053088 0.496094
  489 1.419116 6.004187 0.433594 0.730641 0.000000 3.413376 0.468750
  490 1.915675 19.758494 0.382812 0.707382 0.000000 3.731196 0.422852
  491 1.636364 -7.838434 0.330078 0.631716 0.000000 4.209951 0.384766
  492 1.475127 -5.125285 0.380859 0.698900 0.000000 3.765267 0.425781
  493 2.144192 -18.159955 0.434570 0.567080 0.000000 3.701167 0.489258
  494 1.548126 -11.013670 0.381836 0.640128 0.000000 3.950054 0.427734
  495 1.697273 4.311079 0.352539 0.707973 0.000000 3.567771 0.450195
  496 1.717701 2.103383 0.343750 0.616855 0.000000 4.381017 0.407227
  497 1.319536 26.499582 0.379883 0.663317 0.000000 3.517552 0.474609
  498 1.351882 14.804178 0.490234 0.685778 0.000000 2.913866 0.522461
  499 1.508948 10.891038 0.475586 0.808961 0.000000 2.994273 0.516602
  500 1.692745 10.385500 0.444336 0.788279 0.000000 2.983243 0.525391
  501 1.531013 24.181994 0.505859 0.838896 0.000000 2.719758 0.525391
  502 1.457738 22.316605 0.467773 0.879951 0.000000 2.793139 0.512695
  503 1.353514 12.329769 0.499023 0.679932 0.000000 2.837131 0.508789
  504 1.590571 8.181994 0.391602 0.751631 0.000000 2.986210 0.480469
  505 1.438858 13.030890 0.469727 0.593731 0.000000 3.161070 0.516602
  506 1.737593 -6.484673 0.489258 0.819403 0.000000 2.947978 0.512695
  507 1.953057 -11.431286 0.342773 0.670647 0.000000 4.343901 0.397461
  508 1.369932 -10.584902 0.315430 0.487059 0.000000 4.831809 0.368164
  509 2.000000 -13.368452 0.376953 0.699783 0.000000 4.370332 0.386719
  510 2.233306 -18.395784 0.348633 0.503612 0.000000 4.611174 0.404297
  511 3.052868 -22.635409 0.305664 0.471697 0.000000 5.695953 0.341797
  512 3.023243 -19.022451 0.271484 0.590723 0.000000 6.458437 0.312500
  513 2.436896 -8.900989 0.286133 0.616024 0.000000 5.260297 0.348633
  514 2.000000 22.978352 0.319336 0.712989 0.000000 5.299737 0.339844
  515 2.617812 -9.009622 0.357422 0.577829 0.000000 5.094346 0.369141
  516 1.808101 0.478645 0.369141 0.900558 0.000000 4.680850 0.414062
  517 1.414214 19.529856 0.451172 0.629436 0.000000 3.378835 0.467773
  518 1.849870 0.878730 0.383789 0.899298 0.000000 3.907638 0.445312
  519 1.617215 1.980716 0.391602 0.712171 0.000000 3.965721 0.413086
  520 2.265470 -13.821096 0.319336 0.623779 0.000000 4.649393 0.379883
  521 2.247083 -2.194850 0.284180 0.742184 0.000000 5.589884 0.315430
  522 2.137265 5.733717 0.427734 0.778223 0.000000 4.058156 0.408203
  523 1.699056 -10.046128 0.342773 0.602404 0.000000 4.070910 0.445312
  524 1.697273 4.930616 0.405273 0.712221 0.000000 3.721173 0.451172
  525 1.237656 4.574715 0.431641 1.008694 0.000000 3.490163 0.466797
  526 1.419116 5.341382 0.479492 0.738075 0.000000 3.294301 0.480469
  527 1.473815 -2.062451 0.414062 0.952367 0.000000 3.786563 0.438477
  528 1.338111 -0.791990 0.389648 0.697715 0.000000 3.843075 0.462891
  529 1.638887 -4.829852 0.465820 1.043058 0.000000 3.222765 0.492188
  530 2.000000 -3.169848 0.338867 0.562489 0.000000 4.361758 0.385742
  531 2.404423 -2.756657 0.349609 0.831745 0.000000 4.645294 0.367188
  532 1.433587 0.143722 0.381836 0.807433 0.000000 3.707087 0.434570
  533 1.316711 15.363604 0.482422 0.767372 0.000000 3.099406 0.473633
  534 1.465865 18.761672 0.457031 0.566014 0.000000 3.639253 0.466797
  535 1.369932 1.941353 0.400391 0.949740 0.000000 3.390402 0.458984
  536 1.286876 -4.207205 0.385742 0.858182 0.000000 3.550399 0.419922
  537 1.913992 5.291737 0.373047 0.720576 0.000000 3.832448 0.425781
  538 1.520526 3.214501 0.359375 1.019678 0.000000 4.295021 0.416992
  539 1.900000 -7.812934 0.364258 0.673112 0.000000 4.366472 0.395508
  540 1.597412 9.249492 0.404297 0.677936 0.000000 3.954109 0.423828
  541 1.726268 7.684201 0.418945 0.703985 0.000000 3.825027 0.428711
  542 1.562889 8.301186 0.451172 0.767503 0.000000 3.523331 0.457031
  543 1.554151 13.184549 0.443359 0.581218 0.000000 3.504460 0.486328
  544 1.766981 13.696036 0.468750 0.672386 0.000000 3.226335 0.499023
  545 1.046433 -7.488075 0.393555 0.681462 0.000000 3.359389 0.455078
  546 1.162476 0.393699 0.384766 0.590144 0.000000 3.604497 0.442383
  547 1.255055 12.529885 0.427734 0.835999 0.000000 3.277068 0.464844
  548 1.815772 9.891828 0.434570 0.696603 0.000000 3.369084 0.481445
  549 1.621515 11.151666 0.440430 1.116934 0.000000 3.654020 0.416016
  550 1.427153 13.632094 0.380859 0.650432 0.000000 3.660578 0.448242
  551 1.545867 -2.688921 0.419922 0.662589 0.000000 3.367361 0.487305
  552 1.470217 -8.608405 0.383789 0.699801 0.000000 3.553063 0.426758
  553 1.334474 6.355939 0.446289 0.625311 0.000000 3.197440 0.502930
  554 1.343710 10.788797 0.388672 0.913806 0.000000 3.122509 0.451172
  555 1.261886 17.863129 0.381836 0.684862 0.000000 3.487388 0.470703
  556 1.470217 12.100247 0.402344 0.731059 0.000000 3.312087 0.494141
  557 1.276484 20.449851 0.441406 0.934563 0.000000 3.142877 0.453125
  558 1.356748 6.028459 0.405273 0.613766 0.000000 3.104702 0.495117
  559 1.475127 9.766818 0.412109 0.676061 0.000000 3.446872 0.447266
  560 1.259163 -0.176804 0.356445 0.724256 0.000000 3.538940 0.439453
  561 1.475127 12.578161 0.398438 0.855542 0.000000 3.646198 0.405273
  562 1.351882 7.334252 0.492188 0.888967 0.000000 3.426834 0.441406
  563 1.556113 0.143241 0.418945 0.805821 0.000000 3.546145 0.460938
  564 1.369932 8.608838 0.411133 0.750909 0.000000 3.716274 0.444336
  565 1.680697 -7.171007 0.442383 0.839060 0.000000 3.512714 0.441406
  566 1.386750 6.378649 0.375977 0.706503 0.000000 3.668804 0.448242
  567 1.250503 18.863129 0.399414 0.964297 0.000000 3.246377 0.445312
  568 1.369932 9.516070 0.488281 0.632881 0.000000 2.737795 0.546875
  569 1.236694 26.136795 0.532227 0.668570 0.000000 2.961845 0.540039
  570 1.338771 -1.999616 0.398438 0.645495 0.000000 3.080745 0.489258
  571 1.800000 7.109498 0.466797 0.774441 0.000000 3.336971 0.482422
  572 1.712511 -0.325285 0.456055 0.765611 0.000000 3.512670 0.488281
  573 1.595029 25.021660 0.408203 0.763486 0.000000 3.573944 0.445312
  574 1.600000 19.096747 0.398438 0.446859 0.000000 3.317035 0.490234
  575 1.328174 4.303403 0.500000 0.693450 0.000000 3.170892 0.512695
  576 2.022375 -4.604354 0.485352 0.772082 0.000000 3.414394 0.483398
  577 2.222222 21.336213 0.381836 0.641589 0.000000 4.052617 0.437500
  578 1.827250 13.066605 0.485352 0.850553 0.000000 3.534720 0.466797
  579 1.581139 20.776052 0.396484 0.834157 0.000000 4.429810 0.396484
  580 1.596270 -11.724394 0.374023 0.500827 0.000000 4.368215 0.390625
  581 1.636364 12.878730 0.359375 0.615374 0.000000 3.862939 0.444336
  582 1.621515 -4.693487 0.376953 0.664081 0.000000 3.707169 0.437500
  583 1.638887 -9.681498 0.367188 0.841577 0.000000 4.015556 0.423828
  584 1.815772 -11.826252 0.406250 0.853719 0.000000 3.858144 0.444336
  585 1.666667 -2.301281 0.377930 0.620023 0.000000 3.793801 0.423828
  586 1.785961 13.282591 0.362305 0.796710 0.000000 3.756244 0.455078
  587 3.298113 -7.633752 0.349609 0.534048 0.000000 4.971910 0.360352
  588 3.361547 -6.803449 0.309570 0.841269 0.000000 5.538478 0.341797
  589 1.729663 16.326889 0.383789 0.755817 0.000000 4.937927 0.375977
  590 1.502313 8.825161 0.391602 0.547585 0.000000 3.656304 0.451172
  591 1.240347 5.638267 0.442383 0.721102 0.000000 3.720184 0.446289
  592 1.470217 0.484865 0.383789 0.762906 0.000000 3.523136 0.396484
  593 1.461763 2.912966 0.432617 0.736685 0.000000 3.431259 0.471680
  594 1.278275 6.462327 0.494141 0.802870 0.000000 3.083444 0.506836
  595 1.612452 11.763636 0.397461 0.828111 0.000000 3.502031 0.464844
  596 1.343710 10.740847 0.517578 0.717114 0.000000 3.170705 0.485352
  597 1.135192 21.209326 0.499023 0.870616 0.000000 3.030010 0.528320
  598 1.442221 17.111251 0.399414 0.910598 0.000000 3.091413 0.462891
  599 1.297212 12.289599 0.540039 0.784909 0.000000 2.982263 0.503906
  600 1.459715 23.348865 0.465820 0.643456 0.000000 2.792011 0.517578
  601 1.328281 33.703507 0.444336 0.592272 0.000000 3.382181 0.474609
  602 1.170721 -3.750062 0.402344 0.715675 0.000000 3.221071 0.467773
  603 1.278812 11.686030 0.375977 0.699624 0.000000 3.102698 0.486328
  604 1.556113 4.372477 0.431641 0.722396 0.000000 3.634824 0.406250
  605 1.089870 5.766818 0.402344 0.899270 0.000000 3.557588 0.469727
  606 1.669397 13.048943 0.464844 0.750432 0.000000 3.246718 0.488281
  607 1.386750 15.460598 0.451172 0.774163 0.000000 3.214655 0.507812
  608 1.427153 20.981994 0.429688 0.791098 0.000000 3.048394 0.468750
  609 1.223641 13.820510 0.456055 0.767909 0.000000 3.040386 0.516602
  610 1.250503 3.587995 0.457031 0.705862 0.000000 3.183178 0.502930
  611 1.203517 26.337995 0.465820 0.491074 0.000000 2.893637 0.517578
  612 1.351882 12.019749 0.406250 0.625226 0.000000 3.107221 0.501953
  613 1.257916 24.693005 0.450195 0.924585 0.000000 3.142849 0.472656
  614 1.339068 17.895381 0.454102 0.500544 0.000000 3.136285 0.501953
  615 1.328281 14.186343 0.492188 0.718489 0.000000 3.051038 0.508789
  616 1.664101 17.283411 0.401367 0.705866 0.000000 3.393709 0.462891
  617 2.305878 -1.756793 0.491211 0.893606 0.000000 3.398651 0.495117
  618 2.672195 -6.886782 0.454102 0.507828 0.000000 3.446821 0.501953
  619 2.000000 -13.434399 0.326172 0.511362 0.000000 5.036978 0.346680
  620 1.824829 -2.435814 0.368164 0.791394 0.000000 4.140454 0.405273
  621 1.680697 11.293105 0.341797 0.546754 0.000000 4.337413 0.408203
  622 1.473815 7.365270 0.430664 0.553864 0.000000 3.310796 0.500000
  623 1.556113 -1.096210 0.436523 0.982484 0.000000 3.313645 0.445312
  624 1.104536 -3.110070 0.421875 0.634603 0.000000 3.417671 0.457031
  625 1.480540 -5.291332 0.393555 0.717790 0.000000 3.629770 0.437500
  626 1.621515 2.710217 0.480469 0.618501 0.000000 3.322154 0.480469
  627 1.355213 -1.839609 0.400391 0.767557 0.000000 3.581612 0.447266
  628 1.815772 -2.650866 0.458008 0.658426 0.000000 3.546076 0.477539
  629 1.824829 4.689487 0.376953 0.995384 0.000000 3.858146 0.427734
  630 1.717701 -14.074037 0.387695 0.661478 0.000000 3.519533 0.473633
  631 1.737593 -8.804607 0.391602 0.993402 0.000000 3.811645 0.415039
  632 1.435552 22.823651 0.423828 0.855290 0.000000 3.884967 0.421875
  633 1.548126 -6.999616 0.466797 0.816010 0.000000 3.363717 0.443359
  634 1.641950 11.013574 0.433594 0.749054 0.000000 3.535933 0.445312
  635 1.465865 2.333717 0.338867 0.941418 0.000000 3.641395 0.412109
  636 1.605609 23.291452 0.429688 0.959061 0.000000 3.565324 0.418945
  637 1.473815 1.080407 0.467773 0.884402 0.000000 2.905647 0.513672
  638 1.250000 16.573913 0.474609 0.741599 0.000000 2.950296 0.542969
  639 1.162476 13.559029 0.447266 0.891003 0.000000 2.967284 0.493164
  640 1.188432 26.856669 0.444336 0.667037 0.000000 3.532140 0.479492
  641 1.237656 13.316605 0.491211 0.894572 0.000000 3.110179 0.508789
  642 1.102822 8.840045 0.495117 0.816781 0.000000 3.062588 0.477539
  643 1.457384 13.581779 0.415039 0.586803 0.000000 3.253942 0.477539
  644 1.209995 30.006362 0.473633 0.614456 0.000000 3.239076 0.495117
  645 1.351882 -4.879534 0.418945 0.717024 0.000000 3.465719 0.447266
  646 1.711724 -0.152617 0.412109 0.613391 0.000000 3.670401 0.477539
  647 1.562050 14.981028 0.410156 0.708180 0.000000 3.527371 0.463867
  648 1.498717 -0.220561 0.440430 0.657997 0.000000 3.293667 0.496094
  649 1.338111 16.379410 0.445312 0.638130 0.000000 3.395494 0.474609
  650 1.414214 12.359958 0.444336 0.798027 0.000000 2.994137 0.479492
  651 1.369932 -1.804494 0.441406 0.920512 0.000000 3.338188 0.478516
  652 1.227294 8.160515 0.415039 0.548389 0.000000 3.167421 0.495117
  653 1.225924 14.097945 0.487305 0.658061 0.000000 2.536038 0.559570
  654 1.562050 13.752803 0.493164 0.557211 0.000000 2.960261 0.520508
  655 1.562889 26.166159 0.500977 1.005999 0.000000 3.011217 0.497070
  656 1.638887 3.744310 0.475586 0.642007 0.000000 3.650376 0.476562
  657 1.913992 -3.969937 0.438477 0.733775 0.000000 3.682128 0.450195
  658 1.741490 10.645660 0.436523 0.601974 0.000000 3.672922 0.443359
  659 1.488624 1.880214 0.393555 0.626318 0.000000 3.458822 0.476562
  660 1.840894 9.154941 0.330078 0.683894 0.000000 4.368341 0.392578
  661 1.638887 0.937549 0.392578 0.637664 0.000000 4.057111 0.410156
  662 1.720465 -5.222902 0.444336 0.762712 0.000000 3.798909 0.441406
  663 1.737758 4.202939 0.346680 0.898827 0.000000 4.227283 0.403320
  664 1.907662 4.894383 0.411133 1.195855 0.000000 3.793106 0.417969
  665 1.926535 -1.437673 0.397461 0.697656 0.000000 4.034893 0.438477
  666 1.414214 42.729938 0.493164 0.947239 0.000000 3.453840 0.477539
  667 1.801234 13.860849 0.466797 0.771912 0.000000 3.284019 0.486328
  668 1.355213 -4.287228 0.419922 0.469635 0.000000 3.396055 0.477539
  669 1.386750 19.065209 0.377930 0.751788 0.000000 3.468807 0.474609
  670 1.386750 13.390321 0.449219 0.537729 0.000000 2.977532 0.523438
  671 1.170721 7.600384 0.458008 0.713656 0.000000 3.027881 0.489258
  672 1.356748 21.984549 0.416992 0.822806 0.000000 3.003755 0.483398
  673 1.356748 10.311079 0.453125 0.728574 0.000000 2.960397 0.506836
  674 2.055480 24.695992 0.477539 0.670212 0.000000 2.907038 0.515625
  675 1.395102 4.990898 0.465820 0.836034 0.000000 2.922504 0.499023
  676 1.600000 21.941382 0.462891 0.832890 0.000000 2.892160 0.514648
  677 1.493576 28.500802 0.430664 0.675722 0.000000 3.057949 0.492188
  678 1.808101 -0.346764 0.430664 0.759928 0.000000 3.578957 0.442383
  679 1.699056 2.943008 0.430664 0.923658 0.000000 3.715206 0.444336
  680 2.000000 29.342897 0.423828 0.695865 0.000000 3.131433 0.475586
  681 1.536902 -1.635776 0.395508 0.639842 0.000000 3.868069 0.413086
  682 1.209995 1.150906 0.416992 0.891705 0.000000 3.771375 0.435547
  683 1.547416 2.518945 0.352539 0.681488 0.000000 3.155757 0.467773
  684 1.456022 5.733058 0.422852 0.875736 0.000000 3.278995 0.488281
  685 1.913992 11.413391 0.441406 0.996026 0.000000 3.162934 0.484375
  686 1.621515 2.934420 0.425781 0.713225 0.000000 3.418550 0.458984
  687 1.562050 11.378408 0.475586 0.786333 0.000000 3.185895 0.482422
  688 1.741490 22.724784 0.424805 0.882765 0.000000 3.462481 0.439453
  689 1.256706 -1.301862 0.369141 0.547497 0.000000 3.606125 0.453125
  690 1.257410 2.547306 0.457031 0.767308 0.000000 3.026908 0.496094
  691 1.451398 20.484865 0.424805 0.855071 0.000000 2.913418 0.494141
  692 1.343968 24.894071 0.441406 0.897286 0.000000 2.970684 0.490234
  693 1.500000 20.472433 0.467773 0.688830 0.000000 3.076287 0.513672
  694 1.487410 17.499582 0.454102 0.509627 0.000000 3.003381 0.552734
  695 1.163586 9.449551 0.454102 0.622989 0.000000 2.833417 0.528320
  696 1.453296 -5.999616 0.419922 0.730603 0.000000 3.120406 0.501953
  697 1.828887 -0.313970 0.412109 0.598012 0.000000 3.728573 0.417969
  698 1.571651 4.541344 0.431641 0.799909 0.000000 3.189556 0.463867
  699 1.500000 11.947035 0.508789 0.677198 0.000000 3.005058 0.524414
  700 1.355213 17.226765 0.448242 0.788666 0.000000 3.051943 0.492188
  701 1.382666 -8.302443 0.469727 0.636252 0.000000 3.066507 0.505859
  702 1.255055 1.329923 0.476562 0.627964 0.000000 3.055929 0.482422
  703 1.386750 -10.404881 0.456055 0.488972 0.000000 3.396311 0.484375
  704 1.343640 5.251248 0.406250 0.657592 0.000000 3.796349 0.435547
  705 1.361560 6.531377 0.404297 0.734573 0.000000 3.986044 0.424805
  706 1.738526 14.425161 0.426758 0.741575 0.000000 3.368752 0.450195
  707 1.338111 -4.512005 0.453125 0.816800 0.000000 3.253747 0.467773
  708 1.361560 11.693454 0.447266 0.878126 0.000000 3.240852 0.452148
  709 1.955385 9.046106 0.480469 0.824730 0.000000 3.107757 0.499023
  710 2.012308 5.008494 0.335938 0.535318 0.000000 4.592468 0.403320
  711 1.831876 -0.796319 0.399414 0.578553 0.000000 4.230622 0.409180
  712 1.649242 9.360722 0.416016 0.676259 0.000000 3.935032 0.427734
  713 2.047513 9.591828 0.459961 0.742521 0.000000 3.671905 0.452148
  714 2.027588 -10.726889 0.393555 0.959331 0.000000 4.269805 0.390625
  715 3.013575 1.512117 0.337891 0.581500 0.000000 4.874808 0.363281
  716 3.002603 3.990898 0.382812 0.720974 0.000000 4.471035 0.405273
  717 2.264820 -6.914560 0.383789 0.637890 0.000000 4.797386 0.375000
  718 1.473815 -12.628149 0.412109 0.424709 0.000000 4.670676 0.384766
  719 1.638887 0.835054 0.388672 0.582793 0.000000 3.704890 0.449219
  720 1.581139 3.047383 0.384766 0.778109 0.000000 3.980145 0.413086
  721 1.641950 7.900770 0.420898 0.697167 0.000000 3.639222 0.448242
  722 1.536902 5.767826 0.479492 0.914605 0.000000 3.403915 0.487305
  723 1.363474 8.377542 0.454102 0.671567 0.000000 2.934610 0.501953
  724 1.475127 -14.003411 0.446289 0.697571 0.000000 3.090732 0.496094
  725 1.396082 -6.552617 0.427734 0.749355 0.000000 3.697229 0.437500
  726 1.271162 8.468120 0.361328 0.745476 0.000000 3.896019 0.417969
  727 1.276484 5.036417 0.373047 0.614778 0.000000 3.732890 0.462891
  728 2.100595 -11.787945 0.417969 0.808548 0.000000 3.846282 0.454102
  729 1.922009 -18.790314 0.284180 0.453242 0.000000 5.227668 0.350586
  730 1.910497 -7.259896 0.386719 0.565915 0.000000 4.615107 0.401367
  731 1.602949 14.091828 0.393555 0.801757 0.000000 4.255615 0.387695
  732 1.646434 4.114050 0.406250 0.942266 0.000000 4.345569 0.380859
  733 1.641950 -1.238328 0.354492 0.993872 0.000000 4.168566 0.398438
  734 2.137265 6.834715 0.314453 0.636877 0.000000 4.386537 0.376953
  735 1.473815 -2.236782 0.356445 0.694835 0.000000 4.139442 0.409180
  736 1.264911 20.587104 0.470703 0.532178 0.000000 2.989036 0.525391
  737 1.666667 -5.902790 0.409180 0.896969 0.000000 3.514802 0.472656
  738 2.035791 -3.317770 0.398438 0.683037 0.000000 3.950414 0.427734
  739 1.910497 5.258494 0.385742 0.895877 0.000000 4.482430 0.395508
  740 1.453296 18.653212 0.417969 0.798197 0.000000 3.872066 0.446289
  741 1.086736 25.566159 0.517578 0.619476 0.000000 3.166555 0.516602
  742 1.618477 32.198419 0.454102 0.645103 0.000000 2.905803 0.512695
  743 1.356748 6.547306 0.492188 0.527205 0.000000 2.977675 0.521484
  744 1.475287 23.251248 0.447266 0.945269 0.000000 3.234446 0.481445
  745 1.218227 3.442244 0.541992 0.708154 0.000000 2.907806 0.513672
  746 1.355213 9.694168 0.364258 0.931885 0.000000 3.368670 0.442383
  747 1.328281 12.210277 0.422852 0.647118 0.000000 3.175933 0.486328
  748 1.135292 11.213489 0.500000 0.730973 0.000000 2.996696 0.505859
  749 1.261412 25.091828 0.431641 0.804915 0.000000 3.166595 0.436523
  750 1.187776 5.694383 0.383789 0.745808 0.000000 3.184364 0.472656
  751 1.922009 -23.510727 0.424805 0.718896 0.000000 3.999899 0.414062
  752 2.036257 -9.781570 0.309570 0.787783 0.000000 4.853864 0.362305
  753 1.816306 2.034917 0.409180 0.609476 0.000000 3.666688 0.452148
  754 1.355213 6.387104 0.465820 0.664812 0.000000 3.338021 0.458008
  755 1.233171 6.937549 0.416016 0.734402 0.000000 3.424644 0.453125
  756 1.548126 8.104484 0.452148 0.726769 0.000000 3.088423 0.514648
  757 1.368211 -5.762451 0.393555 0.824329 0.000000 3.395323 0.465820
  758 1.154006 11.381994 0.413086 0.651852 0.000000 3.443815 0.435547
  759 1.636734 -4.721529 0.426758 0.799637 0.000000 3.234971 0.478516
  760 1.461763 9.867782 0.395508 0.556186 0.000000 4.023791 0.402344
  761 1.041367 17.792273 0.411133 0.605392 0.000000 3.683750 0.430664
  762 1.456022 4.714377 0.420898 0.636772 0.000000 3.098756 0.500977
  763 1.617215 1.667050 0.357422 0.874270 0.000000 3.862912 0.432617
  764 1.427153 -5.983128 0.343750 0.533930 0.000000 3.440653 0.493164
  765 1.351882 -5.512853 0.379883 0.675782 0.000000 3.566662 0.448242
  766 1.166667 11.462327 0.417969 0.705162 0.000000 2.961280 0.500977
  767 1.548126 6.692646 0.471680 0.596048 0.000000 3.037570 0.513672
  768 1.706984 -7.665070 0.359375 0.824505 0.000000 3.551064 0.431641
  769 1.409460 14.800384 0.365234 0.759245 0.000000 3.906620 0.413086
  770 1.252025 6.033857 0.441406 0.783244 0.000000 3.406725 0.482422
  771 1.137737 -9.599616 0.397461 0.533066 0.000000 3.500074 0.476562
  772 1.343457 19.997086 0.447266 0.949686 0.000000 3.455145 0.459961
  773 1.617215 19.832826 0.445312 0.741330 0.000000 3.018324 0.497070
  774 1.475127 2.301186 0.396484 0.621337 0.000000 3.544543 0.440430
  775 1.212678 7.697557 0.420898 0.719783 0.000000 3.423827 0.452148
  776 1.396082 4.205796 0.448242 0.600304 0.000000 3.289195 0.456055
  777 1.368211 13.497364 0.425781 0.800807 0.000000 3.002004 0.501953
  778 1.406930 1.415098 0.427734 0.520556 0.000000 3.058181 0.511719
  779 1.584929 -0.698543 0.363281 0.626723 0.000000 3.826422 0.400391
  780 1.273303 14.315327 0.377930 0.681562 0.000000 3.497507 0.460938
  781 1.470217 24.538304 0.493164 0.841108 0.000000 3.281466 0.474609
  782 1.500000 14.948970 0.453125 0.779623 0.000000 3.279602 0.477539
  783 1.531013 36.333717 0.562500 0.849128 0.000000 2.885552 0.546875
  784 1.288602 23.910153 0.431641 0.652915 0.000000 2.957756 0.504883
  785 1.242730 27.879706 0.477539 0.717329 0.000000 2.690621 0.540039
  786 1.161063 23.696691 0.522461 0.718286 0.000000 2.799927 0.551758
  787 1.351882 3.678606 0.415039 0.817154 0.000000 3.122351 0.468750
  788 1.386750 -5.733382 0.393555 0.597358 0.000000 3.429840 0.458984
  789 1.406930 5.334252 0.414062 0.603443 0.000000 3.234050 0.481445
  790 1.328281 -8.964890 0.413086 0.668234 0.000000 3.436018 0.489258
  791 1.457458 31.235422 0.450195 0.693228 0.000000 3.236392 0.439453
  792 1.234662 8.137511 0.473633 0.883837 0.000000 2.986944 0.506836
  793 1.170721 -4.087228 0.418945 0.667189 0.000000 3.001881 0.495117
  794 1.355669 5.980716 0.414062 0.735365 0.000000 3.626035 0.434570
  795 2.224998 10.156251 0.418945 0.752314 0.000000 3.748226 0.440430
  796 1.480540 12.065153 0.425781 0.771548 0.000000 3.738321 0.472656
  797 1.151086 10.223264 0.472656 0.589045 0.000000 3.467442 0.482422
  798 1.646434 2.013574 0.413086 0.728710 0.000000 3.782568 0.461914
  799 1.569334 -1.698814 0.466797 0.828579 0.000000 3.402768 0.467773
  800 1.334474 10.704991 0.422852 0.715757 0.000000 3.546911 0.429688
  801 1.185498 43.156658 0.421875 0.953233 0.000000 3.033750 0.451172
  802 1.368211 24.369011 0.463867 0.884565 0.000000 3.091363 0.495117
  803 1.636734 13.294590 0.494141 0.712060 0.000000 2.860414 0.530273
  804 1.096323 13.954286 0.420898 0.611575 0.000000 3.211569 0.459961
  805 1.355815 -2.246202 0.451172 0.702421 0.000000 3.140664 0.500977
  806 1.457738 17.727656 0.443359 0.482325 0.000000 2.704831 0.524414
  807 1.153986 13.451216 0.433594 0.560536 0.000000 2.998489 0.497070
  808 1.271162 10.232942 0.356445 0.614306 0.000000 3.207452 0.469727
  809 1.236694 11.256198 0.463867 0.602787 0.000000 3.248603 0.498047
  810 1.271162 13.353024 0.431641 0.846385 0.000000 3.077130 0.491211
  811 1.562050 5.921061 0.360352 0.619743 0.000000 3.925812 0.399414
  812 1.473815 3.303210 0.426758 0.790042 0.000000 3.481129 0.435547
  813 1.652122 3.150655 0.461914 0.940695 0.000000 3.222671 0.447266
  814 1.283997 16.565601 0.476562 0.989497 0.000000 3.355221 0.468750
  815 1.162476 17.564882 0.430664 0.784053 0.000000 3.168901 0.481445
  816 1.386750 14.334252 0.455078 0.604087 0.000000 3.262950 0.489258
  817 1.556113 1.919198 0.460938 0.857558 0.000000 3.362259 0.487305
  818 1.585525 9.694383 0.443359 0.825378 0.000000 3.418141 0.444336
  819 1.910497 8.183271 0.449219 0.569678 0.000000 3.971568 0.429688
  820 1.808101 -5.169729 0.418945 0.767524 0.000000 3.686412 0.447266
  821 1.712511 3.483004 0.403320 1.044496 0.000000 3.743895 0.415039
  822 2.357023 -4.318731 0.334961 0.685377 0.000000 4.610064 0.371094
  823 2.627975 -19.021007 0.307617 0.753118 0.000000 5.645926 0.324219
  824 2.385856 18.008380 0.350586 0.724764 0.000000 4.681560 0.386719
  825 2.000000 34.529386 0.383789 0.449803 0.000000 3.793011 0.474609
  826 1.562889 0.917882 0.407227 0.831821 0.000000 4.082552 0.406250
  827 1.757886 22.407972 0.385742 0.708726 0.000000 4.025201 0.409180
  828 1.860521 11.662463 0.448242 0.839662 0.000000 3.460310 0.475586
  829 2.651650 -0.750817 0.432617 0.675748 0.000000 3.978977 0.456055
  830 1.834758 4.993653 0.372070 0.910398 0.000000 4.427598 0.362305
  831 1.680697 14.267050 0.434570 0.629271 0.000000 3.675022 0.465820
  832 1.480466 7.788381 0.390625 0.759509 0.000000 3.524983 0.421875
  833 1.811077 7.631237 0.449219 0.893760 0.000000 3.809848 0.437500
  834 1.267105 17.744145 0.420898 0.581765 0.000000 3.999339 0.432617
  835 1.277204 -4.432682 0.429688 0.798359 0.000000 3.270579 0.474609
  836 1.204159 4.350868 0.480469 0.625152 0.000000 3.086853 0.496094
  837 1.163586 8.308862 0.476562 0.648451 0.000000 3.102603 0.522461
  838 1.435552 9.086136 0.457031 0.912830 0.000000 2.959285 0.520508
  839 1.816306 3.190860 0.445312 0.595371 0.000000 3.293284 0.495117
  840 2.302173 11.067984 0.424805 0.701982 0.000000 3.649219 0.448242
  841 2.127147 30.240233 0.424805 0.853909 0.000000 3.967288 0.415039
  842 1.867619 5.394619 0.303711 0.788082 0.000000 5.121127 0.353516
  843 2.002576 13.589723 0.419922 0.770260 0.000000 4.042312 0.411133
  844 1.680697 2.320553 0.421875 0.843298 0.000000 3.937198 0.410156
  845 2.000000 -8.531880 0.351562 0.804568 0.000000 4.234149 0.395508
  846 1.170783 17.199729 0.380859 0.650478 0.000000 3.781059 0.459961
  847 1.860521 -4.280840 0.434570 0.731079 0.000000 3.931758 0.428711
  848 1.801234 -15.550062 0.363281 0.527846 0.000000 4.360774 0.380859
  849 2.512469 8.634163 0.362305 0.843789 0.000000 4.316400 0.410156
  850 2.382534 -10.953894 0.336914 0.609401 0.000000 5.490786 0.348633
  851 2.761340 0.392772 0.347656 0.703105 0.000000 4.244525 0.410156
  852 1.712511 -5.908172 0.346680 0.533450 0.000000 4.431397 0.395508
  853 1.242730 9.332284 0.440430 0.560047 0.000000 3.456660 0.458008
  854 1.470217 1.562327 0.489258 0.754163 0.000000 2.920390 0.515625
  855 1.459927 -3.019069 0.429688 0.851396 0.000000 3.144378 0.501953
  856 1.737593 18.474715 0.475586 0.513158 0.000000 3.410689 0.483398
  857 1.279681 13.835054 0.375977 0.804718 0.000000 3.701313 0.438477
  858 1.096323 13.714050 0.462891 1.009863 0.000000 3.265580 0.497070
  859 1.276484 22.734995 0.405273 0.838696 0.000000 3.634623 0.422852
  860 1.273303 15.573913 0.436523 0.592419 0.000000 2.949446 0.503906
  861 1.161063 4.797254 0.468750 0.655977 0.000000 2.999931 0.522461
  862 1.459715 23.875993 0.466797 0.783042 0.000000 2.814568 0.528320
  863 1.277204 2.254623 0.467773 0.720984 0.000000 3.410398 0.498047
  864 1.493576 19.896233 0.448242 0.849664 0.000000 3.450898 0.439453
  865 1.500000 2.380509 0.474609 1.079701 0.000000 3.462547 0.468750
  866 1.578410 1.681736 0.363281 0.721781 0.000000 3.838962 0.417969
  867 1.726268 9.107447 0.450195 0.695521 0.000000 3.458433 0.459961
  868 1.343710 5.030063 0.446289 0.856746 0.000000 3.251158 0.491211
  869 1.465865 11.937549 0.482422 0.717991 0.000000 3.289712 0.488281
  870 1.670928 3.789473 0.373047 0.621754 0.000000 3.782799 0.444336
  871 2.015186 -11.202746 0.416992 0.489703 0.000000 3.800363 0.433594
  872 1.815772 15.727656 0.384766 0.701225 0.000000 4.540836 0.386719
  873 1.711724 -5.336782 0.379883 0.851021 0.000000 3.848958 0.442383
  874 1.574367 16.744570 0.332031 0.755924 0.000000 3.642395 0.434570
  875 1.493576 5.278102 0.403320 0.527929 0.000000 3.144917 0.490234
  876 1.427153 26.908758 0.420898 0.729573 0.000000 2.897028 0.503906
  877 1.313064 13.536272 0.482422 0.698003 0.000000 2.942044 0.523438
  878 1.520303 7.303248 0.458984 0.641846 0.000000 2.907409 0.500977
  879 1.456022 20.518848 0.487305 0.615828 0.000000 3.031842 0.490234
  880 1.321069 11.489156 0.419922 0.463172 0.000000 3.072371 0.496094
  881 1.309001 19.719160 0.472656 0.544771 0.000000 2.823173 0.512695
  882 1.138129 3.219662 0.502930 0.727725 0.000000 2.794020 0.553711
  883 1.286876 8.195393 0.387695 0.689145 0.000000 3.409848 0.450195
  884 1.319536 24.674715 0.431641 0.719811 0.000000 3.025565 0.496094
  885 1.480540 17.722334 0.500977 0.668940 0.000000 2.976864 0.525391
  886 1.205842 34.692652 0.440430 0.815853 0.000000 2.986950 0.495117
  887 1.355815 13.011970 0.466797 0.840718 0.000000 2.869435 0.516602
  888 1.151086 10.674715 0.416992 0.674128 0.000000 3.010199 0.472656
  889 1.470217 -0.149407 0.470703 0.853503 0.000000 3.406343 0.508789
  890 1.737593 -12.272344 0.316406 0.458578 0.000000 4.260420 0.416992
  891 1.922009 -11.523975 0.278320 0.945628 0.000000 5.388127 0.316406
  892 1.277204 14.562327 0.398438 0.476865 0.000000 3.544214 0.452148
  893 1.277204 23.256623 0.478516 0.713507 0.000000 3.052069 0.519531
  894 1.556411 21.468120 0.479492 0.682031 0.000000 2.771928 0.518555
  895 1.564609 27.777598 0.458008 0.710142 0.000000 2.947315 0.490234
  896 1.380257 25.694255 0.512695 0.598800 0.000000 2.913564 0.536133
  897 1.351882 1.169347 0.489258 0.838708 0.000000 3.147102 0.479492
  898 1.545455 1.470845 0.447266 0.716407 0.000000 3.037979 0.498047
  899 1.355669 -0.220561 0.487305 0.754706 0.000000 3.244334 0.487305
  900 1.096323 8.368056 0.452148 0.619016 0.000000 3.095031 0.486328
  901 1.201850 3.857527 0.399414 0.724994 0.000000 3.385914 0.461914
  902 1.209995 13.934995 0.409180 0.773262 0.000000 3.322710 0.444336
  903 1.355669 14.740847 0.435547 0.807867 0.000000 2.897619 0.514648
  904 1.050748 4.788797 0.468750 0.712862 0.000000 2.835443 0.529297
  905 1.386750 5.902823 0.460938 0.946871 0.000000 3.153161 0.482422
  906 1.335935 17.555939 0.488281 0.680833 0.000000 2.840407 0.550781
  907 1.896182 22.294590 0.497070 0.608922 0.000000 2.827539 0.545898
  908 1.369932 14.552764 0.479492 0.762261 0.000000 2.746820 0.526367
  909 1.498717 13.891866 0.484375 0.643272 0.000000 2.850692 0.512695
  910 1.564609 20.573913 0.442383 0.765095 0.000000 2.881503 0.507812
  911 1.641950 22.546245 0.410156 0.547685 0.000000 2.992249 0.498047
  912 1.505199 7.107781 0.461914 0.752979 0.000000 3.367820 0.466797
  913 1.355815 -5.747693 0.333008 0.812684 0.000000 4.378185 0.402344
  914 1.154006 15.261708 0.359375 0.571646 0.000000 3.560318 0.447266
  915 1.309012 15.204216 0.445312 0.550895 0.000000 3.194958 0.470703
  916 2.114033 5.152434 0.439453 0.670952 0.000000 3.588810 0.473633
  917 2.404423 -11.018972 0.404297 0.867275 0.000000 3.781157 0.442383
  918 2.144192 -0.998961 0.289062 0.686158 0.000000 4.989878 0.373047
  919 2.444444 15.268723 0.294922 0.761300 0.000000 5.523368 0.331055
  920 2.343891 -9.087228 0.374023 0.729932 0.000000 4.654752 0.381836
  921 2.252370 27.453860 0.431641 0.538061 0.000000 3.981791 0.452148
  922 2.636878 -13.543221 0.349609 0.859003 0.000000 5.254037 0.342773
  923 1.910497 -10.804607 0.327148 0.688428 0.000000 4.808870 0.366211
  924 2.063031 -14.371007 0.403320 0.818734 0.000000 3.635222 0.440430
  925 2.003084 -23.155474 0.323242 0.692175 0.000000 4.944008 0.345703
  926 1.793186 7.522279 0.337891 0.627371 0.000000 4.508647 0.397461
  927 2.137265 -7.434544 0.340820 0.745459 0.000000 4.545829 0.368164
  928 1.815772 -1.925940 0.391602 0.796643 0.000000 4.218585 0.416016
  929 1.643753 9.451216 0.378906 0.851707 0.000000 3.900117 0.435547
  930 1.212678 -2.836913 0.384766 0.705003 0.000000 3.725831 0.428711
  931 1.741490 15.091496 0.439453 0.675478 0.000000 3.248717 0.497070
  932 2.131004 -5.614174 0.407227 0.571500 0.000000 4.306097 0.420898
  933 2.012338 1.200959 0.330078 0.634010 0.000000 5.276426 0.337891
  934 1.802776 -2.341773 0.375000 0.495554 0.000000 4.513243 0.401367
  935 2.029486 14.904322 0.404297 0.628023 0.000000 4.167610 0.414062
  936 2.233306 -8.167324 0.347656 0.680548 0.000000 4.402333 0.384766
  937 1.737593 2.750742 0.377930 0.627744 0.000000 4.186849 0.428711
  938 1.561557 17.412536 0.397461 0.704585 0.000000 4.017157 0.451172
  939 1.301319 1.075606 0.426758 0.579668 0.000000 3.440287 0.449219
  940 1.219756 18.702047 0.413086 0.602125 0.000000 3.099925 0.511719
  941 1.918075 6.345330 0.442383 0.721031 0.000000 3.345456 0.483398
  942 2.035791 16.197879 0.416016 0.636307 0.000000 3.883564 0.451172
  943 1.815772 -2.610632 0.383789 0.965773 0.000000 3.997526 0.392578
  944 2.003084 -2.629633 0.367188 0.534940 0.000000 4.298243 0.415039
  945 1.414214 -12.545184 0.438477 0.816746 0.000000 3.582636 0.464844
  946 1.703229 1.182202 0.358398 0.648928 0.000000 3.766969 0.437500
  947 1.442221 17.840045 0.398438 0.968409 0.000000 3.689810 0.442383
  948 1.096323 15.226854 0.478516 0.756586 0.000000 3.137268 0.509766
  949 1.191945 2.282304 0.475586 0.617348 0.000000 3.061632 0.502930
  950 1.473815 12.699454 0.481445 0.658429 0.000000 3.003877 0.489258
  951 1.547416 -5.860081 0.406250 1.068846 0.000000 3.550012 0.458008
  952 1.638887 5.668328 0.485352 0.769894 0.000000 3.672228 0.471680
  953 2.109502 16.618607 0.476562 0.838915 0.000000 3.825012 0.447266
  954 1.660910 -12.243519 0.447266 0.815500 0.000000 3.994344 0.422852
  955 2.169635 16.788797 0.417969 0.629938 0.000000 3.783654 0.425781
  956 1.902630 -2.030085 0.433594 0.727775 0.000000 4.084869 0.413086
  957 2.036257 -5.784845 0.400391 0.547094 0.000000 3.957519 0.432617
  958 1.748671 18.219492 0.335938 0.621099 0.000000 4.118236 0.410156
  959 1.901916 -15.526059 0.380859 0.637323 0.000000 4.436482 0.386719
  960 1.706984 22.514050 0.438477 0.752487 0.000000 3.333387 0.478516
  961 1.619803 3.721314 0.410156 0.859903 0.000000 3.402353 0.484375
  962 1.520526 9.721468 0.391602 0.631205 0.000000 3.303899 0.450195
  963 1.605609 -8.877165 0.351562 0.526993 0.000000 4.091513 0.415039
  964 1.817348 -1.457029 0.371094 0.765778 0.000000 4.430442 0.367188
  965 1.509231 8.038517 0.382812 0.848109 0.000000 3.824849 0.428711
  966 1.473815 -6.169381 0.415039 0.829798 0.000000 3.571557 0.433594
  967 1.562050 6.841427 0.401367 0.864691 0.000000 3.369766 0.461914
  968 1.459927 2.749136 0.407227 0.733343 0.000000 3.385545 0.463867
  969 1.562889 2.912772 0.304688 0.711734 0.000000 4.243252 0.367188
  970 1.227294 4.637549 0.480469 0.587385 0.000000 3.319443 0.498047
  971 1.601990 13.301186 0.500977 0.652685 0.000000 2.899497 0.531250
  972 1.093561 -2.150386 0.504883 0.832843 0.000000 3.045629 0.503906
  973 1.395102 13.742961 0.517578 0.905618 0.000000 2.942173 0.487305
  974 1.549722 21.863979 0.459961 0.763858 0.000000 2.884290 0.533203
  975 1.427153 7.549938 0.447266 0.602139 0.000000 2.781660 0.501953
  976 1.334474 20.511022 0.434570 0.684558 0.000000 3.332421 0.439453
  977 1.726268 -10.232174 0.410156 0.592355 0.000000 3.880752 0.429688
  978 1.717701 4.133755 0.383789 0.716145 0.000000 3.725663 0.463867
  979 2.063221 18.282327 0.473633 0.989053 0.000000 3.400087 0.474609
  980 1.548126 4.669063 0.421875 0.777851 0.000000 3.840202 0.422852
  981 1.788854 27.341828 0.455078 0.783216 0.000000 3.619101 0.464844
  982 1.301319 14.325965 0.480469 0.657228 0.000000 3.196167 0.494141
  983 1.465865 -9.700885 0.417969 0.633562 0.000000 3.296980 0.485352
  984 1.514456 3.886718 0.400391 0.527359 0.000000 3.820155 0.440430
  985 1.808101 -1.485292 0.427734 0.576005 0.000000 3.346173 0.497070
  986 1.382666 -7.545764 0.373047 0.678790 0.000000 3.761717 0.460938
  987 1.351882 6.006556 0.362305 0.982447 0.000000 3.948140 0.403320
  988 1.400000 23.066718 0.384766 0.723015 0.000000 3.482910 0.483398
  989 1.343640 7.061525 0.487305 0.849489 0.000000 3.407169 0.463867
  990 1.325427 14.425161 0.466797 0.940896 0.000000 3.007881 0.494141
  991 1.234662 5.664822 0.515625 0.662926 0.000000 2.920152 0.528320
  992 1.703229 12.664822 0.401367 0.523672 0.000000 3.564953 0.447266
  993 1.470217 -2.428304 0.493164 0.582029 0.000000 2.996684 0.529297
  994 2.109502 23.001039 0.484375 0.680085 0.000000 2.856373 0.517578
  995 1.646026 21.220170 0.456055 0.495322 0.000000 3.199338 0.491211
  996 1.666667 3.562327 0.435547 0.647512 0.000000 3.518207 0.469727
  997 1.660910 6.604125 0.396484 0.732770 0.000000 3.775555 0.431641
  998 1.373081 6.476025 0.418945 1.034132 0.000000 3.621321 0.407227
  999 1.473815 6.891038 0.387695 0.649087 0.000000 3.658080 0.444336
 1000 1.386750 6.070921 0.438477 0.591041 0.000000 3.443775 0.463867
